Time,Tension,Speed,Vibration,Temperature,Misalignment,Dislodged
0,9.934283060224654,-1.3569894609744435,0.3482862476668184,-9.902859837802033,-0.09437150966028024,0
1,7.218055641259122,-0.11120723340052246,1.2766702465109725,-4.274994900017706,0.35030059753378984,0
2,32.82070384151997,-0.1964279556220042,1.0105718657377616,-0.935675322131222,0.2426838672370541,0
3,60.01261779429447,1.7152174186282316,3.4027965887389153,3.746544878595687,0.40977730775726956,0
4,34.258766736398336,4.381050370874438,2.096697778920996,9.116546331493026,0.6094976643111567,0
5,43.25981472143669,0.93195527826282,3.553170598279154,8.462350549200229,0.4869548119322391,0
6,88.04850364965138,4.956843062150224,2.661107616938324,0.08898637220854066,0.12335424377312582,0
7,79.7704633068273,1.8656339298607387,6.485875166905116,5.118594421383563,0.6397221842351464,1
8,62.34612137125323,2.198928998092737,4.76631852126223,8.347788274225131,0.5887173562585858,0
9,89.18389183446763,5.9868445777987285,7.036122189207287,7.640443049058712,-0.1525332782031736,0
10,74.8787446245404,6.638128142057264,5.349437060647904,8.58699041041159,-0.138098237102374,0
11,79.80614093473841,6.929692162831901,4.490580232448975,2.297764530772108,0.32590307642547806,0
12,98.04315402804332,3.014829917514072,2.7910882084747537,6.121460565658527,-0.17485328594664365,0
13,58.09021364856334,5.119962101216294,1.531156823419901,10.839328348911389,-0.3431728249379139,0
14,64.04661634858536,8.088154056383553,2.1979123246764685,-1.6483459465201236,-0.5210645676167082,0
15,88.503748075586,6.89947128136113,0.634086031026354,17.97923193311625,-0.6949055890038753,0
16,79.70073789746203,5.026175216600299,-1.6311410326232014,8.864932532250542,-0.5369658328791971,0
17,105.45142769715233,8.42943992965381,-2.7945639266424767,20.10854527336641,-0.268022793330724,0
18,79.2242815773953,6.403654578291893,-3.1713059456178465,20.608291686109048,-0.3895178356541937,0
19,66.38393474203562,11.72320474467816,-1.2383222294473657,15.827558255087215,-0.15328595412020918,0
20,120.24271806099925,11.504392772915482,-1.5707345585283372,24.473658743940216,0.2134336806018497,0
21,81.80541065515666,9.882427108651305,-4.152889714759031,24.104009377603173,-0.10768868584706373,0
22,82.20020447571748,11.634087010153902,-4.609067573206292,19.75216589912678,0.21634566188837728,0
23,46.075557493402876,9.257222102851975,-5.304775389996843,20.088607272317496,0.49009859438123526,0
24,56.658663564611416,10.851265848422296,-5.915308392488705,28.575122705395927,0.21025320523125698,0
25,62.065666204592965,12.445286784160013,-3.4194423157084484,25.131346127248474,0.5046105540005305,0
26,28.53026563370036,10.126579217760556,-2.543696884703629,30.067492734027546,0.8737365776125747,1
27,50.25194839029641,9.246859235238023,-4.757241523619221,13.76192921089197,0.41689482933058003,0
28,21.486041217214368,6.445253383530371,-3.239171567786206,27.05173538114148,0.6409687616448982,0
29,18.091057925532663,9.760862858932898,-2.772877197778951,19.514151404746812,0.3032572395991373,0
30,2.077868561398782,11.621796235165167,-1.8173165658596064,28.103181132317953,0.5659766460842763,0
31,41.2036299335078,11.889104497028828,0.7704612413423801,32.620859068594676,-0.26686636601388936,0
32,-6.107358837516687,11.00446616185187,-0.7292155211136535,38.55547279686512,-0.074172152409433,0
33,-36.928787993442874,8.886052094614708,2.0241765085031997,25.96500895648576,-0.5245388859168387,0
34,-9.103211960619387,5.963004966629505,3.1988048629989105,28.811127174413514,-0.49011270705294996,0
35,-59.49519576838243,8.8494292727299,3.142781819992126,31.733219826506872,-0.581211637044874,0
36,-40.07477242939014,9.12978656667405,4.861407146232539,28.0965780912642,-0.5438593764600165,0
37,-92.17701656844486,8.986894095372971,4.641192319595585,38.60719422535354,-0.7349345642410585,0
38,-87.74951007224054,10.700113590829993,6.056728281313545,34.09559952869945,-0.47401217434424026,1
39,-64.83939120101493,13.26094997206837,3.4705114219471707,35.773756076900746,-0.2888984910632811,0
40,-60.91091793088461,9.340032671939003,4.59801597211004,38.968670178846935,-0.5746670855245306,0
41,-78.40034548264168,8.44016010802083,4.631839640547828,36.19873390446775,-0.2586023936887957,0
42,-89.47054288912364,8.113650040480552,1.6007871559700533,33.14446035766364,0.525009950163173,0
43,-97.63866758673127,8.617757441800405,2.586032755792032,37.57702695327151,0.22958464734201628,0
44,-124.73064719630017,6.428376517499103,2.110986710100022,34.25603714738152,-0.06751148348274194,0
45,-112.14989593440387,8.021129086371323,3.008798421032133,39.7062499269566,0.12179904032385297,0
46,-108.5818757825422,8.3586767944308,0.4076062241866292,44.76476960582728,0.5170286837966244,0
47,-78.84988123203178,7.534105655057419,-0.6942018600391883,34.50301355889406,0.5197879020888063,0
48,-92.74409509221482,7.669715673521068,-0.05414812545871528,33.29772340783945,0.365340327934463,0
49,-133.50606436968792,7.245142240042107,-3.4503062920496963,41.771118204196895,0.8615364069490623,1
50,-89.41074807841795,2.440928076546677,-4.79134962189042,38.234551156675295,0.8488896842522892,1
51,-100.28311384109955,6.850577490704972,-3.860965738037065,42.76412746952799,0.14549361459536214,0
52,-101.88390557813449,3.8129840268897346,-5.586839113506624,44.72222896521542,0.2284681993350698,0
53,-70.99321844557272,2.5286270868909067,-6.023556402723686,32.89934297260662,0.08920394357710669,0
54,-56.656458305679706,2.064895146628306,-4.331247358644475,47.54713748254009,-0.02503636530371761,0
55,-51.92843017471522,4.683693141468376,-4.123977194840938,38.71202548829553,-0.4839097355393423,0
56,-79.91101425168486,2.9047316471093407,-4.10702442990446,44.893282356001805,-0.05589367334664486,0
57,-61.25280177678805,-0.48915744454537746,-3.4878659680161457,42.13476312860202,-0.5057519417877032,0
58,-39.83494931330438,3.348568922524387,-2.8730086548287375,43.08037036466687,-0.41193127403029434,0
59,-17.876763940576417,-0.9749897879873841,-5.596215632712543,54.70009031849096,-0.4558825228499302,0
60,-37.52503457679838,1.690842797635094,-2.232452630072708,48.19829190233962,-0.4034308578455898,0
61,-21.929429960485844,1.391644273670476,-2.320754610753694,51.47840983072133,-0.20547340282579385,0
62,-30.435639761870206,2.186960787722995,-1.575445123231983,48.043906743490666,-0.36066394562701554,0
63,-22.242742433178357,3.4792970992622125,0.7285298683143977,50.70458495280055,-0.36901925993132423,0
64,27.905436932933323,-3.3130940860768843,-0.5727463543880569,49.987684825178505,0.12898136920720238,0
65,48.63679938019801,-1.1868990574271827,0.3497265782608847,49.45018999429378,0.12668440747514667,0
66,29.71393391973119,-2.1301275315209214,3.5939403176178395,53.97153455173667,0.5163376043508807,0
67,60.55565001950031,-1.201520344812073,4.189665467273141,49.456754353987314,0.5613203085662766,0
68,56.644055614813574,-2.1240734784010797,4.432541730153995,60.31897298285433,0.502592454010675,0
69,44.94158134671752,-3.740507612557533,3.8385649424973867,53.89533438268018,0.7768913203619352,1
70,72.92657198204718,-4.3896366541179095,5.696866413056476,43.57478301072456,0.4170822834954341,0
71,103.65763534190704,-6.204383383227697,5.6704361556422835,48.549839597671074,0.02708112948594016,0
72,78.65026560271629,-2.4494812681355063,4.913593397793841,51.558305407037665,0.14589639749658856,0
73,116.3365351791366,-3.949458123357939,3.2966348194327457,49.91590234914243,0.27970476147092593,0
74,37.4759074993678,-3.462825013494659,3.516011991147075,53.22840932174284,-0.48051914489548797,0
75,110.23804776497838,-6.336405460374465,4.089272878310027,53.859832854372094,-0.26239452164025,0
76,98.53290856791209,-7.432249846816053,3.7591846670707776,43.13757226978433,-0.2466549711103314,0
77,92.83667637838269,-8.662881503910128,1.189055180352183,56.381679253856426,0.08285478299571658,0
78,101.68955006817055,-6.159826424358423,0.2890952936889491,47.512998684068094,-0.2518062516748032,0
79,60.14275589195935,-9.31146768992159,-0.6212233591634693,47.018359795613215,-0.4687194837756811,0
80,94.54238690558793,-3.870698815146182,-1.1646235744143545,46.983068188547556,-0.3486373357339225,0
81,104.13123251474354,-10.500537706448831,-2.9431772320523546,53.98236920347911,-0.7494283645959319,0
82,123.63093656280758,-7.635450872219105,-6.084718469311335,48.54498057521975,-0.4638927323765051,0
83,79.85177901015638,-5.326127596326893,-2.6989913910243954,46.4834412741383,0.014868281258428276,0
84,69.2900187509643,-7.517578205608264,-2.643146220744974,47.58236432268612,0.06583751559400106,0
85,69.8135703906583,-8.598546157302277,-5.419387319003497,40.60978222804404,0.23727741433056274,0
86,91.74775214145282,-11.09862666141834,-6.051153699126755,45.23366948047764,0.3162404417954919,0
87,72.87194520141189,-12.114064152719902,-5.100397424743385,43.08804119851217,0.41064832085273684,0
88,47.89651521383539,-7.975920521059989,-4.9317263733193935,47.761869204401464,0.49772867694210793,0
89,60.367434308055586,-6.645436124656496,-3.3404923202649464,52.230796691770195,0.2887898345755493,0
90,43.15339951113646,-10.653001157607314,-3.700296792213343,51.461761048575895,0.432402569733265,0
91,51.282736045593,-12.146561600265066,-3.8167869424026035,54.739208931755726,0.164843024011921,0
92,8.247929532477546,-14.853248897432682,-3.491237560917517,53.36902889410551,0.18826927636054885,0
93,5.892199418750805,-11.94207407491387,-0.369234123863431,45.28058057935382,0.4220073119822173,0
94,-5.364620517307376,-10.226546260639088,0.3518330367724125,47.72416671734834,0.0009822606926679495,0
95,-36.7854110088233,-6.7946814080803115,1.8099459264065807,47.15222391326363,0.00729007496276339,0
96,-11.510272581006618,-8.615378703892468,0.7483878933783997,36.22701027065681,-0.2278357396877755,0
97,-21.954957197496633,-9.295294550253626,4.453765725316826,40.544453016561306,-0.4444781424030425,0
98,-36.545643792343625,-10.624765448845586,1.666123593283441,45.42414265365285,-0.6529910454267773,0
99,-50.44533204503507,-10.88536212853012,4.777969708937007,45.00741558838645,-0.5747546721091392,0
100,-82.70952592994526,-6.7779475516154575,2.6551434864412364,48.02649661230992,-0.45738012285032603,0
101,-70.91997134459552,-9.034009604842284,4.088771207136414,47.3578677238106,-0.3331284324538262,0
102,-76.84175908988976,-13.463348207119367,6.559987431161305,35.74297003717031,-0.3397130110043407,1
103,-92.81412636079062,-10.404745710481532,5.75089772756907,46.728351213086356,-0.11677443388924699,0
104,-86.00836114188556,-10.550978620744784,4.097755754899021,44.549585007644644,-0.4111602906598851,0
105,-79.88855886087623,-9.68187295262085,3.6644411498585923,46.27733424066683,0.21531973936257376,0
106,-54.55382413707013,-7.196853101668837,3.656428225365342,47.981352015851755,-0.03830113631566129,0
107,-92.17194537038206,-8.250091322110052,3.3007162583490146,41.40210671789242,0.5126785299350468,0
108,-92.94261519219387,-7.881375689567196,3.1578318409573973,47.797114223834555,0.5168609113364585,0
109,-101.03254364596108,-4.773826782238471,0.49369937436869415,36.558195111603474,0.10555000404754594,0
110,-138.37444496105118,-8.448325435277296,-1.656041609939221,35.696129589118414,0.6473484948906195,0
111,-99.98553632938325,-2.963999520987914,-0.8797134759850511,41.97213456248203,0.6746838373599737,0
112,-96.71316871631116,-7.65528156146538,-2.4452092531155754,37.37195852769509,0.6604588193324019,0
113,-46.137082740503175,-5.738759413084951,-4.160261980296267,39.89579592410113,0.15185791631009343,0
114,-95.78007186209003,-6.069262616781909,-3.3198048649084306,47.90894600826854,0.21085785289243963,0
115,-81.5142706221706,-4.835952507990661,-4.444215774968642,39.252735976355886,0.167633615662204,0
116,-82.97709489097565,-3.7568378039913077,-4.369537369502907,37.67241989583317,0.027209574505528564,0
117,-99.57191914429386,-3.329969698220836,-5.8290219907904275,31.577137760197076,-0.17622695766736973,0
118,-46.49605218741182,-5.24500130954352,-4.50966943035764,26.720639255387074,-0.4584755865137826,0
119,-46.775050569967846,-5.5163775035925475,-6.176090425474294,34.141016101479266,-0.25724458509493314,0
120,-37.83665285918256,2.212188599822163,-5.355623199729703,39.10751026059853,-0.2971254333586546,0
121,-63.15249554935477,-3.2787465621950203,-4.259192864557042,31.41437002865667,-0.5235048531399225,0
122,-7.767042004960718,-0.423200165376977,-1.6027306869303939,34.27906241274539,-0.602113032846643,0
123,-54.36020039242571,-4.54320170957156,-1.754657583404617,38.63401786338752,-0.5039491794199575,0
124,-4.823275668825534,-1.3901194679843174,-0.5559831262558215,37.72629445643739,0.033640583772231836,0
125,37.1769227810795,-0.586190933440454,0.7553182828542793,32.067686643206734,0.09123627716545414,0
126,-16.44842178049992,1.113769144699171,3.9388724984382657,29.967064869490805,0.04635059195224437,0
127,1.9972495499389584,-4.777258366768314,1.3620316744807983,20.704646277419762,0.15528347614977364,0
128,25.14400981190672,1.4977732746615977,3.672603894506802,24.31679860047163,-0.031188985698701877,0
129,22.677930831445316,-0.6390618520862135,4.106810365002137,25.222966337690693,0.4040950421705322,0
130,11.003435061341442,2.7998913032680033,4.8088247557055395,21.513410533902444,0.24367466223120907,0
131,52.23740593335807,0.5639434300514665,6.153645017094637,26.155348435355748,0.5315735328202976,1
132,37.96127719620034,1.404448243282624,4.352112441479014,33.599371666862915,0.7100557406657422,1
133,76.42882483236386,3.039183314141467,4.474538845452812,30.748371209825343,0.20789639123900433,0
134,55.6491043105688,1.9438402669595929,5.296521038039657,23.488131536249593,0.3465975355302371,0
135,111.3771307555129,3.5493718443354667,4.599179870100628,25.26616437181563,0.3666315408261955,0
136,70.25111563892493,2.554381974299459,4.714866161251786,16.81768690682027,0.06440570772938267,0
137,84.15424390673275,1.703135121082663,5.39833054823065,26.86468569826662,-0.2329964271865604,0
138,110.63991129180387,7.82031174874072,2.6437389543756784,10.810118991526862,-0.26321730782067915,0
139,72.5834638108185,3.592763895982383,1.9790508981272334,22.252358070487944,-0.18724162497783772,0
140,103.60993426156962,6.212504211971924,1.5288399450659225,19.227356058794108,-0.40574520197832853,0
141,126.07379396044034,8.444231612285213,0.1430088018966196,12.024601277080567,-0.49756922688234145,0
142,67.6530005804116,6.059802196226679,-2.5406839584956504,13.808133781651932,-0.259914661209492,0
143,102.36987359810742,5.972379124123036,-2.17982745211993,8.223032775049042,-0.3385355215126248,0
144,101.76343353989621,8.389154815826375,-1.8215732628653662,7.47276724404438,-0.5930358044971159,0
145,109.1259629880145,10.46667643556936,-1.8806226701321913,4.007196457579471,-0.10562522559551468,0
146,64.7401029964887,6.165735676112711,-5.149725960835806,14.826750122259405,0.09926718302160581,0
147,58.16555085260781,8.456371471893949,-5.6720554402817775,16.038224083221934,-0.18874764600394972,0
148,89.26403804986958,5.522091768181615,-4.820294865818592,-1.7792259243554849,-0.2509169608956565,0
149,78.22782841586132,8.408629750925327,-7.070504089612584,17.236043329130318,0.12044142775126176,0
150,70.0386410226292,9.448409136823539,-5.385128323451436,6.995959219809162,0.40495182473033625,0
151,64.04865115593823,7.832273379285019,-6.424500761052793,7.513928775915678,0.6860288932156817,0
152,35.03937445381,8.765213052664402,-2.880783929554166,-2.2911648620952887,0.3212596385358848,0
153,44.319131256281274,6.9762242902471,-4.411134993508371,10.67923633883778,0.5812385348043965,0
154,36.173285140543854,10.03583956153299,-1.2357410358896317,4.078936337329828,-0.1795001685950448,0
155,6.359719833252305,12.05737628887806,-0.9066668731569862,7.773164320521021,0.32815963627865885,0
156,48.09085545283936,7.791145714205122,-1.717579999176838,7.183840389543516,0.0777801647741581,0
157,10.272976796829306,8.754577199954422,-1.1515889498465688,6.754004759430693,0.43166352207924924,0
158,-33.01675496682114,10.994505911306085,0.7216328957353514,-4.161719225913704,-0.5147248825180678,0
159,-5.954785964742344,12.378119211221671,1.768854693989107,-2.9597052647277913,-0.27528335826599837,0
160,-48.28396507105296,6.9072028418159555,3.1032803501608544,-5.977217545026578,-0.7637716009867157,0
161,-22.46544964355187,9.470928881372096,2.754303996371493,0.5591306401631511,-0.5715001958306686,0
162,-24.070287059698533,10.265159753089913,4.910192300061102,-3.2479835404367305,-0.8379913013600497,0
163,-72.21887349571215,9.360942885257396,4.896078158402542,-0.5608184745247007,-0.02934077338239932,0
164,-44.54314564990858,4.453721433043552,4.57269423010484,-1.3345993482752023,-0.5086208631069227,0
165,-62.92291569818234,10.228222121010946,4.287518645118313,-16.52358216185697,-0.3886483757788513,0
166,-61.39400465354005,12.060391039744221,4.701827578862607,-2.1192705892736665,-0.23297373507191302,0
167,-45.77831814889572,9.028168477647656,3.762146762626526,-5.101103857904906,-0.3088194669210829,0
168,-93.66446567820788,6.483776974294278,4.147269967515797,-12.67987843529647,0.27810386055498376,0
169,-107.98712456058676,7.249518171691265,3.5210444162436056,-10.058802202196706,0.33852524216865076,0
170,-113.93003778046615,11.524697261546088,2.9071207140764583,-13.395402959255081,0.5187022604560435,0
171,-114.72270620747311,9.49393665039599,3.515999254455165,-10.660955123000322,0.18621559828111509,0
172,-101.2320407924417,8.624024215509792,0.6518982555424775,-16.556897524302762,0.7131709382010797,1
173,-93.15440361096823,7.708399453095432,0.7922576935397247,-13.258081749302972,0.7029535009589022,1
174,-93.7321220604629,5.307418076439875,-0.9709705927932053,-16.262732887739944,0.42081112219604516,0
175,-81.01893556609528,5.846097176230387,-2.3791576493792093,-19.700130901957518,0.5728568286007718,0
176,-94.62441195425426,5.693326457560585,-3.1150765160225604,-17.52136670271356,0.3397681414775466,0
177,-62.18756343597212,6.535633068789771,-3.7903097873926317,-5.865198029642729,-0.16766397364133168,0
178,-92.01335461331725,8.028046353112654,-4.038519335736564,-23.74296825634925,-0.03302365438244257,0
179,-26.91232783435627,6.8080860539377985,-5.692254996643784,-22.47461643048698,-0.2406788850047978,0
180,-62.58537772186749,1.282416140825485,-6.424234650660545,-25.466584162907775,-0.2623106668162293,0
181,-85.27452768387565,4.1086490464262075,-4.3328614437939645,-25.834377669087836,-0.18522943309620696,0
182,-81.90113220185066,4.664510313829315,-3.9184772897875453,-19.822490539840352,-0.7929942963448171,0
183,-42.58141065780945,3.9510530014255982,-3.708384887581504,-21.195456347661906,-0.5872003573215994,0
184,-47.92581791370637,0.9704316142276204,-3.758900549196777,-25.66778288439274,-0.6520828483789842,0
185,-19.968051965119407,7.567113285341059,-2.450466039331709,-21.360324119079113,-0.5891580481925209,0
186,-15.232613682191193,-1.3096248895916207,-1.6798005669249325,-23.367335875992808,-0.5049534965702775,0
187,-16.356480834557335,-1.4192939894367522,-0.6857286485463335,-28.978035135149575,-0.20324869939175458,0
188,-21.889438449204842,0.7149444170567303,-1.3542891090935614,-36.65623359540819,0.030574728351649677,0
189,-25.254675713035816,3.9814124584911017,-0.5933663121920929,-25.6469461506432,0.14504262942048612,0
190,6.057421924954811,-2.423900906026435,1.093273646794656,-29.744571442126087,0.25521601913574377,0
191,41.91139668476543,-1.7806071024615078,2.3836397926486397,-31.266573835461728,0.4656553658813308,0
192,38.61336776459395,0.4113195338015716,2.982562537592074,-34.48017720274402,0.9101078953922868,1
193,18.621760463049554,-2.268952301413306,2.0427031076535895,-29.186078759663665,0.5151854130210025,0
194,55.77019503279358,-3.386813973170033,6.179741977342362,-31.913065355035577,0.7026070486596876,1
195,68.26033456653684,-2.0639261324492963,4.5449309425347035,-35.57244817321018,0.6570695482969268,0
196,50.5192132827909,-3.1197553120600974,5.160491511115979,-41.23458717263483,0.7441766483692367,1
197,78.23184365412563,-2.0643530078973606,6.20229891683376,-30.472632946798146,0.3903924710529142,1
198,82.53154811963054,-1.9924211596224866,2.3850906436133354,-33.47839192618559,-0.025762356416410087,0
199,63.90500410755445,-4.400045161781266,3.802109346516664,-35.90194244748576,0.056106670297998984,0
200,98.45027227972844,-4.856745658137079,3.3384485288169397,-51.123994740966396,-0.10217756186759883,0
201,106.12814589215415,-5.424551276858097,2.652491789075629,-38.67562832378152,-0.12329047294805179,0
202,119.24307664020316,-5.272445375630259,1.9593971785088806,-40.32281387871096,-0.5693512750766576,0
203,120.35268162428878,-6.522674949767052,2.639069157189305,-42.824265913141566,-0.21449780378288386,0
204,72.42590265512511,-6.9999638405800155,0.8769251624765113,-36.5597110363406,-0.4980208781383277,0
205,80.92647862957747,-4.953730062393469,0.16492192460528454,-37.33955538238413,-0.31791846097170817,0
206,108.69137480603482,-4.644625736925739,-1.7109537767731577,-39.296335094606604,-0.36719112488318234,0
207,106.39099146845572,-11.002649633276857,-4.052318934896549,-36.84101560367101,-0.30960651979010967,0
208,103.18047713384499,-8.258222387375397,-5.521750183334358,-47.67516261694794,-0.1625059501624586,0
209,165.77038268232937,-9.925683154103307,-5.6233443338658695,-45.34811529938356,0.0686627250894712,0
210,95.08337406746895,-9.418900532688845,-4.22284203541215,-43.20482730475038,0.47540880896568727,0
211,100.49072898372125,-8.218600680117593,-4.8568150465024695,-47.17031138755584,-0.17785879261658016,0
212,90.19615756046204,-7.888877473043136,-5.209832978850026,-40.888344320581716,0.455402441862078,0
213,76.77008464113985,-9.633063640071768,-5.2800097712583085,-47.58127472491736,0.44694820620939973,0
214,49.42612045895893,-13.39303083214749,-2.615671492913893,-38.9065130085865,0.45434707881758385,0
215,62.343284719284966,-11.630069840359145,-4.981777304119466,-50.4640938462237,0.02497694105510706,0
216,22.668544874742576,-8.016362960264583,-2.5967337309551812,-35.53998968865631,0.5770862785497296,0
217,23.96889299797233,-15.375080469058375,-2.7478069117807147,-36.42655290965001,0.3582790178180937,0
218,9.291396622961704,-7.5795082296997744,-1.9262033672291077,-47.40130857583212,0.10437920597821015,0
219,10.739724407710884,-8.947156737649086,0.27019186926830496,-41.53242335477442,0.14352136279757988,0
220,45.408040404429784,-7.36754990244699,1.5510400082185125,-49.58224399701884,-0.07183362322495941,0
221,-48.20896339424294,-10.382331238522374,0.8403868740562823,-42.81146788130683,-0.5088692879252041,0
222,-7.008438253185956,-14.0683367300857,2.827512102018854,-49.03643818594969,-0.275541568714786,0
223,-62.650778304897734,-9.020274981130985,3.2597115023714083,-54.84313020087778,-0.28376290126473674,0
224,-49.194205627932284,-7.2424710434364865,3.6553208257742065,-66.3200400996532,-0.5805124417857602,0
225,-26.93843930670363,-7.828636364085773,4.458772565327618,-50.2200731136079,-0.4471681734802928,0
226,-55.90696512904713,-10.86557546599696,4.003528551822934,-47.682200111149314,-0.462113519535708,0
227,-86.65112612521108,-9.204937359192527,4.635420927527106,-42.60730694501189,-0.21565195581346658,0
228,-86.65554978962386,-10.258957794206605,4.413865173972399,-49.23743743619958,-0.3485616766933663,0
229,-65.28787361884834,-10.623665506183222,5.749742330988514,-44.547917879025405,-0.04139415782569206,0
230,-99.2293730518598,-6.843744604524582,4.413740622702984,-51.95425791778086,-0.12006295805536522,0
231,-85.18956499032868,-10.897093793393987,2.692046558998116,-51.47315350076949,0.48541879695220924,0
232,-92.60955472137775,-10.015918810850303,2.5880830417680993,-44.598874672261736,0.14571888336560854,0
233,-109.62082237572339,-10.142027565789542,-0.6980045618192432,-62.25477298372131,0.21639919100743574,0
234,-55.81267402555842,-10.600330885788415,1.096789953630259,-49.90885699684962,0.42204432318845464,0
235,-87.1298223515794,-6.993821174586493,0.6555106788232695,-51.995969625984365,0.3457874023942319,0
236,-140.43045094681491,-4.612244750807272,-0.5163195291587416,-43.195495792239804,0.2470138222013437,0
237,-95.31946579432703,-6.936270934450671,0.6170781008159896,-52.62217347560837,0.6032467441619803,0
238,-110.4155738697541,-9.192866723498666,-1.7167212315437925,-47.36041562667024,-0.23470962986722915,0
239,-77.29148147953094,-4.100885534686381,-2.598366493408245,-45.2781774313712,0.12065773578968927,0
240,-106.40825096931638,-1.9943256719344062,-5.484542341188612,-57.271210412444084,-0.1414411015293325,0
241,-88.16542909033093,-6.229756865599163,-4.765230875960443,-50.407627518833074,0.006756193288343183,0
242,-70.22582708978611,-5.453583178781436,-5.271129554926144,-51.75162003597532,-0.6061537856322978,0
243,-56.662754624386906,-3.0131169683246126,-5.763684281200585,-44.72479680557052,-0.19037697184855398,0
244,-90.8969101789177,-0.3385453267981675,-5.772178755535919,-45.92389716402255,-0.27355225985043724,0
245,-65.8257777033314,-4.150861841261725,-6.576886217738982,-50.288640781512534,-0.7999600381436887,0
246,-60.28856526228133,-5.297217475654419,-5.650966099628562,-54.16334674913718,-0.46169140621223587,0
247,-55.002676258797045,-0.8840256410604568,-2.932947178677732,-43.51967901254,-0.37832889505671125,0
248,2.645572195149711,-0.05790560819849544,-3.230108265760491,-48.813298855684344,-0.23219488076862463,0
249,-14.964936373520112,-1.148818512554113,-2.750672318782825,-56.31215091341384,-0.6152149032427118,0
250,-38.452854096478205,-1.7794854928269082,-1.3172856031723519,-55.608115728006545,-0.5158097462053641,0
251,15.083701008010989,1.825058630420679,0.8402123293976163,-45.464814384653494,0.2514969341340064,0
252,49.16393119280051,1.3923024813073133,0.6747716591041066,-53.71971974345804,-0.06417297992338972,0
253,37.29730556473886,-0.7015516588959039,2.181941600188055,-37.71122291191335,0.1350109867362326,0
254,-3.9785471806329795,1.4305098768107827,1.7005248431639193,-51.344780244661536,0.4859151688951427,0
255,26.221153944891803,-0.8774237177379531,2.7325159284701543,-46.29253774317299,0.212165636695789,0
256,70.38228241127138,3.6868791638912297,4.3755393468932455,-45.107963902661815,0.4397051624472491,0
257,39.57882878827186,2.2739514770060505,6.424305748200447,-49.14484124926976,0.6740660474599667,1
258,70.7598907749285,2.4033227266074557,6.290853811037568,-56.27331795120759,0.17005794917077832,1
259,84.9091478938112,3.677136041152716,5.579538054862692,-43.6779084833306,0.2722593946308106,0
260,57.717235616398604,4.282285766926905,5.084571720363145,-47.93893273651895,0.031644503995948536,0
261,81.14279295257217,6.4398138604733335,6.073966647569245,-43.112720958368904,-0.036024970658927444,0
262,22.762761179707653,6.2687957063741955,5.02104127787724,-43.812271085447264,0.2070560484096559,0
263,71.48001163951619,5.197743104968059,1.317674841401904,-41.37208264136815,0.1047896696020797,0
264,90.37714642140661,7.448071446510236,1.7984073203316393,-34.350036489540535,-0.255064140018352,0
265,72.98010067109472,7.117584384565612,2.3177660762671026,-44.344287174830676,-0.30320650673014593,0
266,132.11270346641652,5.842498349393949,-0.7589756635379663,-43.39493560727483,-0.375102265725234,0
267,71.39654672648942,6.809113293273685,-0.8622137447572429,-48.800619336100425,-0.6344390383093392,0
268,90.73422075721624,7.107313121838245,-1.6584666256548033,-40.852284951081685,-0.43157934367263734,0
269,100.69113632023704,8.740985334205018,-2.1706261128782525,-37.21579760806419,-0.6747023714833802,0
270,124.46305862177262,7.303799036072926,-3.081375452484289,-41.0556987656545,-0.5066578951201506,0
271,63.526038668719785,7.54431708569713,-3.851164928966097,-35.91369392455059,-0.20347460081942012,0
272,111.19058120817147,12.529132767432886,-3.3628287684948437,-38.22581327083657,-0.2528537492988673,0
273,82.9374512799296,10.71609723114056,-4.912484157837614,-43.17709123962777,-0.146118229677356,0
274,57.08146224259376,7.538346094234349,-5.305742828530677,-34.41865828510985,0.10544888130355734,0
275,79.16607265077519,10.401706415970668,-6.347947970936616,-36.306176946344685,0.5943586746149624,0
276,66.41890745310855,9.6736568257514,-3.8528074158813297,-33.94754947280953,0.7611706684033692,1
277,42.323229380048595,10.37360383425195,-5.232592158892568,-36.66658622262492,0.4877075520439598,0
278,47.07063891421966,9.99475766307997,-5.150229549896816,-36.36581536460632,0.6109889009983079,0
279,28.858990091026595,12.204638709720571,-3.1902262931666425,-31.545479575044347,0.33800325066616915,0
280,29.360925735811865,10.597314246251596,-3.374696272817622,-32.71633145382672,-0.04653419860726393,0
281,30.587829015010144,9.837856273809741,-2.2341829296085516,-22.160114016657992,0.07103689501757077,0
282,39.14688088134282,12.077475041445213,-0.48214344783907764,-25.993713878896365,0.04891016103933335,0
283,-27.32263996259293,10.465746656479775,-0.06993414897605887,-26.456211772811923,-0.010267289437798297,0
284,30.12710488348207,10.223223685821733,3.5550821689609235,-29.250831603955504,-0.20426086062247326,0
285,-61.41732000912968,10.564456216299856,2.1059952329199265,-37.664394372264425,-0.36955722094824467,0
286,-35.02969808913148,9.6805015960134,3.6490704157259506,-30.732087957670608,-0.52933742972539,0
287,-29.526410794362803,9.79281810005776,1.8191009078794504,-29.079739482793027,-0.40980295503335823,0
288,-44.55909274735676,8.483188587969028,3.4797775549873773,-26.357016087294692,-0.7727687394230556,0
289,-71.01772439384192,8.012320562305716,3.6601056085168038,-24.277721084196347,-0.3163301093712734,0
290,-70.52583342844225,7.351809782281951,4.009983517120057,-19.949734143260393,-0.5281790960686921,0
291,-83.35998049805443,6.3759120277972405,5.399331674807328,-20.974274814921177,0.1050497354286688,0
292,-91.68944300484583,7.188476998635922,5.840101062505502,-15.64494460932027,-0.24134825374305974,0
293,-68.51393613728654,8.36504565316366,4.778367124600651,-22.09285228231329,-0.12830984005121987,0
294,-83.11515110171776,8.663703476320608,3.659533534064801,-18.331696478721884,0.004081519632090566,0
295,-107.96133273950844,7.637624508251661,2.55283499698327,-16.974612102617797,0.16105448215645535,0
296,-79.01857586205352,3.171113693498447,3.467877989938443,-16.53404657760919,0.4922299852624445,0
297,-92.80271790792138,10.714294231937094,3.5022642519385956,-10.414966683224499,0.4448974390733529,0
298,-83.64093811791574,9.401773740900524,0.5857452566410182,-11.860556689865778,0.6928406736693977,0
299,-87.2569262279092,7.765956907216849,0.39176579980303095,-21.52510322218679,0.5861255141528299,0
300,-115.38306262772764,10.317859746677705,-1.1806827557156083,-14.542430405242992,0.4532968236970691,0
301,-107.97323401731991,4.160337554021986,-1.6842448523990314,-13.07774298267238,0.4354172802478207,0
302,-78.82330192756277,9.487218937851882,-4.422728066517918,-1.2820659382329307,0.4816923232356142,0
303,-77.62441894706618,3.364166503703547,-4.434855691909879,-12.715808100145283,0.2337037509535775,0
304,-85.41493646721558,5.341462739120694,-4.082444846728282,-15.001926054487354,0.0092736486425452,0
305,-76.96617627955287,1.8735470354969852,-3.618097905959985,-6.916498066221532,-0.10730767071579678,0
306,-47.282778867390846,3.9967939223948545,-5.808817301301194,-5.638172162638814,-0.5502736392029111,0
307,-77.46310339449536,4.2760063247003215,-6.985113634950183,-7.503691494561346,0.09528319948352298,0
308,-46.82955682117242,2.7218029051879133,-5.213797175883909,-7.245004770181953,-0.3753172315365485,0
309,-53.3779525443554,3.978872314082002,-3.2811268506308204,-0.4055951564444662,-0.3742846249963423,0
310,-44.75738859685091,2.2627037183524807,-5.279799074333964,-8.422460912173921,-0.4798795482438976,0
311,-9.09419146969342,0.528242144312584,-4.130125284865579,-4.861930326673319,-0.8655745887708917,0
312,-4.916927049827827,-0.05609011261025554,-1.9368537365409828,-4.769343571003372,-0.3547773655629338,0
313,4.7034872262890755,2.201135710015341,-1.2648782768349043,4.310311488483968,-0.15521616676671937,0
314,24.516989883076757,-1.2278522217545793,0.4352280534625127,1.268205926774819,-0.18844827962559635,0
315,8.817522401829864,1.4105624137814659,-0.3919482589315446,-4.484275462388866,-0.04153328497420607,0
316,31.94263232395808,1.5263550833870454,1.4744571187020459,-2.982213095022499,0.19443904639028264,0
317,21.821481845033176,-4.753024009443416,3.8855405032060917,12.206282233414658,0.530677755447978,0
318,43.95335341471504,0.3572669608601755,2.281122327135912,9.253047455161145,0.7079852009377492,1
319,43.93598654814217,1.7240405247188262,5.596096081528877,9.04092748918826,0.530681644554297,0
320,57.08258742402342,-2.3750256442467963,3.5327132050952654,5.888694947391394,0.3783181275369849,0
321,75.09866180942677,-2.1558970069959686,5.747065499962658,14.361779697681929,0.37069130187470395,0
322,54.252532053363986,-1.746703523101774,4.627023941514907,2.2916151472693027,0.37486245121810285,0
323,119.18053447033171,-4.828777800812489,3.7580392012386783,12.559578866746651,0.2786419853609991,0
324,63.15560090078394,-4.359659416908922,4.113548375834663,7.560958222399394,0.18111304509904114,0
325,64.10327009882843,-7.787217527427312,4.679072585629511,9.511532806114628,-0.14307308872924496,0
326,115.77721953805421,-5.303252655806891,3.4861701257998288,15.359317121565976,-0.09373425432781116,0
327,111.75083717456675,-4.992054565763288,3.831118406578131,11.982262655093617,-0.23610740088403576,0
328,110.74418407745719,-5.348740777626563,3.2598691753260276,11.491150451544373,-0.5026013249643695,0
329,112.19110306077195,-4.627056298848107,-0.3201437030887597,12.147995381053859,-0.8270715162911584,0
330,99.74625055378843,-8.66745777996229,-1.3890249150301788,5.645339448113312,-0.6765907533995648,0
331,81.41401283832286,-8.52522368803336,-2.4278997224699808,20.340140206643824,-0.15788637181386295,0
332,99.25034240310039,-3.9925060933602743,-2.9678775336116163,12.431416252342819,-0.7398125318682983,0
333,81.58963964843582,-8.388233395142928,-1.8275706046444236,27.690072556915624,-0.03145763226406262,0
334,111.08335495743692,-7.971350205572812,-3.117645841528662,17.886062726919004,-0.5081940438713224,0
335,84.17285238687487,-8.768354811529498,-4.822627467799043,26.789695018059703,-0.170110028809532,0
336,65.26668151679395,-10.519031988425091,-4.717760179118984,12.107614693736437,0.05795688064552004,0
337,69.19444904554643,-5.847762968287639,-3.5437701916133086,25.71199796355311,0.625870334026668,0
338,76.9707437059864,-10.346642951184908,-3.0842187906084333,27.89035298144357,0.38707938082882193,0
339,49.84102357018011,-11.719006650495949,-4.577974811034606,30.34920522826714,0.4173858208447455,0
340,36.46386070067376,-10.515455473401072,-7.148919587493855,17.06547369299734,0.3103441890338019,0
341,49.046124896760624,-13.742896307524475,-3.6656428523833826,22.056472934362976,0.5945996704985311,0
342,39.894468317840676,-11.143224980782797,-2.3434838500549144,29.30678676092694,0.3366691033714311,0
343,15.329369776980226,-11.853476493048548,-2.2382089322258194,28.010048426235645,0.3031837542863459,0
344,6.266093392474543,-8.734143398561313,-0.8227498892167695,29.567331507856323,0.1559116233182577,0
345,10.389746557645182,-11.342693192711916,-0.216858694455552,27.120555190363344,0.22982368167356493,0
346,-33.20849030164163,-8.222136439572413,-0.8103482058566363,37.48586780939489,0.08880864350742673,0
347,-42.349197584931275,-7.177666767677165,0.5193646679227115,43.57219613674802,-0.3853500469430276,0
348,-38.38004422042686,-8.36424313213113,2.009719843805767,31.835551136128238,-0.4579324090225926,0
349,-37.851428955951135,-10.284518118475354,4.228631226442589,34.35601452127294,-0.5731654762288345,0
350,-36.60011563765501,-9.47403106127039,3.103569339468825,33.13054866405354,-0.4485972342179257,0
351,-22.119097669001654,-12.684362879721379,4.87733010394007,40.01687927938029,-0.3178590486955693,0
352,-42.76515245738614,-9.756003724223719,5.100825767038114,38.47603785666598,-0.42920345907077717,0
353,-70.81055413804549,-11.039657724101552,6.567789579157491,29.71866600859572,-0.8341515959936724,1
354,-75.00999172254541,-7.737171735613247,4.925771311671692,32.693151475494666,-0.13618148174094105,0
355,-100.95246391394683,-3.764553620759586,3.000514847995614,31.401968041264393,-0.42430237041102326,0
356,-86.73600358914341,-7.672378522908193,5.000388168645702,50.599775250767635,-0.15012295301282927,0
357,-96.73983996175559,-12.394589950186933,5.9162563403310635,40.96458432076306,0.18067269750564202,0
358,-88.20431342173448,-8.854031502443611,3.764642942313614,35.45684137903888,0.25967665505877585,0
359,-113.9495226578791,-7.585526037252078,1.416972516198838,35.6893858166583,0.5617734716823486,0
360,-88.79095505948813,-7.335157617196234,0.1871709346312167,43.709549557292206,0.34125872624910697,0
361,-69.30513599522874,-8.632092528546725,-0.6699649963332024,44.80836828525633,0.30487434890093745,0
362,-101.91837971450194,-6.322554170281129,1.2889202710023864,44.858567476980696,0.42615394955554914,0
363,-90.49560394214144,-8.923781411694168,-2.0106339573820784,39.30815682624317,0.6305370643784183,0
364,-82.52914261315384,-7.938145669432975,-3.247756699323245,43.51650272451988,0.46884932156908077,0
365,-101.19609822318728,-4.351163756411129,-3.5422964285637715,43.07640651959514,0.23749434594518162,0
366,-84.5985647714778,-7.2544123580269675,-4.36460950076512,38.358067532752955,0.34274965076366876,0
367,-83.84722995957425,-3.713934547321446,-2.9825256365909185,38.90722337017445,0.15709259352493687,0
368,-76.32392938408836,-7.084583770031052,-5.885725873548804,46.082425700367395,-0.05719716982505044,0
369,-87.13389799317507,-0.3604410381706824,-3.817476236127748,45.47015532273627,-0.5743095369366124,0
370,-63.8636098505211,-4.973346029504235,-4.8036392058901525,47.7021633447924,-0.2756279168437299,0
371,-46.43095650011726,-3.398292475387826,-3.449943260486231,49.32005129432779,-0.5276964226088563,0
372,-18.841719702940665,-1.8085100951853972,-2.6199305127845323,53.273235154042126,-0.577640330548299,0
373,-19.674597691029543,-3.113040752624219,-3.4957893163037754,42.28987613319571,-0.6020454377585427,0
374,13.596489000205366,-1.203178335999379,-3.13094125100475,49.69518793598259,-0.4251772474880588,0
375,-35.126831221407215,0.1567979800517696,-1.872729345182049,50.645992921380376,-0.4063714455633146,0
376,7.551446979384609,1.4258700562232964,-1.0794112342535507,45.67657929828049,-0.11253598726816504,0
377,3.755655795338794,1.5874356564123764,-1.6480848911845432,48.164885538201794,-0.03325639839502763,0
378,53.867768363604206,0.16060595046279968,2.5545299851904844,46.4220935025405,0.19314000892385244,0
379,3.7880048167757074,0.7094891189837049,2.2010541197814337,58.67801355201438,0.3940740821480145,0
380,12.84242102732301,6.196989212679589,1.6674389994398473,48.92024705377986,0.3336171600362921,0
381,27.035770621914175,3.8908235129905666,1.525439321247263,50.89507336330765,0.3190419883949832,0
382,5.542563557629755,0.6346947671891707,1.88454778320492,47.5397361827051,0.09755943517671906,0
383,46.02242738008765,3.159420546194348,5.433886818177608,46.66405147196415,0.6407501440074088,0
384,49.30702006341332,2.762863010642602,4.3097728822376595,42.73515339506966,0.44668363082526424,0
385,74.80533500668857,3.6276048046175666,4.5427001247985235,54.907754817476686,0.3015127345101901,0
386,85.22298829537247,1.8946632883127563,5.3553668269295995,53.39408146519749,0.44686802261526676,0
387,121.71846939354822,3.9743055995518155,4.026735770291017,48.17007394347186,-0.18846338658700396,0
388,108.16946406786539,8.85376919796482,4.583773246886704,45.27749927767303,-0.06894016864794564,0
389,81.6979817733711,6.808241916526176,3.466025429040394,50.76277297661401,-0.4152658562133914,0
390,78.41124520144163,1.0730758808930903,2.4857626967884396,47.43868323724541,-0.2136477996324513,0
391,108.39841330919342,8.879019721460462,0.09381929408306577,48.86092114856579,-0.8816677371529196,0
392,73.35107775036766,8.998895246499679,-0.12292511159263086,43.67731320438434,-0.328241020606434,0
393,136.58390282147624,6.458083517381482,0.30179868942200994,51.08444238773293,-0.34543192983799365,0
394,122.74380093583974,8.950261241087937,-1.96831198979076,51.168093080382455,-0.6470046298814209,0
395,87.98103252740371,6.1172303381491515,-1.015193787753051,55.42068151318702,-0.3722673711163717,0
396,60.338567680873254,7.196225942538339,-0.7199083350410471,49.13737110949068,-0.45453442932708094,0
397,117.97019393764964,11.414201105791491,-3.133426583883999,48.147322660924104,-0.0529087897397225,0
398,83.98526746351516,8.132980926677275,-2.869394378650017,41.9354614208209,0.17378478742053877,0
399,105.55366660616733,5.174623720558701,-4.040005221424478,55.10831415429804,-0.0439598723661693,0
400,42.622762872047545,9.002846061713603,-5.503705292289064,53.93202791395389,0.03095586073079315,0
401,55.493298830311225,9.164822307513937,-4.77988639353125,49.45622095151819,0.6169304196111428,0
402,59.880910684889145,11.887982675225865,-2.7787734989959305,42.49126553114123,0.8576942411695887,1
403,52.413623567678044,9.665441653070685,-4.936658891278141,42.87002339449666,0.5982311929783614,0
404,33.6563659548718,8.915040554789178,-4.897506575167988,45.9927902414003,0.5983070239567767,0
405,45.87211633179203,11.945363406113607,-4.283634394487539,53.32061908658763,0.36019800752663983,0
406,2.4862785872373188,10.169244523361291,-2.532671817262062,49.692952225862726,0.36649166717510473,0
407,11.176478682281292,8.475217648017109,-2.3920195611614457,40.50195575023433,0.27498892968246724,0
408,6.475238369223753,12.307924122509927,1.2674239217433572,49.69809205552982,0.02439052758352763,0
409,4.362700410835638,10.382928905055643,0.8079226754476111,43.170520197252216,0.18149718874411463,0
410,-1.629969318693103,9.97414987614687,2.5378702219259286,44.42546670142793,-0.19460279413789644,0
411,-48.13280880005919,10.27189173890949,2.1796190773697726,51.54667865349106,-0.28976766844355384,0
412,-65.84376438639407,7.697730203352967,2.1514264449191343,50.14829519374246,-0.4728724550978559,0
413,-18.77813664706254,8.682158840651011,2.6643422246533612,51.40053268061335,-0.5027931219764967,0
414,-46.412637535429134,9.618692448686723,3.5894366340681696,45.415250761865465,-0.25339360793286947,0
415,-76.22574602867806,9.072236894459348,5.189347799527638,49.5237144771456,-0.4299572031213554,0
416,-37.818023453316584,11.832809106405595,5.513070990457051,41.737540864292306,-0.3462686793146264,0
417,-73.4247807988259,9.525937058710246,5.548687233952117,42.92215631206917,-0.23072088031287974,0
418,-58.292788531408235,10.581383132196299,3.2119604531309047,42.10260026012431,-0.20323270646014996,0
419,-85.85071608572554,8.648641611752232,4.267966517570755,43.35997882688356,-0.2634450586530171,0
420,-50.437196293923634,10.479133352852806,2.6398897694740686,36.29748997285363,0.4795102422592141,0
421,-60.08064898583238,8.87740534752181,3.318843543121023,41.077121149013394,0.510768134745089,0
422,-102.75097815358357,7.804782588787848,2.5315739685846492,48.91575213686199,0.6524920905563107,0
423,-79.94760305496754,7.427526420356978,-0.06638337128477212,35.63348235402294,0.2577831087576057,0
424,-87.08586763417742,5.202734976477873,1.0830277007417717,33.87173638599258,0.7886864753345888,1
425,-72.23601916131241,7.765187973200632,1.458444841785309,33.680913992863374,0.8758551943162336,1
426,-117.52712650196554,6.293816492429631,-1.0058206588036995,52.62369647721967,0.6311255381933035,0
427,-82.14616679523049,4.97717922444331,-2.8903875705880346,41.012977551352506,0.6536951664986407,0
428,-71.37937163014104,7.786074076800727,-3.822257416905695,36.6962341442318,0.35671640564372603,0
429,-123.47860882900383,2.6507758998605975,-4.353172214915468,37.73278803278517,-0.11676936281564584,0
430,-106.84264451617534,3.8713982400770934,-5.37802608179731,37.85805188993975,0.004789678067207467,0
431,-118.00469115236274,6.3252210889638505,-4.65400115944359,32.83158648865394,-0.44145288890462975,0
432,-75.87920043031596,4.443550798389908,-6.13836642863758,32.747321043248384,-0.47630199267844586,0
433,-48.706911362113004,3.2499791096113095,-6.783775707577308,33.830424654467876,-0.38113958736297365,0
434,-24.94725591411361,3.372533599577544,-4.373538880108503,30.2666533284398,-0.4558639450527685,0
435,-44.89965598998723,2.74700958239351,-4.0878561173782915,31.16378846900316,-0.4035517219939249,0
436,-4.732966197436376,-1.1334583346174654,-4.032391402071738,34.15869318262761,-0.8141626632124505,0
437,-55.458289786252855,0.708279827453599,-3.9580622365957865,26.639286327527813,-0.40546018360528335,0
438,-52.196562374071874,4.143267471025941,-1.4931074309970631,43.8939666607915,-0.1502175971526103,0
439,-9.331382417976007,-0.9072786300763864,-1.8094356788934256,33.816832664335514,0.027479306110283,0
440,9.451501489327503,-0.7251151211127068,0.03804716280296888,22.895435952024826,0.18929638968968268,0
441,11.089231320827711,-1.6714161152689042,2.93115942866516,16.039454179850424,0.2231597683871851,0
442,-19.750115381975125,-1.2603964008770723,2.760081186505353,24.16319617078775,0.22798424172903042,0
443,29.456118827893985,-2.7480876333625117,1.5983877511382296,30.183216798602047,0.5079040582105379,0
444,14.476797645437173,-1.0998812017515023,2.432992164762725,28.363759768299285,0.41503749084731906,0
445,62.88198273186358,-2.1650772861127976,4.452166121806025,24.49680027115117,0.6801330650501163,0
446,65.24836772636405,-1.4925508578964342,3.3460883747716057,21.173442960904573,0.5656685276942771,0
447,46.967996574839844,-5.613872865702335,2.952517923536715,18.779938900683906,0.4052522015344184,0
448,62.68033539255197,-4.656237796980168,5.5219397134790045,20.39830099148171,0.16388463786710988,0
449,58.23651578000329,-4.8806315706805155,5.146909435119812,16.450972866550423,0.4132880447201276,0
450,83.8367705079484,-3.9604513044279055,4.920581649281922,18.611535481045582,0.15599423232037277,0
451,109.01257042448297,-6.8885695105123474,4.198824007983801,26.345488372638492,0.3156228090374881,0
452,74.11622640664456,-3.8879489425789497,3.179376142257227,14.911468097776055,-0.13950598473561793,0
453,106.895175151576,-3.7492596422112747,1.7620409083519772,20.89150009317637,-0.2406823965700407,0
454,88.22525404971498,-8.487367751933663,2.023260645902162,20.716504727084395,-0.7412396214520791,0
455,84.00163059593017,-7.862630412370101,2.059821047160935,10.556911524788026,-0.4315739581946725,0
456,97.74940187541095,-8.298810577026634,-0.9696065078990946,10.787209445456647,-0.5583633151583622,0
457,78.21801650801423,-2.3061544879336786,-2.4687600369828706,19.391935276499037,-0.28693601044172046,0
458,85.89432618424826,-8.747783070169959,-3.5050535915020418,8.45592846667964,-0.3020546968764331,0
459,70.08533844292339,-4.830072088740103,-4.0640969540592415,11.829616767242172,-0.05574514730396654,0
460,129.4733374232087,-10.995468031964926,-3.69473182360295,21.344414815854925,0.31249289304195854,0
461,86.11900716668465,-10.69723593970608,-6.581547276745333,15.066649532344599,-0.12473932251002305,0
462,65.80070151241138,-10.32508274189322,-4.3702533321954675,9.61256618800698,0.3701132455866415,0
463,77.65899805372136,-10.854816949759524,-4.341278241605204,12.405318041188945,0.44718154369323176,0
464,63.98384430480716,-9.887896620262401,-6.760293263585205,6.934025424452773,0.8082801174138416,1
465,54.0002664506641,-10.93494100506653,-5.7205911426273355,11.313880341370455,0.6186159694355176,0
466,62.3085356687272,-11.297564727829851,-4.2519004467362675,-5.002009662550592,0.6202818883795168,0
467,56.28106381640282,-7.459292318543582,-3.89253539473584,3.537492173861345,0.648087715786726,0
468,21.2156281580376,-7.421568336180163,-2.497449016832573,-7.195066188085816,0.5971673622985241,0
469,10.686036406413942,-8.03881410497597,-2.3059624100932354,3.0449258649961584,0.602020851472211,0
470,6.85627833148952,-8.932822368625308,0.03850959943669352,0.05788178130439503,0.017709976809332034,0
471,-43.64967014443781,-9.813800473513458,-0.5599765515272858,7.042546362718075,-0.042663719418453844,0
472,-37.9074948498064,-10.986821302698095,-0.22486687677871597,2.7980642736667494,0.23388134554890416,0
473,9.81735838017508,-11.867571551495523,0.6614718158320851,-4.391176286969791,-0.6437891177536621,0
474,5.637829255717616,-9.178863802106186,3.3583628983031426,-4.79078014045805,-0.38534769782350836,0
475,-41.7112557045467,-12.170957681377828,3.445929715637521,-1.8540733719415625,-0.4219373320400202,0
476,-34.30140618806126,-11.70582631578942,4.707241217017485,-7.616713179084412,-0.5303168307303233,0
477,-48.251609250160385,-7.282155606068286,5.181465958525067,-5.91022684076654,-0.1776189528139956,0
478,-0.9987507608431585,-5.63271673410137,2.861186312054935,-0.1570260102754295,-0.3533846597720242,0
479,-47.6593809168059,-8.469877116376294,3.8590547604272207,-11.87562455784684,-0.4407290737217463,0
480,-79.38381796198202,-6.84286931547695,3.8973136866679043,-10.954710890930961,-0.3723926591486777,0
481,-101.94324726877306,-9.32416173942195,3.824613206801776,-11.236379789941532,-0.049459477108518696,0
482,-120.14070284201765,-11.262418398274662,3.758051573592835,5.112149624591183,0.2765054144787683,0
483,-88.2424571222915,-7.095868507421811,4.548706102278076,-8.611732492814884,0.21626626431213875,0
484,-110.81634985773505,-6.893978620399399,3.977678850849168,-6.962671386173692,0.29012490576658095,0
485,-126.55591805226318,-7.581488471567217,1.6051478649346116,-9.747402761155287,0.2780590980371216,0
486,-112.48351933270207,-7.882536766989157,0.6899312173174683,-10.370645198398044,0.5547707512750153,0
487,-121.62954821523235,-5.127834353133414,-0.7585714173194655,-13.133511197594709,0.5636505721026832,0
488,-65.70312909900018,-8.660564270635165,-0.9561813357833516,-14.622596895020896,0.33040840266373817,0
489,-80.26690914112382,-7.856782793151689,-1.7934039255538379,-24.643650820877433,0.6133981432444456,0
490,-95.53471810227953,-7.9297883121721,-2.060433804949849,-16.534633680881722,0.6457306727924021,0
491,-62.29898537021469,-5.333202178144284,-2.8251605565083207,-19.79237400035392,0.18352666311618882,0
492,-85.9548917459923,-7.254751928124738,-6.537945787634551,-17.442371094191003,0.0878411350476679,0
493,-99.458038039914,-6.010573295741535,-4.831732053347763,-21.434883418371843,-0.34233555665303095,0
494,-45.67833008346048,-5.605120285186677,-3.5519020200897833,-18.167266144297542,-0.11183325443532935,0
495,-58.510294549676395,-4.2558642125090635,-5.434149098236685,-18.177131833020166,-0.2811989226201008,0
496,-82.48879456187531,-6.241100153855176,-3.7176483560228357,-38.322151479967815,-0.520605946046133,0
497,-57.38909673502366,-2.6154808131089977,-4.8305690934021355,-26.805867891812802,-0.6447566478066307,0
498,-62.397763077864965,0.1881502420554333,-3.836058665143997,-34.78853654162835,-0.12290579253858991,0
499,-63.39598740649719,-1.5462756352622202,-4.4748324639399755,-25.16187714939433,-0.36824109342498856,0
500,-7.713934419760047,1.759124788624911,-3.631076763115309,-28.704597433738492,-0.5409724739907283,0
501,21.71551113668939,1.841527854172023,-0.8992870663843803,-21.25548875385777,-0.06704353931793486,0
502,-34.51491846245352,1.228116301187256,0.22886400549205388,-27.820769881456172,-0.05166167380794312,0
503,14.710453592692401,0.32195083023940346,0.3713302218469314,-32.095462743927406,0.06346229534241458,0
504,0.39837138212988066,0.7170815017456639,0.10148253630731352,-25.77390810395012,0.3920554914891473,0
505,13.494868490254532,2.6975019984701603,2.3039334924989676,-32.84454473378132,-0.1990872097609509,0
506,20.98347090036296,0.8814588163635275,4.358381845087433,-34.51778586930893,0.06028465954500578,0
507,24.817467220680793,-1.6095050190127145,5.561398362939665,-30.8211259696234,0.7580949581860499,1
508,51.913026269940076,3.624893322050648,4.066976152541499,-25.47273578209449,0.4739473568825746,0
509,42.65990092261109,0.8574958462091216,3.1142047756405424,-30.004758289621122,0.387218339293511,0
510,72.43205409993425,1.6663010838409136,5.81449755634681,-32.159079553269805,0.13564889272120823,0
511,73.09249889118922,4.053007281445117,4.699929167160844,-21.946211233750773,0.33658097402752807,0
512,75.65228829926322,4.314156187646954,5.722318089786384,-40.05594369928429,0.22927050016119732,0
513,67.81032169684302,2.1208426184153666,4.67320014787384,-40.845865246163555,0.30717835454959996,0
514,79.09761418590001,5.704204938331029,2.946434011602113,-37.00798278708634,-0.05499804307218853,0
515,109.50673578902706,7.7202988545996,3.173187517871125,-30.809158567655555,-0.32698446727184227,0
516,107.2399227829415,3.931667080668827,3.5841636102073293,-43.725827464134596,-0.29842458312159575,0
517,79.52173601193381,9.118179918498296,1.196823369464357,-30.862035250520698,-0.23689430877964404,0
518,101.92084581671558,3.8213050322625572,-0.672335559538674,-47.432157910215295,-0.3187976479993445,0
519,114.82479148616386,11.527377895419422,-2.224132838483631,-41.42818885991151,-0.36660494432015983,0
520,65.2746535816211,6.80306364382906,-2.3802767026773064,-40.523995125939436,-0.38597593954488,0
521,107.40986756057288,8.230613406633996,-2.9267612721298546,-46.357151906344505,-0.4677745617490625,0
522,80.20547065992453,4.449262862409476,-2.5048089714942825,-45.586055982204186,-0.4372864289832725,0
523,100.85140043483979,8.382429431659727,-5.1212908650720355,-39.01563220638098,-0.3275353021699836,0
524,69.26207596579198,9.215775153545295,-2.9628382190203464,-36.29270739548747,0.1388316966647371,0
525,42.67288068512141,8.816703357925684,-6.189828628528615,-54.55783981106361,0.3037039249065948,0
526,39.675888517788046,8.070614292515451,-2.663815742800824,-43.55031463308339,0.5486912870936933,0
527,65.9229851018472,7.488409138532129,-3.213261775684213,-45.46696963431003,0.538496474204113,0
528,62.24121339816686,11.803904184001603,-4.544198993499962,-44.79441232258014,0.694577387178262,0
529,30.475915654389087,9.741925826720484,-5.892852961397893,-47.328063510020044,0.47327647880353296,0
530,52.3643641937309,12.875081184072716,-3.6911365623866845,-52.59120592842197,0.6239283585438381,0
531,-3.003214688006512,8.829397755082331,-3.268162147929823,-38.80337124586172,0.19787757464108852,0
532,19.238242067313788,9.076858352033948,-3.2863479192250598,-41.075687877611166,0.27897882776899485,0
533,-13.533261577620987,11.616860562739813,-0.7715760646257408,-47.731013237537354,-0.20843239398198127,0
534,-12.3292169560508,6.753987504563078,-0.8943918790759443,-49.97248098176322,0.01692880091832266,0
535,-8.331147749402588,7.562281427582396,0.20900287575375587,-50.87895395853882,0.1073683826216058,0
536,-36.381300945615635,12.148480991821918,1.678054235039093,-61.04172076911748,-0.2594571601238839,0
537,-36.56648637437085,7.54906749796211,2.1896294363539006,-46.60681336321483,-0.24061379062099036,0
538,-18.16334794835956,6.1695304468464265,5.6152868609948365,-44.717405155403576,-0.40743223648977034,0
539,-58.858297095020085,13.434870001163352,3.6329933689467215,-48.1531749360621,-0.6119696595261062,0
540,-39.165062643858796,6.77612398829662,5.074973538483401,-49.47849367632334,-0.5265547374669375,0
541,-86.47316361241674,9.774037322228658,5.060252899111553,-48.564401876952715,-0.20092792718226415,0
542,-60.644806477679744,9.362498554679402,5.352183719977829,-53.66226536787566,-0.2021458314610384,0
543,-49.059565715416156,3.3985451631673955,5.313913349337909,-52.0389698500623,-0.3467548625461298,0
544,-133.19561571724893,8.258096570171608,5.456835327711494,-50.49810128654947,-0.35854409101966567,0
545,-104.73548894317588,9.440508688193443,4.350159108800227,-46.288429791494394,0.10974539111358932,0
546,-81.40376330413079,8.981897768991507,3.6540432684128197,-42.9629892573227,0.09531813480230027,0
547,-100.22505780934631,9.789238301404882,2.6963496938706637,-51.06854654944779,0.30061511932401197,0
548,-90.9993364617627,6.89618089654441,1.6030162676522102,-55.192292775889555,0.13960262488109337,0
549,-111.77665887701887,8.765965089345844,-0.13622775002977505,-49.81570220792556,0.6945685989742194,0
550,-98.24372158640398,5.613742180390833,-0.2820817678455562,-39.94205476459057,0.47950307827150973,0
551,-102.36870191515546,3.805432235895168,-0.9679104574191109,-54.774117531516545,0.4777461165637323,0
552,-74.18743112414694,3.648314602801449,-1.7467716139633063,-45.52146328081309,0.22644444661096022,0
553,-89.76795250580632,2.921348552524133,-2.822738431638276,-43.21646629569682,0.2286616727708053,0
554,-84.46983965739759,7.451928628104837,-3.970344193588639,-51.62198759289418,0.17435743731359682,0
555,-94.91349674852528,1.9772178412070378,-4.379837146248939,-53.23125229879466,-0.12044613231616484,0
556,-91.01610891936066,5.115537402740534,-5.289437100485598,-46.73867172372805,-0.18882420014344756,0
557,-83.69121233593629,3.5852899247982752,-4.646798970604172,-47.71335228101708,-0.003240082344489248,0
558,-60.17729451314633,3.4512290559249172,-5.2076430719789375,-45.851755180836086,-0.7402971945549546,0
559,-68.83221941511741,5.913989271883588,-4.633649177346103,-38.78353917964539,-0.4283035576063595,0
560,-46.35960307076293,1.8322031486481438,-3.449174978451614,-48.12365369068303,-0.6556798577773381,0
561,-1.8685381246596222,3.4477729739149003,-4.617698256754322,-54.707227921011246,-0.22012213296176042,0
562,-16.742109727651304,1.8096482552211444,-2.614192135187815,-48.18062309252239,-0.4688592890014277,0
563,-31.131762710542766,0.9361000422771274,-2.352217552473969,-47.05435367707237,-0.5487854040183588,0
564,9.212206000115962,5.342592704616525,0.5563251269970291,-41.65530479582017,-0.2588036311513113,0
565,-13.026362947939756,-2.6393686826587164,-0.7022098579295547,-48.68478447224297,-0.002815709457833507,0
566,-35.631521207487125,2.3216306722692948,1.2075856763663912,-49.437036428430744,0.6318188694487108,0
567,-5.086198689831171,0.5568737738413636,1.5056765557044443,-53.91944595861304,-0.202681569760032,0
568,-12.546382547311332,-2.2124062502278945,1.020506127200202,-43.979365972399236,0.10245559976072549,0
569,27.384627154732534,1.5109966080102402,2.7105773929633745,-29.609662010869126,0.6957462449010086,0
570,43.98484310857353,-5.933776626645038,4.805373048834946,-47.07938120325348,0.18650350544523797,0
571,85.9109990537589,-3.7654129657533,4.029369482983055,-43.30399389765804,0.5001968068557575,0
572,67.16319141221781,-5.616364027380133,2.6010812203625244,-47.88205042391731,0.3670634219441201,0
573,63.87928308706366,-2.8447558239538915,4.9569965969703365,-51.11037169183056,0.2596933725749594,0
574,91.8040107311177,-6.355403694779788,3.8642536438358186,-42.07594734756554,0.24274237289543563,0
575,37.196265970685744,-3.713179299385476,4.858994402720571,-43.63166731723546,0.07528732194561276,0
576,91.52082490021346,-5.390765841848849,5.860452863489653,-55.208352680737015,0.20521045560324716,0
577,106.74803702895579,-6.4026445935981835,4.489093782131093,-34.72109996197429,0.11198533515955947,0
578,65.3686611530735,-5.079078907676384,4.518332821184521,-40.164975307115725,-0.2021573471104367,0
579,120.47650689578376,-6.791415455517072,1.563335439653494,-41.33197573079063,-0.44270297449507523,0
580,106.057192958342,-8.813608528247753,1.040140633185898,-43.25131406889699,-0.4165370129639232,0
581,91.6752997772865,-1.3991721063816103,-0.8498444388890734,-38.538479439742424,-0.33814271440449495,0
582,112.33151094153222,-8.324330546546065,-1.4859246553425303,-37.71526503476211,-0.2851376182347362,0
583,143.7886179588565,-12.114921272980812,-2.6932705374374866,-37.35694436788055,-0.35443112237492685,0
584,99.72804499573175,-9.674412166038936,-3.9671929453001784,-33.399147558014235,-0.02760008049318463,0
585,97.81098400254459,-10.815308461517906,-2.0826330793456047,-31.62282302678488,-0.33136897648916963,0
586,79.48751440851792,-6.89830657568967,-6.190989326105233,-27.4160411295835,0.16357648529011348,0
587,66.61999651864727,-8.155763170131616,-3.2160141004411145,-40.95806750831066,0.22586297042881287,0
588,94.33027948350711,-8.22812047852118,-3.6443826066158542,-38.956105260967846,0.10480470155735132,0
589,53.931977728097074,-9.969509441771718,-4.499970911165828,-33.58379283509162,0.39489593722847843,0
590,65.10512545830163,-9.969014577543378,-6.024268113314487,-38.571708532545046,0.4990808095480245,0
591,46.10459067727703,-10.309504979565451,-6.206196543986569,-37.03901012992194,0.4616282979832496,0
592,56.665161289966505,-9.863443705342792,-4.702340558557799,-30.831888268471605,0.4669142302414827,0
593,44.716168644423114,-8.139557439934237,-2.893127510913297,-27.94964303734694,0.15556203592098372,0
594,49.37097484083266,-9.222720007534663,-2.739233975790625,-25.30705257538063,0.24456279611718137,0
595,8.711134057994212,-8.954559671252818,-2.9005200022852087,-31.86992768063967,0.22247038506580183,0
596,3.616292331279121,-8.99070023297109,0.2504949309615464,-27.7988917365797,0.01922847490482313,0
597,-20.549217096922202,-8.230996551153954,1.7817729869616599,-28.096623356120286,-0.18574010770850544,0
598,-19.837810486893062,-9.408650223557636,0.8620073888758666,-28.406156516994763,0.05056635580935134,0
599,-13.274509711508916,-9.22736586629602,2.1457610426310385,-31.747123878664105,-0.31504166882350404,0
600,-15.34128977731463,-7.502703758542305,1.394207237432075,-31.544701346034355,0.032772026240371344,0
601,-58.28035443468478,-11.120966661176501,3.23956530853047,-22.646108746990198,-0.426564194967855,0
602,-31.402876775179216,-11.388446481241067,4.76961656970845,-29.28402484626892,-0.29153684989850215,0
603,-30.152641765022977,-11.910703652240226,5.049457768930768,-33.13491973481022,-0.5250215794481567,0
604,-56.89492770368201,-9.011088275762289,4.435199080112484,-23.52983008404229,-0.5563809760994718,0
605,-34.87484293558364,-12.899001424474019,4.719832615141451,-15.206171715981325,-0.27424626603706387,0
606,-94.41017221742658,-8.058874233454192,4.398976526038957,-35.558982528350214,0.05871053244243063,0
607,-109.56242503518561,-8.970760820399462,4.226631494699778,-22.120105207373605,-0.07388326200885234,0
608,-125.13269071356288,-6.230411059151148,4.4076359875944995,-16.38783191441432,0.1826192253066159,0
609,-63.63151748517811,-9.569596107524385,1.337323574621486,-27.958935507577756,0.2857770797063843,0
610,-83.52446387375814,-8.337908965407864,2.419216254674048,-18.97812869284676,0.3347400196676419,0
611,-99.8175307647413,-5.372552585504923,1.9328358162715389,-22.67159675811335,0.4333983666211848,0
612,-94.21428906687397,-4.517336384759629,0.03856646178376111,-21.06625803100134,0.2919406662141256,0
613,-122.43396167334596,-8.292355610077609,-0.8683719770368461,-17.09210349184428,0.4943738742969373,0
614,-50.1212508858646,-6.199605096603557,-1.822013699805984,-19.73936509244503,0.5878473157598315,0
615,-94.57443871210637,-5.589041788740863,-2.7785674269851164,-19.19309308404911,0.4360885996485294,0
616,-92.12275909675533,-5.029843633215021,-3.129857365733048,-12.490447792164144,0.2998684552224721,0
617,-76.00479425843072,-5.887132596007566,-3.7179499717138276,-0.0864156449143394,0.2706249161928781,0
618,-76.20496666484715,-2.370643153320482,-6.5053127665326995,-6.456727578739249,0.015978391143018772,0
619,-75.79495883541334,-8.271914633398588,-4.1341583853297905,-4.212015508110135,-0.16680133213086665,0
620,-89.72755877382852,-4.882636922832819,-5.2684338187928565,-4.293896580321246,-0.1539798873854353,0
621,-57.395567948101586,-2.6822849378141806,-3.038393446144756,-10.779994291817461,-0.37823099130260274,0
622,-21.423617925179215,-2.192523227045035,-5.9577345471986725,-4.747565665586163,-0.5211822645936679,0
623,-23.804730653753037,0.07748457674933373,-5.238121094844175,0.17996451750176767,-0.40619265664123605,0
624,-9.991713919053957,0.2539253834437316,-4.004185876753358,-0.1714760924082368,-0.4882240729623574,0
625,-42.80386907007988,-2.2227453743502377,-2.6669768462572465,-2.343339830718108,-0.4758343561368628,0
626,-42.77023688664042,1.44307193768884,-4.187097075689091,0.2825325608996079,-0.2893229783728802,0
627,-15.662873839346947,-2.0868713885728045,-2.132401842889192,10.995991922327937,-0.1592439720627907,0
628,-2.0702703160404012,1.7025161395826924,0.2730048569367551,3.8786875223991215,-0.26843186858650747,0
629,28.693249837869494,3.96171366948263,-0.2687625362796505,-0.8943486020572705,0.16815590452773355,0
630,-17.113722564015696,3.2696327706274064,3.0199805047451376,1.310967329733851,0.6109615466510153,0
631,57.085510697625224,1.5482622441807923,2.1008847833691973,-2.5905728833038055,0.16429922755910248,0
632,32.82855628583449,1.1667997462616355,2.45835888136452,15.413323540076865,0.3460912995592499,0
633,36.58571547089438,-0.7377644300322239,4.637077858782891,12.693980919776184,1.0491026437389093,1
634,33.56501451085653,3.423760973518638,6.143015357841421,6.085316175542693,0.331114894138101,1
635,28.856110947879735,1.0485055323164247,5.279546594955936,17.565702664831083,0.7109982396902546,1
636,85.94378209469221,2.160733309266747,6.257453643283943,10.813288820578853,0.32562830923463315,0
637,77.77963089544645,1.8242081280676472,6.608317904957465,6.483682619109143,0.2678735199401245,1
638,56.58445770955109,3.7331000982362754,3.747871583637556,14.153348470459274,0.09123402271146831,0
639,61.72935396057809,5.034498680371675,5.1600018874470015,12.59362588148797,0.053736741620642514,0
640,85.28690983387652,6.061495974748317,2.0817180432051106,15.764775146458943,-0.49341981412571834,0
641,128.8354491379473,4.7233000494039015,3.269941592658029,5.700484647203891,-0.27043009029998216,0
642,92.76185142442884,8.458119542859215,1.9001489494028982,9.459807639605486,-0.491083221662699,0
643,69.4107584329722,6.282584834759895,2.262248660421716,21.913762685093644,-0.8490935217049836,0
644,95.08478775284178,5.486249705272306,1.1987453749128543,23.891337730719815,-0.2758064010912912,0
645,94.07204574116936,7.859327768583612,-0.39758360965793993,23.449285591724923,-0.900328123774836,0
646,44.121216318721686,11.660384562749883,-1.6242340148301173,28.408478888334688,0.014790552621554709,0
647,94.52571128242441,8.710806520472591,-2.2929377284983157,21.136682408104143,-0.19051751482667406,0
648,87.59025785557165,7.601883598330584,-3.5065007784084847,21.71255458478265,-0.457076287705487,0
649,101.80909427019371,5.538966956310736,-4.254176905113203,15.530729518690531,0.22828714496894853,0
650,119.66198984791725,8.399879593514166,-3.2079515786813664,18.10569463710052,-0.040348559541320786,0
651,99.18592962982552,9.531282895064269,-3.35978657260973,11.97023198567783,0.10801986010212034,0
652,64.48270860292978,8.486338424294146,-5.140230657987323,21.19852696879171,0.005806820749772845,0
653,40.237794766873364,6.107655565019594,-4.637552855054436,13.398624941131708,0.2775307810875393,0
654,105.72017596769297,7.890627550523937,-4.475793419902719,29.97190840800919,0.34518603978104245,0
655,46.77993770243876,12.630194338802855,-5.669715377620697,27.375067561370948,0.657980396674333,0
656,36.76116812608184,12.69418078110233,-3.7332404748906916,16.158049761381946,0.6835624195965635,0
657,26.522571908616506,8.133401462287143,-1.0004687658090765,26.18488509940522,0.11753015271427866,0
658,21.219434459938913,11.30793286194748,-2.4496562205991843,37.80693591918583,0.30269435263634803,0
659,4.450762973985087,7.636112344969388,1.3827246031190072,28.163594210272805,-0.25877160064090443,0
660,-14.128355540001406,12.807751165062577,1.4375442453196736,24.61182101717126,0.015079659145596648,0
661,-23.558851806630265,10.4704583943617,1.6535715056663882,21.476074084160906,0.24711237376748396,0
662,-23.117184381302746,11.835193024037016,2.749655846963665,22.41310103499702,-0.6702278904104998,0
663,-42.9466263269898,6.436812060124501,2.12108402091019,34.64450648526585,-0.6180880627159532,0
664,-55.630544404815225,11.128699327772363,3.5014130582628207,30.55972986668891,-0.3335045232358684,0
665,-48.12713042221079,9.640074893078205,5.7862278913929375,31.723517401832925,-0.3309414514422472,0
666,-63.73524685770047,11.21714552944949,4.135271799880134,32.065758975257715,-0.6645627204566882,0
667,-36.349941713776616,11.177109087438744,6.026545671435091,34.23561138707144,-0.11543207198327882,1
668,-126.57955201176817,9.289665407857688,3.6060311169810237,29.509340724161696,-0.4704358164132929,0
669,-58.12538440249952,7.744268817753419,3.6039109578787896,37.91976768238101,0.1576536726670632,0
670,-60.63029404757965,10.270792366050753,6.331008747886058,29.90526327883896,0.06278521224882447,1
671,-131.76147171901786,8.334788945433177,3.8687465143311224,33.90432696688278,0.37215684442820274,0
672,-100.98690365152996,6.4320926382091335,2.6383367271917932,43.387349591618936,0.33040552703800075,0
673,-104.46090645270493,6.039482785851197,3.709179944079853,40.84857517478494,0.5030696431402367,0
674,-127.11174782994138,4.607887755235867,2.66831805195783,43.014711979521465,0.5959394644832954,0
675,-115.458481755281,6.205162004685223,1.3625979957772456,50.941163291670485,0.7245597118166034,1
676,-122.05610974106763,9.07659555419615,-1.1263224586238152,40.47779470244316,0.48645560072348304,0
677,-63.744014624225734,6.855163749496988,-1.819427194401763,41.45389959824721,0.26641903925355115,0
678,-78.03361502659894,5.052016050779879,-2.135869551617338,40.578988974988626,0.3441150611823179,0
679,-68.30717451544896,7.318034955703814,-2.570513753375792,40.22075879456304,0.10775934766977305,0
680,-75.35932678806444,3.6258736177534607,-4.4606496076329805,37.90513660585586,-0.019354241911117342,0
681,-107.53111548986817,5.050806879978682,-4.311121473106158,43.88149334657489,0.2827914884888234,0
682,-89.74900426846258,4.057977321241207,-4.565482274631227,45.7221069831055,-0.06854017739245963,0
683,-62.98770087442475,5.521590258534441,-3.704447392317327,46.46883214598861,-0.2054122796847795,0
684,-90.00719576976414,0.3450569477276204,-4.196110815999564,45.18715068427076,-0.20525257273613828,0
685,-43.439018275406504,1.326555918433843,-6.219373917626545,49.92859113952304,-0.3578028761189882,0
686,-54.06333292480059,-0.7296679897487852,-4.5003228239987445,45.85920764373839,-0.1264196292166812,0
687,-47.81892128253958,1.5411360712377866,-4.618699225065912,44.06151762326948,-0.8926453639913129,0
688,-16.766096794961232,3.9915409577489607,-2.377946473100664,41.85064643291927,-0.6048007068844555,0
689,-12.453226119948468,0.06222706888438889,-1.1615495072422624,39.09967794811726,-0.44077958984461696,0
690,-18.69780469470032,-0.44649309534205583,-1.0387053118940615,54.48685936188767,-0.44429580926466833,0
691,21.682814851968867,1.8186400347116254,-0.4184881482601244,44.0108665267001,3.463720968905834e-05,0
692,-13.135322319493367,1.7124187697410842,0.914703278543655,43.1801582971769,0.15805353567852337,0
693,30.70959306951957,-1.1006325355212885,2.016638610293395,46.00403447128776,0.6584899686169798,0
694,39.97408718509116,-0.05056250164023268,2.0577374710362357,46.9637772305322,0.5580055064460556,0
695,31.361427903382697,-4.066853859245445,2.2616895553543426,56.792937249262664,0.355868937416088,0
696,53.14010106356082,0.35483268831301373,2.074072555818749,47.18485395880902,0.5955167882223611,0
697,30.19446696308197,1.4141269457599117,5.87078537063842,62.19819212099865,0.12615572736624203,0
698,81.74486934822278,-2.315817009793969,5.395829989435133,49.53583328100592,0.4710008020876689,0
699,66.98176044592044,-7.993480912375944,5.36250910565186,59.6688751836653,0.37177357329777794,0
700,66.93460774540812,-5.398287219757079,6.166397185154507,54.00001419189712,0.0534397796983859,1
701,104.30527166594842,-3.5024827400889302,3.3515351809191642,51.46237724318402,0.05257298309143972,0
702,74.34167560459326,-6.005588195131995,2.3935105291962206,57.65339095539382,-0.19503250370269248,0
703,64.47923691924814,-3.039810042810442,3.870895698449816,55.46235440755151,-0.38732232174978076,0
704,64.81007999186028,-4.815519963270923,2.9984552520717833,53.09171618992282,-0.19226363198346075,0
705,110.39843572618207,-7.797436368762927,0.0845500171935416,61.55343948625434,-0.2175068857949714,0
706,74.02325923164156,-6.696648732335189,1.2136583578249984,47.5006690244537,-0.38151519697344205,0
707,135.0858510294166,-8.908638357071109,-0.5418569464895137,45.02523096476494,-0.5871695268116772,0
708,57.71043363834769,-7.828136513274046,-1.938846843209548,46.605813142782885,-0.6034704119804825,0
709,131.64454098275007,-8.89549454771738,-2.410187629910876,58.71550618927276,-0.481701362221913,0
710,99.32581466948983,-5.740664061652989,-5.380503606755503,57.15513274124856,-0.33788688874765876,0
711,89.61099242467265,-4.141821887856893,-4.2753927132308664,47.20225566766717,-0.3356354063036108,0
712,76.17197233879949,-11.498950753401065,-4.986486321727669,37.96261049465676,0.19661646416109688,0
713,89.70819757863325,-12.724147807383256,-4.152545095787435,48.59404983465247,0.0937297703130398,0
714,74.81132852544422,-9.587011562038054,-5.107574684338477,44.42451290913793,0.4235072332201364,0
715,90.71359676120798,-12.329712670020754,-4.352857930690708,46.8689183562834,0.1027277072083076,0
716,63.32974492218395,-9.373445255507793,-7.3846440102628765,43.89458195519117,0.32303807784556093,0
717,55.8389166271512,-8.117323684295862,-5.324820384294449,40.92729979388445,0.6694256453501295,0
718,36.82043791590778,-6.752206584149613,-3.4015110192761204,58.179785662212545,0.6646525623657967,0
719,33.77301094299188,-9.438649574830887,-3.5803852523989983,45.114691587266016,0.19806859747623068,0
720,31.53837165404481,-10.304098984130315,-1.6096474365179796,55.346227843759706,0.4086430193719449,0
721,-18.604230631926825,-13.926118903495386,-3.3454208193455033,46.906577986942644,0.29225834175387766,0
722,-21.303631698630202,-9.943621127156431,0.16601053700699875,42.070750489283846,-0.057104182331696576,0
723,10.529744530368461,-9.8550744868558,-0.20599314740289032,49.96236316527719,0.006529527540898389,0
724,-10.870523425034357,-8.696404046110988,0.6779271921095703,45.13502045828592,-0.524574325228307,0
725,-27.777034455863692,-11.34303194451431,3.329772857153119,45.709247247917915,-0.5188530166209817,0
726,-33.29745167590499,-10.723089038883746,4.33199085613809,47.10503320336114,-0.30888542067409164,0
727,-35.94687799259451,-12.711289117715062,4.909771864638432,41.93663852533277,-0.47968688126565584,0
728,-62.49745971609158,-14.215787858505738,6.464209637106229,37.49082163810126,-0.4828367561635087,1
729,-75.555522675555,-11.704036075224973,6.066433445014926,44.92071804624,-0.5030862708190241,1
730,-63.76029058677713,-12.457820507053087,4.18690928187657,49.55914712019439,-0.28782685444010747,0
731,-94.25621059403923,-8.45058320271284,5.10806961582155,39.7761995726566,-0.17002293154672649,0
732,-72.78899392889892,-9.944309554102329,4.392323250344818,44.58085138683441,0.005063007527816271,0
733,-120.46214903120628,-9.746283883749125,6.378232668767925,50.84793615466028,0.01939109067784387,1
734,-70.42040718105557,-10.37873388987144,4.877247814232772,42.36360874938601,0.06458173088648655,0
735,-85.2353361710739,-14.5941164467689,2.8563399727030063,42.71781341612596,0.16615963715279525,0
736,-92.30437296437252,-4.811123638011399,3.0745688410370717,42.02139732374091,0.17669853862235418,0
737,-79.535391730702,-9.507480448594682,0.028325646741423904,37.77490984724075,0.38334991005243957,0
738,-66.65290046651236,-7.992210371306388,0.5243978018968454,35.644681701863334,0.37703150503074045,0
739,-79.44937485028282,-9.719670697865858,-1.6611034169503334,35.07372072451018,0.8085122132316624,1
740,-135.33211067345763,-4.491520646688727,-3.3802591722487896,41.25351935380218,0.22508790087197392,0
741,-121.89968969886372,-5.757933323925934,-1.808175357571097,42.578771460226655,0.5494164041209506,0
742,-105.63576703219191,-7.291822803034362,-2.481801893870695,42.176111877874334,0.1653201160813029,0
743,-88.51820153636224,-6.003757695893923,-3.5956974773336072,35.60401768042485,0.03494603782818265,0
744,-73.69781072098921,-1.4300993416344094,-4.736817542069907,42.294307724542506,0.0070408223753658655,0
745,-92.73702626342356,-4.487595107100089,-6.139601895318883,37.680886573150936,-0.4998032787991187,0
746,-67.87640371479584,-4.249468496505179,-6.159702020569508,35.799623895187665,-0.49968656325668903,0
747,-79.39346583095033,-5.303396591725034,-5.893478392368017,18.03679689133979,-0.6811714523780329,0
748,-68.54790888795065,-6.735878315947183,-4.887402715626273,29.92030659547736,-0.5635739327603659,0
749,-75.91981403755213,-2.7855105022997972,-3.1215521951299854,25.66203710303847,-0.6803909637404237,0
750,-57.24282846316113,-1.3270177717153875,-2.51397793706717,35.64975954317639,-0.20161880354110412,0
751,-56.41596850187929,0.7135700309419484,-4.45710163053808,32.22341873785331,-0.5066703347222564,0
752,-39.210276304515034,-5.486489644502207,-2.6239518614503012,25.609481339097925,-0.755817323916244,0
753,11.26625389215441,-2.741113681219556,-1.6960923832668617,31.699999903793778,-0.21209910933692883,0
754,-18.810346485555165,-1.1526006130557247,-2.5138200274167883,22.257428248381604,0.1641555425420417,0
755,62.807711085772766,0.5017002668466632,1.5768703540281759,23.34102799166151,0.47635714971023035,0
756,29.907350245726008,0.7171035868682313,1.7172804994976807,24.182266675660383,0.23861765623564277,0
757,33.418394171415585,1.2597852015821642,2.724712534206715,29.59649180663652,0.2899341338152653,0
758,21.9382264443806,2.811589169527763,4.945004549930069,33.04469749538588,0.4640880208312695,0
759,62.104561935769766,0.6760578568126221,4.30523483096986,22.25870711125634,0.5819401159194038,0
760,45.098007165062555,4.831968671561242,4.235872153778292,30.932227650731292,0.2605347298015862,0
761,66.99772328719637,4.304224708205881,5.50231432071491,23.678409635945574,0.3813633414483353,0
762,123.06094359428934,3.262697824823303,6.056189648295311,23.73416388350732,0.3258551274634936,1
763,76.52178676828919,7.559466991558162,5.161639178972464,21.337510397714333,0.22043869476697137,0
764,107.2284068484189,7.914879875526124,5.228255983554426,19.764362202366872,0.0390126116419177,0
765,75.1376397674193,7.100232692719597,3.886435254134547,22.033528840225227,-0.26865922680045984,0
766,92.56835781986285,-0.3833607597652984,3.282338444482179,22.616797727701805,-0.1558979236128216,0
767,131.8191954014438,9.21682232830859,2.6752903023113044,13.562732594353774,-0.35472696633216705,0
768,86.03566785713974,8.038484374392596,0.9050724398260578,16.102690004589277,-0.4464888880159293,0
769,136.0108775915038,10.835700731684273,0.11994863639771225,24.452151628835377,-0.7058254047323377,0
770,114.10705456718263,9.654675111183519,1.068277955538187,16.04186110887773,-0.36980453038098915,0
771,87.89410226398545,10.67534812848921,0.7130853147616734,15.633466638938211,-0.6514807204704602,0
772,109.99240602892594,9.596096578343687,-0.6363195500412526,19.074739781521018,-0.06139806487354288,0
773,114.02352212555763,10.83670449492862,-4.396577545027565,9.765279127826833,-0.5089657184484766,0
774,103.29187777219984,12.40775274239193,-5.215456869540258,11.129894615278369,0.015295756835587787,0
775,54.82662961792377,9.111757522606187,-5.5572693458183995,14.40759857988273,-0.37056574253592167,0
776,66.20223310016645,5.771637642258181,-4.629052086622279,15.537432413391137,-0.29336101942824133,0
777,69.50167939095239,8.516342011537207,-7.7791404333892125,-3.466985094350308,0.18043582215432824,0
778,65.92655871127265,10.10349668742879,-5.568038925653125,3.6878541537763097,-0.05349089057061407,0
779,72.11825376897619,9.642418176417648,-3.3824531072620365,1.3888899306212457,0.6158615545780529,0
780,54.9518656174186,7.144829930522024,-3.426484263344998,4.768557098011963,0.49504765377913257,0
781,15.870441921987322,6.497039602309522,-4.3616185916987495,-0.22087011660182032,0.7644952322020756,1
782,40.93535101561035,8.373677650636672,-3.575892257156955,6.716075476367724,0.3924710844199993,0
783,35.96413752955901,11.54367536051886,-1.7400249580353853,3.25929572259719,0.37811522023750316,0
784,25.131933855545373,13.13625373072399,-0.44474431752792,5.8439320370138965,0.14998973902408858,0
785,25.5961965277594,11.831153616866866,-0.9308799821133706,5.163198976164618,-0.11520352345360943,0
786,10.66370956768096,12.110327324667189,0.3660183691779587,2.7936080220628146,-0.17114068276198996,0
787,-6.766350249532838,9.80631248890474,1.0085663366056672,-3.28051536407594,-0.4719244163308015,0
788,-27.129117727707115,6.431334936729474,1.1546449191244477,-2.0792748495625624,-0.27435178799638227,0
789,-68.46383010854791,8.92783132154769,3.07856015770743,-5.903091774422338,-0.5026781662517423,0
790,-35.81890248809912,9.218925733205023,3.6831929424285126,-11.419019081233037,-0.5110284528707398,0
791,-48.98042586185311,8.61619559117022,3.24065796675479,-0.8211854637721236,0.06775455400016767,0
792,-55.89461643678145,9.569515557018333,5.490111911128433,-7.002994048038122,-0.5392192539852059,0
793,-94.4404272221526,10.169145219655075,5.476964314174496,-15.085643964198823,-0.3165091306079355,0
794,-97.41736850267168,10.795305021921132,5.639895185055999,-5.874720587330802,-0.27686131140784276,0
795,-60.866631664470006,8.31328540925558,3.9295283031013737,-10.662673656823209,0.10247531412165772,0
796,-88.03562847743659,4.820087625567565,2.2801677204186444,-20.8215925133644,0.06716590319650972,0
797,-78.0576296634317,7.398367774221454,4.127237273867392,-18.366653705372933,0.11196789249785669,0
798,-94.64828167180168,8.167154830653779,2.24604726681197,-15.97189877951214,0.7566831128378133,1
799,-97.1951786870502,10.220765577555223,1.1537267904968305,-12.3821309661988,0.23153471906344997,0
800,-80.62318927281757,6.315515920425278,-0.15992678274841898,-10.455065908000462,0.4339547428116726,0
801,-110.31526318264822,8.133576784559668,-0.16920383111540827,-11.581037880200201,0.683043093535951,0
802,-97.67834562795383,7.328255728209534,0.6882077815277292,-13.284144711120085,0.31850296297234526,0
803,-107.45748160740291,6.458604710872941,-2.3543608600678727,-17.4123291298307,0.574568116402798,0
804,-104.53181345051377,7.838670307701731,-3.824795945571438,-9.564517526941035,0.2272208503432792,0
805,-98.69762396701464,4.247780403876952,-2.860105526856827,-15.604214639201025,0.3965689340240304,0
806,-83.81942754033955,3.997028269951288,-3.9762587654228945,-18.913294618624544,0.24662942105121008,0
807,-92.70311112432184,4.6886720726977416,-6.739994160768553,-18.103122280214524,-0.11606012017714935,0
808,-52.04846301432785,2.9854745282582673,-4.24575578099247,-23.835105022694904,-0.43865066925400564,0
809,-88.3201853652516,4.824423742837075,-2.8713730975646254,-23.021279529334645,-0.4360542558664312,0
810,-66.72623231067257,1.9151271597519401,-7.492787681395921,-34.03086951768111,-0.4479679329202376,0
811,-63.71481743696144,3.3188807525352155,-5.825330026852162,-26.431427303290576,-0.3148450387727374,0
812,-17.363290981495613,2.183523179915407,-6.952549514748075,-16.56503983408324,-0.4318843782779355,0
813,-33.29176277722031,2.3253585971873427,-3.530110846966861,-25.479248994719413,-0.34761376012472883,0
814,-7.134058660994974,0.48292404814463763,-1.67747195980282,-26.533583862042494,-0.30386312370126245,0
815,-47.752769906970315,0.2276251331175333,-1.6690501294283975,-22.909593088592562,-0.08963464958363987,0
816,-2.790904796492427,0.5989511094926775,0.5814978797131842,-26.93765662831965,-0.1609853549247939,0
817,19.651609488748772,0.31119531764130504,1.0164175231015227,-33.47188253934318,0.0608500469266299,0
818,13.477002602634954,-0.6010114578162464,2.876969667411954,-30.222040377184296,0.1798325528111146,0
819,42.99504489260515,2.3199443640831894,3.2771517636697327,-36.80515225496126,0.2172949244755984,0
820,20.977109241301072,-3.5677005255296583,2.5717208215065384,-30.98727326429595,0.6107214613874111,0
821,68.83430005359165,-2.2061158764274706,3.7805227787002016,-36.85759965699773,0.6735229737167303,0
822,95.54365183137443,-5.711254740564149,3.4361944995189178,-28.777825508010697,0.7411013369210573,0
823,50.73201227547037,-2.299713492366454,4.493668700157708,-36.70758307639487,0.32709421145116296,0
824,56.922422425489614,-5.746641169921791,5.017266071010869,-39.00331881599509,0.48702430804575014,0
825,102.08607545767072,-4.536251717319862,4.904079073714099,-36.15342706001354,0.5351271782820584,0
826,111.06616631634702,-5.1772959591659236,6.165896777808401,-34.457540638611235,0.4887386074719856,0
827,74.67977517970324,-4.313840548715072,4.135828608702346,-43.00187901815583,-0.258869152052971,0
828,81.54483118300868,-6.411473612592457,2.9982184833424936,-40.237485725520806,-0.10685053305500927,0
829,88.22573079620649,-6.913510182285947,2.368313234242339,-37.75622295602868,-0.2837539260279553,0
830,69.94743588933301,-3.2538886015829025,3.0715580902638133,-32.22576117903229,-0.04541348283978458,0
831,80.47087255727877,-5.943859877989637,0.09551641239229669,-52.18118566772681,-0.890644814599246,0
832,79.7809458387407,-8.006208000421239,0.31991901375670007,-37.06597923180731,-0.7033437098460487,0
833,84.52985386744103,-7.739679796869542,0.8502809735493245,-42.647755293336324,-0.20826252990657085,0
834,98.21612547013302,-4.283117443926818,-1.1639200555604416,-43.774819998936344,-0.5455965257773492,0
835,101.62986165859189,-8.361041376193594,-2.452356323478248,-45.262723701666125,-0.6283832347972012,0
836,125.02267259453679,-9.566426467573253,-3.240100344730325,-44.21514517821464,0.050757951210294305,0
837,70.17333420424757,-9.83456170420707,-4.932452598506096,-39.81320191290351,-0.39909153646511786,0
838,105.05396203891218,-9.818361533371926,-5.303124953365549,-46.10567458771578,0.24066920402503075,0
839,75.46187225339526,-10.142847453600941,-5.007026551645472,-35.61586834940327,-0.13003781892203056,0
840,72.32975781428057,-11.724511175854824,-4.714593413761106,-41.25901775761321,0.02299984348775108,0
841,79.66022518831656,-11.602070877913224,-4.012967235902085,-43.84026355494655,0.4532011559587873,0
842,35.893111079483916,-11.177387332192385,-4.6460233454114,-46.094245819484435,0.3082703633250593,0
843,57.59647315259617,-8.476888536822567,-2.9743641125854046,-39.73043027837054,0.5544662110866032,0
844,44.37898242600506,-10.539644092945956,-2.137985250405406,-39.39706765936478,0.8378117645439596,1
845,41.59046616092992,-10.284194009315192,-2.2147321259058192,-52.26311137298964,0.38115862111707394,0
846,27.899166392989684,-7.397726156895672,-0.931834828085772,-50.32614384642906,0.6356603294548598,0
847,61.375175248828135,-7.391079903847881,-2.208361198175756,-43.985228933074545,0.24520211694665917,0
848,-10.454837814117843,-10.563588548863507,-1.379134281757513,-42.79783916519965,0.22564958015866,0
849,-18.31216826757604,-11.254317003716611,1.2849171556234995,-49.28681868687101,-0.5851196985774948,0
850,-30.070372523353996,-11.689725658543015,0.39203746561810426,-51.78209889254036,-0.1259348781924759,0
851,-38.456508266217746,-8.518691565565842,2.3400798322459044,-47.942342803883825,-0.2727485564180149,0
852,-49.56087047389759,-10.23228019608092,4.19398017290586,-41.19813660181532,-0.5244319970665132,0
853,-22.131134744920047,-10.48992608506293,5.492042016580429,-48.60319828335709,-0.11601567295739418,0
854,-26.140985660941496,-11.214048749795031,4.317730600216917,-55.335316563752194,-0.5922394779570279,0
855,-74.06054548393979,-10.971873906313537,4.233010044410138,-48.65533411619507,-0.7697569708433584,0
856,-86.76134573600362,-8.61466975372679,5.319756069971207,-45.457466793321494,-0.20595813394770718,0
857,-67.45397955897816,-11.684775571368013,3.842785020203358,-50.02630277702234,-0.5290846159276748,0
858,-93.92662555047863,-6.840644522478277,4.464085329224223,-43.35698412241876,-0.08920480271241256,0
859,-75.39527109577094,-9.652482712143552,4.16552237529646,-45.42711650650379,0.3126145313062404,0
860,-88.28738428337998,-8.617019314789568,3.5153117082408185,-50.15379792056158,0.2895134763346524,0
861,-126.0299750951073,-10.703867307572725,2.8603124339890944,-49.69798748513643,0.2685604517512437,0
862,-67.17788329531157,-7.746736636200802,1.0553040875657398,-59.17124557298769,0.347623718688965,0
863,-63.6428659742322,-8.05143902316465,0.20549481589162988,-43.94006857358183,0.7334031691212322,1
864,-112.25385055935325,-7.149267571855414,-0.8091349334401243,-51.6475482782265,0.2559304605760647,0
865,-107.19061753399498,-3.7423787189459277,-2.6741470037624637,-51.988505250032304,0.6298475029171607,0
866,-92.16425060509006,-5.950379556222746,-1.6622345814005652,-52.70675478294919,0.8460655459768631,1
867,-88.65939452777373,-7.49931199309337,-1.979523946733867,-47.622781805913995,0.4121516378125051,0
868,-78.69192578498443,-6.922079516696554,-2.8334032684003008,-55.478555647790856,0.12487354541284834,0
869,-47.25513852995503,-3.8848776593914147,-4.503036947450807,-54.664842206354784,-0.00592980153138899,0
870,-85.72072821296325,-2.0407685778514257,-5.493315110719954,-49.895594532028404,-0.2187166802638716,0
871,-92.04914969497513,-3.6257412745603497,-4.193096094475697,-52.63467388135025,-0.3906183814930806,0
872,-96.81081227298142,-2.353102221776682,-4.356749594868955,-47.675277373584706,-0.3513613992814191,0
873,-76.29258382086134,-2.0426782825805754,-4.637352152719393,-52.13048973421954,-0.32003662462449467,0
874,-54.16985173718434,0.05250276451953928,-2.776017249423237,-41.01578835085275,-0.17406864114250442,0
875,-8.91485688990516,-6.201316126159606,-4.032098497257267,-45.31401273948586,-0.8834949896373345,0
876,-46.00925513894539,-0.4784534800878215,-3.588213892941999,-45.14768794248963,-0.931994369412319,0
877,-21.676011874704162,0.6483564353820161,-2.9239828015667113,-51.328326304218606,-0.030489494033186237,0
878,-16.713670727914536,-3.49949025627551,-3.1772542266040356,-36.007196930666794,-0.22555279345189513,0
879,17.312926393654323,-2.094251724598144,0.017192225474059186,-49.9435145443325,-0.07438442749706375,0
880,54.0784787908385,-1.524546246202171,0.24827581324394932,-51.01127628235678,0.1532679008612473,0
881,2.881855349655339,-0.781068989998904,1.847497998923962,-43.583301076671,0.16019661682096786,0
882,13.534962640409871,0.21087852639990534,4.109925771135496,-45.796816384881524,0.7195114705839074,1
883,53.79844649978107,2.154384309895522,2.7173571033036716,-50.502113024735785,0.5207726502511636,0
884,55.81565813112561,3.8912219642169807,1.4862507680105703,-35.04962663923659,0.3930812662408559,0
885,87.95314731489698,4.807801998701148,4.869019308396351,-40.75112499859504,0.42804985401845347,0
886,71.0289719769178,1.4482058394794117,4.943564105642009,-45.19110498248361,0.44342973774422184,0
887,59.90296426407718,1.9053218400259573,4.242574473388195,-32.76950598288253,0.2469898541122521,0
888,85.96997132934673,6.6882624455858695,5.372279637912054,-40.267171640670654,0.6346373847567433,0
889,102.65806398368633,5.8018581302444785,5.56275649452599,-43.90886509688437,0.1893535936406162,0
890,102.4165842051926,5.1145828592642735,3.441266768809797,-31.952920748394426,-0.2164160314176405,0
891,100.816016492436,6.323639887129464,3.5228305257706145,-39.55859056780457,-0.04973298927686333,0
892,115.76167492839562,5.732032716739828,4.584744538641293,-39.25355235014878,0.02025930257736186,0
893,120.62824303973858,7.241007306488019,1.5462912534668578,-43.720849877053,-0.1682625301752676,0
894,126.72804791617058,5.904425837127214,1.4040912837886805,-40.98466230473633,-0.6112821084527373,0
895,112.91157946290122,7.482452415693554,-2.2708003298489285,-42.7113205623954,-0.7189987883666032,0
896,96.44899243730853,4.274675273189591,-2.1261427052219886,-32.8690401025712,-0.20517257664348376,0
897,101.58251788188126,6.2528879925185405,-1.4590016508117163,-47.508626246265926,-0.7651244648027484,0
898,120.64965294614603,6.588056268197546,-1.296307765347505,-32.01025596418992,-0.2763769125763319,0
899,77.08759898372382,7.487069534573334,-4.69346598502532,-42.58883804794215,-0.3432489963142037,0
900,96.77313253751382,6.656008735781688,-3.931199116608656,-37.838968354401366,0.1747056359383884,0
901,76.6129921554262,7.693865481355618,-4.896110826350937,-38.35766196755239,-0.14958602503054208,0
902,79.29067298201429,5.962144276649578,-3.901720800244837,-38.79980801049117,0.045969646989449664,0
903,97.73431987776281,10.295920274083988,-6.213482189677006,-32.053111251337874,0.45423617741483513,0
904,68.7157184389905,9.218047695512755,-4.50730931276115,-34.81676413321677,0.5859485926864212,0
905,57.90252572481928,6.13376212960239,-5.335947687584477,-37.404182078519426,0.7566508916214902,1
906,21.287466300974373,8.011764663028565,-4.017422204324222,-32.55695501698031,0.5939034465055268,0
907,54.43601281237642,10.467675958991814,-3.5606786376145982,-36.05528036258214,0.5391988367488671,0
908,43.05219721910589,8.796996748944801,-3.12583714039645,-34.49860878127082,0.6071876967716635,0
909,63.738006134783504,8.553022804672855,-1.5261149708284747,-38.518207820081436,0.015809782431503105,0
910,4.4431864760556685,9.836723370101552,-1.0102525951979964,-32.493186087738025,-0.019330202236855387,0
911,5.001698016574028,10.687147222393234,-0.194674264283998,-26.96827098053671,-0.24807941157180338,0
912,-4.379876334897708,7.116295993371889,0.5762193514810299,-28.439546189987905,-0.6760068681119492,0
913,12.288871576937922,11.05333932520186,1.967556873308013,-18.724279915533174,-0.10618202938454319,0
914,-30.866307183230486,8.29169973242542,2.9939779491367573,-13.898818903765369,-0.09989049125141852,0
915,-32.790805828096275,9.770908728078659,2.554259961115421,-28.436521462940192,-0.35137763612774636,0
916,-35.24075324748527,9.62589094773617,3.8241341859533833,-29.42409565523125,-0.4219903229759487,0
917,-52.22035609997166,8.508328779067796,3.5822343842380238,-18.7403988543039,-0.47195586850560484,0
918,-72.87600670552105,7.356970137208607,4.876510496800979,-21.83565962787902,-0.42518649165771677,0
919,-67.42138978066346,8.65123932079391,4.406959709384807,-16.945144338059958,-0.005471669067561968,0
920,-56.47397196438503,12.268544094638482,5.653705064434402,-19.734127447572128,0.0877941631554624,0
921,-104.34151354171591,6.067264462802163,5.244612208566285,-21.795144694698674,-0.19674099518208543,0
922,-86.17900078089795,11.925999650934758,3.155833344867485,-20.853525995595326,0.29145601807947497,0
923,-106.9803534035449,7.7513413737970644,3.4203710506758616,-16.824998381015483,0.45878577704643386,0
924,-72.28754255405902,8.050264001403587,3.268840076200056,-19.11563797003692,0.46716593445728627,0
925,-128.90166780818396,5.494892348469259,1.5577975803073512,-11.026524707491278,0.5086793946676501,0
926,-110.88226198345899,5.79540115054873,0.0385773160655285,-22.69283016895259,0.5573792972130271,0
927,-92.42927520017821,5.9834056680581895,-1.3224894373183744,-9.161066597264236,0.20240562016129549,0
928,-67.93381748815969,4.531650588106551,-0.36352629871534325,-23.643336812449743,0.15219853225091867,0
929,-98.83847244514371,5.822466024737007,-1.254239064789569,-12.589659593482542,0.5488638531692358,0
930,-105.93220466085869,5.027934060519314,-3.2180672866504647,-14.00389673994879,0.062965537167363,0
931,-53.56232747197632,9.130590161485035,-2.9771456049820495,-18.95903435804152,-0.12926310591737386,0
932,-115.5919065399585,2.670571795424948,-7.29242433297376,-20.701374925492686,-0.41422101643573894,0
933,-125.18831273920101,4.768889795300457,-3.4110774069426046,-14.908712822483237,-0.2420672011169911,0
934,-66.18102428756221,4.60878352534932,-5.118080810971992,-8.208811138838831,-0.20673298337181,0
935,-78.0423289606575,1.511751478636885,-4.844078556161255,-10.460871934608532,-0.300135977133716,0
936,-80.76638604463753,4.556220101930492,-5.132321642155063,-11.664434434450321,-0.29558344213286014,0
937,-37.912171367596606,1.9081288650161876,-3.050213800445146,1.2945606379765726,-0.5769847080330672,0
938,-38.42049749611342,-2.76453918123538,-4.963525418481782,-10.632736349298902,-0.46566561709625554,0
939,-45.36269141052972,3.049847133265141,-1.7296139075233448,-0.07940581936911517,-0.26288118748422795,0
940,-50.13128652018332,-0.9981505407524875,-1.9813474241151803,-6.921767085829394,-0.24557927629794055,0
941,2.724915944795052,-1.3573240309420473,-0.8337100996631291,-7.091610596718954,-0.3314527667319766,0
942,8.227880509501144,1.614679480812185,-0.8062738013240216,-3.496981939876825,-0.011495248034091798,0
943,3.2361488884467855,-0.9553952600020537,-0.7869641132653278,3.6217746655736383,-0.3188357079254801,0
944,52.096062119774075,1.0751769405194649,2.429309377484454,-5.335359989431191,0.2205015496024623,0
945,3.553776004001328,1.1625702871385126,2.7279981195291443,3.9584106928742457,0.21956835307762404,0
946,3.98777022338205,-3.041869617516137,4.599662574966503,-1.2845084213763016,0.7390745253945827,1
947,29.858219208986554,-0.6553593789292218,3.73662174340193,0.612206722686734,0.29313544815913406,0
948,51.54616745331913,-4.237074104216569,4.046833063970624,7.514192169842191,0.5214936561360314,0
949,65.56204206626956,1.2626251637428934,6.211771162905806,17.371137204868084,0.37747009154296585,1
950,63.501450316485496,-5.058967500404344,6.900890557900445,2.938775533209621,0.27529077920666334,1
951,82.31550527796055,-2.0811447094033495,4.964761494389782,12.080403385158094,0.35153750125752437,0
952,56.43971784203693,-2.8956744931545075,3.9715180146425513,7.901186277325506,0.05690518045118437,0
953,115.72788101684401,-4.389558104844686,5.115325511434747,8.070992813053108,0.3628641243848252,0
954,89.72384561806628,-6.788747556936476,3.4596748375570288,16.777374314560944,-0.5498593929937392,0
955,117.31415851318498,-6.162767387028357,3.5738055677079337,8.17409634484854,-0.1622730860507193,0
956,104.4752302239296,-10.564812918883895,1.8575284740843405,7.587403879572974,-0.4132611368783295,0
957,108.43287509634739,-6.190820073261191,2.7386898594334848,16.61976559413941,-0.4787598006363501,0
958,111.37809283365736,-6.305857252492974,-0.5137728899561195,23.247994841243674,-0.4387993023042401,0
959,108.62286038469092,-7.086007769343888,-0.33011688389156413,19.97312919933976,-0.28560625057804123,0
960,111.21322974078537,-13.629158955821783,-2.2633937584913553,10.130659537312102,-0.374737575228954,0
961,122.64914214302284,-10.524157143646214,-2.94949223029173,15.02480591955812,-0.1318717473675326,0
962,96.74397129990018,-9.779425811373779,-3.8669710349409017,23.927946698588823,-0.197574015911036,0
963,102.81371713254151,-7.969581775724077,-3.365500451804528,27.85637920308276,-0.2699153532992588,0
964,81.7734241176427,-8.22249983240065,-3.671320685336374,22.007277297508928,0.06847475986862794,0
965,106.46999312401664,-9.367904868668925,-4.334544044178195,18.87240534810569,0.45857645017959814,0
966,57.4632841120324,-7.9606819107556825,-5.1078255330366265,30.89420254602784,0.2671769505245778,0
967,99.62410024368243,-11.464300308848443,-4.76789330320154,23.1779154127934,0.22287130420531234,0
968,54.780770956418515,-8.348463483816904,-3.722913638141819,21.399195417854095,0.6141885989709217,0
969,18.391690056135975,-8.752649872153565,-3.21967534736219,21.421159578197443,0.5646888469769328,0
970,40.52286220096796,-9.05597492035515,-6.202207277695996,20.178196522940695,0.30583237499636823,0
971,14.914031052835703,-10.259592950948814,-3.0070888976892234,41.168195427382884,0.33494508874667656,0
972,35.63711255261874,-6.293718515122631,-2.0730300909389223,34.94128787230483,0.23268862008476002,0
973,-4.12714624202291,-9.003626032972237,-0.21971863138021575,25.38010300138285,0.1337343750489507,0
974,-9.986422529539176,-11.936530540801563,0.03949856702980915,38.13430600619269,0.11337423463093574,0
975,-48.8310370081009,-9.488094827954988,1.8164567209196054,32.94350435299581,-0.24395268051661018,0
976,-29.95350704541945,-8.439629425896708,0.9658716987513054,33.43724021226621,-0.15568384252387688,0
977,-79.0432258277654,-11.055847467107423,3.1703370573791467,28.25439550891563,-0.508070036763642,0
978,-71.59655263546996,-7.611425934149086,4.560214486486833,30.037888054908283,-0.13829680347850964,0
979,-33.6642074950497,-8.911773347779764,2.789439252488668,33.14790408406046,-0.16205073313494678,0
980,-41.62218402602564,-14.222483202925412,7.211293746058559,24.270436031206167,-0.6543362595594588,1
981,-56.72181833144272,-8.776029492030585,6.135083874473887,32.388598215076534,-0.6684390473272439,1
982,-91.81150851240173,-10.001845123626952,4.994989338217647,35.555736401627755,-0.13016513320400644,0
983,-79.94311273077395,-7.906870872724553,4.015585512242195,42.77725924965822,-0.1475947211370305,0
984,-84.78860551312137,-6.861796109390838,4.326151313433353,33.82881207600942,0.05558889653065792,0
985,-112.76505782723119,-8.107025976252036,4.062831574209576,41.63936132317978,-0.03637892910732625,0
986,-63.5157760788699,-4.892730933445481,3.738853184068132,27.92829166124193,0.20895032336602704,0
987,-79.08741655699862,-8.285980695335974,3.9865244371077537,44.70270983838395,0.28631204220027906,0
988,-103.13932449619102,-6.364445516777613,1.0983345419530568,34.98707581952666,0.5042208260863142,0
989,-99.28132487343174,-5.6706790147166934,1.1629445969630947,40.7456321967729,0.2427325071034077,0
990,-95.75302725968432,-7.123541480122423,-1.6903221209215307,42.715402471251366,0.4765676383078306,0
991,-139.85864811310168,-5.002267791346152,-1.7937586537343384,42.307731253782514,0.20549184011883864,0
992,-102.08135113813442,-7.363733121858955,-1.9306835309232244,41.279579082078314,0.2729568076579503,0
993,-107.92077236782417,-6.618661973499731,-2.451391555487908,36.14581602318209,0.2424288625748055,0
994,-110.51474606571723,-7.983209698007773,-4.605852491249852,38.428671639025886,0.22581942662658547,0
995,-91.40154049506461,-4.4467284761930195,-4.849785876349665,48.36436474819148,0.0937247185779876,0
996,-44.26591211472878,-3.838036449308294,-3.3290390259224214,40.88379423613526,-0.01865422073585829,0
997,-61.04136528846594,-1.6777875640262523,-3.8173424584649815,43.82513237362632,-0.5986326722820435,0
998,-78.18241522647246,-1.9917192700092796,-4.7619422500795645,37.33437181240973,-0.15351142633589981,0
999,-47.54076050461709,-3.672342652658355,-7.000038867639543,49.52294533892306,-0.6032465087872414,0
1000,-22.64945537925584,-4.980107911707842,-1.8553539383799644,39.04984733568094,-0.6142362395850739,0
1001,-23.282094621580704,-1.2724867247542955,-3.815432782423598,50.62600228808237,-0.4270671060714261,0
1002,-31.302965374544414,0.574224177557962,-3.3857683572089097,41.11313728918807,-0.4862056861958217,0
1003,-35.830427798630765,0.35811049038976583,-2.7507424657117125,51.86117403195494,-0.24701837226308526,0
1004,0.9053807780995768,1.5145983511075056,-0.9183581635322503,47.18282141504657,-0.08195358380213018,0
1005,4.773711030107858,-0.5785974514283668,0.0771313355773261,44.66244070015928,-0.19901573134236514,0
1006,24.801890713483417,-0.5881310504631927,1.63878741162168,55.76362544518345,0.06606872990643714,0
1007,29.52656253908821,-0.6296331311421188,0.732273417047986,47.70362667954566,0.21200102514050076,0
1008,47.5711898853008,1.229329343229451,2.2499041397079464,46.505906633023606,0.5527986268036373,0
1009,25.36686049268679,1.6775412804059338,5.394853414801544,53.10829884991149,0.3541713031452142,0
1010,71.55046003052158,2.7370928736330775,4.2566826675791445,41.388740330748796,0.39157715906245577,0
1011,57.83393558105854,2.54834931283294,4.366605218347795,36.363998784876145,0.2910385657472514,0
1012,103.52815514076842,3.0158794790604917,3.9235886106678426,54.97892831235419,0.27125603622405986,0
1013,55.76046283620167,2.197731416657228,5.503257041474716,45.17704473458761,0.10035503506373639,0
1014,111.08991392106307,6.092966288530693,5.961229824592114,53.83145117451238,0.11408723811023028,0
1015,86.39220201807794,4.810850996471857,5.541136146644609,49.869132150685466,0.4348852234472659,0
1016,74.6453216250593,4.745371502533789,3.958043967928039,43.928499549092166,0.10544859371153764,0
1017,82.35965391833054,4.023112368337035,3.960281149192708,52.875086830590625,0.07675522791308734,0
1018,89.07450635408024,3.264064104301012,4.509390413281638,47.858116838168264,-0.49876136071099086,0
1019,106.45483425296662,8.938921521802447,3.034184000548037,44.57259624322341,-0.8007164999112145,0
1020,109.93938889655064,7.811569174697361,0.22643905437063638,44.73316314614971,-0.4136044569511478,0
1021,88.5258448226578,3.8170024561138405,-2.528392684360881,41.33580312716917,-0.12927344174204347,0
1022,99.03075342709725,8.936010709436509,-0.6793066789803149,52.00547386773439,-0.5755094420541225,0
1023,140.88690340170655,9.5810559588876,-1.1322894286889869,45.283702820133996,-0.3937904768703465,0
1024,130.13641236652114,8.291877168261,-3.897883219121497,49.73746937289187,-0.6267771092628347,0
1025,100.90101588415358,11.52627439686976,-3.583277060961599,48.9328772413781,-0.1779973710978516,0
1026,88.6026280204884,9.029598778013264,-4.46151187807679,45.04418007922419,-0.06300089653168456,0
1027,85.03350715072744,6.00713340432924,-4.5494982134781194,42.028038563567634,-0.3075821692427217,0
1028,88.86792180188758,9.79364208182331,-5.468920842764253,62.181808576089544,0.04267178686004658,0
1029,49.341055251042825,9.752968762529346,-3.7078402842063665,49.121504455120544,0.14356121211060097,0
1030,57.15133239576798,8.233297429694884,-4.725240634994287,58.3122494947323,0.13495538405527457,0
1031,20.806668608634936,10.740130957535508,-5.432805150498309,54.83150881752046,0.3496455840906214,0
1032,53.50096731516561,6.386827370663665,-3.1353596916572792,47.192886482846234,0.5959038067452973,0
1033,49.343792563151325,11.808135845640061,-4.654469804608807,49.475905433853804,0.322905530391712,0
1034,17.25581792264454,8.151040683579579,-1.3080883414447857,49.08360262855391,0.5944759146944414,0
1035,48.64998461707847,7.99291068997926,-0.7004657134823252,57.278639669768026,0.17487762896042375,0
1036,-17.26592118191275,9.765770426198152,0.6667435082151059,51.92119477598044,0.17322255028848224,0
1037,-32.03139632851895,10.865004512045635,0.11604018674493394,43.430944506714276,0.05837877306214752,0
1038,-8.220737026540046,10.307553029059667,0.7645559861420641,48.90169804829582,0.12023562266749471,0
1039,-1.6066901644142249,8.450088751317658,2.2808162003299706,50.822614388326826,-0.4585224691747386,0
1040,1.5163135129042828,8.854097338021075,2.96090286459977,40.56316645933664,-0.3274238363934377,0
1041,-50.63215519941217,7.506399511648513,3.119740495191725,48.53065216503226,-0.6686656185110926,0
1042,-28.75888353855154,9.204906568037677,3.795593851919619,52.389070611122065,-0.15554762194474303,0
1043,-59.477794157979304,11.661960327129687,4.386195140407088,40.95771891954322,-0.6838704983505346,0
1044,-69.94870814704723,9.337268708596396,3.7964452347889353,41.21384825770754,-0.33264976215525804,0
1045,-55.94709310728682,10.875140159915357,5.660296498429874,50.16023896135417,0.005623910407522248,0
1046,-66.96237437693988,11.854745381750043,4.747290456486817,42.116387649929095,-0.41509763427313195,0
1047,-117.12579337168744,7.533181525274541,4.117119098650905,38.48966548468415,0.08940410569774018,0
1048,-60.800995100481714,8.079579403553502,2.764622758203131,47.305851799902456,-0.07934792000225548,0
1049,-66.56126136823774,12.51749156542541,2.0096001911681673,45.256379578598676,0.7230558707670836,1
1050,-109.56478238393906,10.76573909380107,4.274506642436207,42.30475146428319,-0.005707592453669197,0
1051,-91.05817081388278,4.214501116372106,0.7867222449543102,46.899636045871915,0.15100814775948745,0
1052,-90.02543298149844,7.9969703596669435,1.0435243092478,46.682329957614286,0.2714726376330436,0
1053,-94.62612852096453,6.86910434894969,-0.40261558857385477,39.70118891675887,0.27493367084089354,0
1054,-109.78170972568208,8.149034838579482,-4.316149757012849,49.38203953134668,0.5499721047860903,0
1055,-110.1571436081058,4.618078396059734,-0.662788446113723,46.80665785718963,0.7189128595116844,1
1056,-94.218386277588,4.025459592292378,-2.58755062211435,28.331960972359575,0.4711149865556261,0
1057,-66.29906066636454,3.934916591227509,-4.725270339535816,32.451310365155216,0.14653554085359677,0
1058,-74.03118544067738,3.7123677232508605,-4.514155243545644,25.658842386977454,-0.0475732478264544,0
1059,-86.61669806074842,6.043901910132689,-5.98432641910108,34.630356886302444,-0.31558641631092543,0
1060,-57.280275795118364,1.5968491555205815,-3.165514990522725,29.501970153798812,-0.24356600488104335,0
1061,-122.46840425979931,2.2501255603870964,-5.856980853695564,30.7763756866167,-0.4622643091278274,0
1062,-34.651109791424275,-0.5553061252656137,-5.232680923302114,39.57677622680651,-0.44378197550373333,0
1063,-83.97378714826053,4.5567643755555824,-5.011675018437032,24.612108887576525,-0.6479801306138364,0
1064,-47.49003275154536,4.598044002888293,-3.603537183954938,33.283897528235386,-0.7136542833737416,0
1065,-53.29423725924315,0.9101531288192153,-1.5685365989598892,32.48951201991402,-0.3994066549963815,0
1066,-47.14534335188178,0.4728075121363684,-0.28725236596518466,30.682346327201568,-0.2989056924058106,0
1067,11.826287539143287,1.47688508851175,-1.5306081173023118,30.958911829790562,-0.2870848051510272,0
1068,-10.768999010643835,3.0197145347557495,0.23677564957699057,18.34221391943586,-0.17452097733326272,0
1069,15.504513836543632,0.38810441172658716,0.9361912142019917,24.64265288853696,0.23903699934719636,0
1070,17.539762878483064,-2.322996002523316,0.8343879924377452,35.58075700216987,0.35554377189180164,0
1071,37.73810144357536,-4.6620329986712346,5.127866206840616,21.04557852716023,0.7534307225083665,1
1072,39.17109521343408,-4.147555889320634,4.849531372097455,34.51635768816777,0.7340968197060966,1
1073,21.036152345275518,-2.258987712766408,4.318342248156807,18.292088254750812,0.2580287094822593,0
1074,75.21610169013488,-4.198192595379023,6.18893785461063,16.823763702430014,0.45314097528615843,1
1075,53.457955059918625,-2.9724957325100556,6.1133348225039175,18.823056068389327,0.16897441860762907,1
1076,39.61096690450113,-4.934768445737306,5.08185930152488,28.34091582072252,-0.014773117131312297,0
1077,68.88298308938636,-6.402132237656901,5.225397276151237,19.06936975733008,0.6717787151184765,0
1078,113.38935585161164,-7.086109233361853,6.115670564181274,22.622762076161745,0.3875623476531494,0
1079,105.47442156413949,-2.0417158965725837,3.1779728028835073,20.35130695969334,-0.1838092815410811,0
1080,85.70880785362132,-3.8099149901488762,5.153983139045897,18.790213669095408,0.04664261806234182,0
1081,88.98251386125241,-2.534353341953242,2.4725976617970433,24.504892523255073,-0.049825687148999154,0
1082,91.86190711367618,-5.308000850416233,3.332255552633974,21.056415763585974,-0.8090852972875027,0
1083,141.1743807670061,-7.624432445599023,0.8401583366263049,10.541954770163644,-0.3137311344318784,0
1084,107.6273789390102,-4.477407158618664,0.18709445130924623,13.929759163789607,-0.5978209424986451,0
1085,107.93969789906573,-7.532057869196109,-1.1747164036400983,23.069831666540583,-0.39389159907525123,0
1086,118.30216799517638,-7.347410272276711,-2.616683475712026,14.989720135203921,0.20247076294656258,0
1087,99.85376493138011,-8.17844583934275,-3.2162105710355897,4.8866034059659835,0.024266028332584177,0
1088,86.32863390569338,-14.270081010038343,-2.310906160166974,4.26959058398214,-0.18559812672116122,0
1089,83.09964246827086,-5.4293417180089225,-6.600934080725774,14.929881746830805,0.27151811808721665,0
1090,80.24223547535043,-7.897750491461127,-5.951588581451849,13.011520375652205,-0.2489548250695817,0
1091,74.76137493246542,-8.438864130947977,-5.676069491616451,3.908884892997616,0.37236505461990277,0
1092,83.1355403432696,-9.41807270931528,-6.069553009241744,11.266836470902245,0.48906318967099005,0
1093,62.01373883394213,-9.140443815121897,-3.3228553200018895,14.535607693123715,0.6023608347457858,0
1094,67.41025405236206,-10.810972880541142,-3.224114788392655,12.835287269704423,0.3959796547035228,0
1095,42.398617269968,-8.508335827798593,-3.360041898071292,12.572510994104501,0.5660705287375529,0
1096,36.401386206165505,-12.456422081717152,-3.9026030089365062,6.33187203625402,0.6091278063327151,0
1097,-14.667594444800603,-9.546218950733133,-1.1123150775308617,1.668014692365705,-0.1175208908921977,0
1098,33.83795612666768,-8.846548573128036,-3.1204960762292044,-0.45522347867536483,0.1619714860734739,0
1099,12.50117072963868,-10.393454433843441,1.585707886754281,0.4704827662308879,-0.0974373135810434,0
1100,15.535934388685948,-9.25581614864415,-0.24263623473989332,-4.822681986804524,0.06623709549600448,0
1101,-72.30083857109412,-11.956667412733585,1.1606057678846233,-3.2388647406456306,0.06587352314223605,0
1102,17.583937441921666,-11.857169262523314,1.9172283596624895,3.9339988991231047,-0.4568366530057621,0
1103,-36.54154075920759,-9.378789950951726,2.1038455875076405,-11.485207001484074,-0.6470999321257177,0
1104,-20.815067075971697,-8.397207926492205,5.805791826273133,-12.140076809765947,-0.4624699877798194,0
1105,-72.5763879704078,-13.381740901323205,5.218588620178274,-1.279176749111845,-0.729682283074097,0
1106,-47.804985991318866,-8.441595666961526,6.017581897881805,-8.175623325031445,-0.5128862158233527,1
1107,-88.8108657168522,-10.401958132480296,3.7594144243322956,-17.043332936997484,-0.4607663234076573,0
1108,-87.22316281671822,-9.50780146450499,5.146334042042862,-8.709181760241,-0.16992991431572907,0
1109,-42.72553052946145,-11.58505857270243,5.270782745136332,-10.407151174580388,-0.08892882837405129,0
1110,-90.26879287632777,-10.370830222981008,4.61551071463159,-12.522243412794609,0.027868799658746363,0
1111,-86.69164342255029,-6.475253633222254,2.606169236356757,-7.914422087566409,0.4709108657179508,0
1112,-77.31445770492103,-8.060671695830655,4.113671033963648,-18.980524223917236,0.3326159464947106,0
1113,-87.53131690399235,-8.590537642755375,2.310227130247698,-13.216287811286305,0.3053389986521264,0
1114,-96.19208112934318,-7.736981563216456,0.29696339933668625,-15.29743355539776,0.4053651201884187,0
1115,-92.66556555432443,-6.185849123109209,-1.5899831132029871,-15.00910430099383,0.3455551460239372,0
1116,-51.66198517653083,-5.925644743744551,-0.12530144397938636,-24.808741499916884,0.2841797065525788,0
1117,-99.65171193963073,-6.582035660984441,0.7504336454492682,-19.704176509631832,0.15594607235456587,0
1118,-92.26222137657211,-3.855334758077878,-3.6155559772957746,-17.92837132849264,0.5678172756400472,0
1119,-72.09394078046749,-3.6944990395123662,-3.226468445593739,-16.25049367038251,0.07400769984503708,0
1120,-66.88904177752366,-4.388765962608327,-2.9476077077332956,-10.645801629009311,0.13810679790139305,0
1121,-60.26223187299859,-4.673336103725275,-5.827162904010532,-16.761583667947516,-0.13448766359521067,0
1122,-65.39218250165436,-3.023013219517762,-5.355179491001597,-19.390774811015675,-0.22314118459619456,0
1123,-94.40981745825628,-3.253374426848709,-5.858733839917475,-16.23572372427881,-0.10990769171536646,0
1124,-31.54911967594405,-1.2948602360166195,-3.937973290818419,-24.99971985205783,-0.3982773091572426,0
1125,-79.17104676700805,-1.1433493636384395,-3.3249518206685673,-16.589084804851197,-0.6723512599261077,0
1126,-41.655845342406174,-4.497637009554051,-4.033862791160867,-19.63073651092818,-0.6112713547000777,0
1127,-53.781799280444524,-4.145561096520131,-4.409900136856414,-28.31477374883672,-0.29256722735284013,0
1128,-30.58013638353437,-2.883706333124446,-3.2439724966332584,-17.313459445225845,-0.2925308688682714,0
1129,-13.030478786085043,0.9671998932508746,-2.5530212946893664,-25.535636342602405,-0.09453096437587441,0
1130,-3.29104628031544,-3.639103542293364,-1.9444879474180459,-17.631437875169503,-0.1916375109430344,0
1131,8.70486184618174,0.8028371281123808,-0.07539361925147074,-27.894903190580557,-0.2752120994929239,0
1132,42.52264724547943,1.2381831317929177,1.5942724980055134,-33.02323153242332,0.25290313911695594,0
1133,29.198684153827664,3.33688519153176,2.4618627944369056,-34.84194819445867,0.33617458712860326,0
1134,24.92332937315637,1.8682301341794658,2.8369306383591124,-33.561263701571455,0.4499370856420236,0
1135,58.46885308377115,-0.6866704463876265,3.662346822178523,-35.40458999346068,0.19110414876945941,0
1136,71.96562248876673,0.5682356660243326,4.140140518521899,-26.943722541780225,0.3709709792925492,0
1137,32.131798607340315,0.6039357272731856,3.372572592347475,-34.184766770458744,0.29832655908325467,0
1138,76.57333116664753,2.3656017508895895,5.091842289431266,-42.835623627293344,0.5094465233581347,0
1139,85.94444454267293,3.540647529279276,4.413393457094076,-34.412197661324825,0.42153250094346806,0
1140,72.5467688009312,2.0307645000361356,3.5157720932686845,-35.547172586660814,0.20137226287321264,0
1141,111.80489784967179,7.74726657475495,4.906040088364361,-39.2008250567888,0.2601180266028392,0
1142,86.24016713117604,2.587662536920442,3.4150142183644556,-36.18813336640413,0.2153253795628514,0
1143,95.81165587040267,8.349621980738224,3.5853743232640856,-38.39993723030241,-0.15422592018984044,0
1144,92.96531421836538,8.432790456572137,3.402276634452964,-35.64858856913343,-0.21255919473175977,0
1145,98.90149134015435,8.248965750037911,0.6995731275167547,-36.56501960535483,-0.5460433795649755,0
1146,77.84249053999275,5.438596151330595,0.7713333678894728,-38.222123469669135,-0.6346776204023288,0
1147,71.14820771545544,7.867738071905742,-2.1288886012430304,-47.13162260225577,-0.29576791095862776,0
1148,131.02190010023602,4.966847643643556,0.2290857890275757,-30.61671037902549,-0.636330354111815,0
1149,80.38465317241477,9.663357520396534,-3.5955310498911333,-49.54968930460558,-0.24442057525877312,0
1150,74.7156864133509,7.993927652011807,-3.5951406826641974,-42.954566092833986,0.07189632462102263,0
1151,47.75073666027749,7.603260047846714,-2.4629949052044906,-48.30752254237297,-0.005169432589524792,0
1152,73.40688068804263,6.233363680491676,-4.60540270604929,-41.360866983014965,-0.0037837114245427,0
1153,54.230753305011774,3.9630964207968784,-5.963529253549945,-43.140394727742226,-0.10850138714823021,0
1154,107.23303262929119,7.055991601050136,-4.258299497056059,-45.148586950426875,0.3251313794794685,0
1155,87.54594390535533,11.550806436539027,-4.287888486639331,-37.17050447129483,0.6010718566385923,0
1156,45.87053294533639,8.688371749917424,-5.420181574691157,-39.653597518184,0.4345784013530187,0
1157,96.37035506822374,9.300479302073292,-4.929653648846333,-47.25028470437742,0.7037701496154759,0
1158,62.13225896179159,11.071251319741423,-4.282265420748213,-41.994420389181116,0.5569608546091519,0
1159,26.751016343408573,13.468090672734256,-3.3426477056712613,-38.573672495499636,0.48347849070511745,0
1160,-26.32197496104286,12.57873579073665,-4.19235469308252,-41.25377056201213,0.26512428390536613,0
1161,59.66702186982562,8.031213392135326,-1.5528981798024417,-47.786307087260575,-0.08879758765134058,0
1162,-23.8996141768978,6.11296466265544,1.395025530123506,-55.382595609663994,-0.026762534591972975,0
1163,-39.011360970834595,14.714566671892033,-0.28676922068512745,-46.11475671647552,-0.17770693691804912,0
1164,4.413784434144105,14.505570585259559,0.9995096563720065,-44.68275514066497,-0.11722627109073448,0
1165,22.983428386117904,10.291829985662345,1.3100787458200105,-52.14249221322113,-0.3558257690353786,0
1166,-7.642257732815761,7.296499589113214,3.917135688073106,-48.430965151514044,-0.2251007849804518,0
1167,-33.21264322280841,11.661893868595639,5.187689598051082,-49.187997476280984,-0.434958512536464,0
1168,-41.314312688458706,9.393104617430964,5.68547942550457,-42.0453634260037,-0.5977137758361222,0
1169,-44.328011512733426,9.23272325622572,3.598213768264105,-39.9056009861267,-0.6210520825473471,0
1170,-53.79122229780361,11.073574913864045,5.493875186511001,-43.46970555452896,-0.4990663336837745,0
1171,-70.2303136351519,9.756171638902078,6.376594241434956,-49.92491471064082,-0.23275150042178494,1
1172,-79.89655854253868,6.495843417902391,5.204212465642531,-43.890115254184096,-0.2023146208662967,0
1173,-88.5397588242105,7.975876399536059,4.737507323594229,-46.49646483704631,-0.19448246699683772,0
1174,-106.80235188224694,9.683994248117003,3.1822065613764385,-50.20671762623093,0.36885144754787574,0
1175,-100.85525898398667,9.0976210904048,3.123043028741887,-39.44214995395332,0.3297104184541417,0
1176,-131.6679669146294,8.296389463979171,3.2726046634453176,-53.646114277849456,0.45920097071096877,0
1177,-101.36542284632557,9.315015050858214,1.4166684147254076,-46.968416137096426,0.30863016339232335,0
1178,-119.7670938759149,6.381931448992914,-1.1510357904669275,-45.8021022061729,0.2914676936028803,0
1179,-121.66457979856497,7.102141544627803,-1.3538998001585665,-51.429344754842504,0.4493278627357073,0
1180,-94.59733388133878,-0.38377812896382135,-0.6478809082956196,-47.16810866743467,0.015084264789235913,0
1181,-67.97646047938922,5.0747426267963744,-2.417680321725104,-45.188277551665585,0.47805997762878344,0
1182,-74.11409653082097,7.093579778409224,-3.399292982333261,-48.62459025608521,0.05389061389620578,0
1183,-119.63032929480212,4.362804437495426,-4.708036298869526,-47.39734465764882,-0.003639237376972082,0
1184,-102.87130027729143,3.7761016940696432,-3.435479590979981,-49.124823709721284,-0.013965577438492,0
1185,-58.291638826287524,2.178844740703437,-3.24737675108787,-45.53667548722427,-0.2846530117938281,0
1186,-90.01470721583061,5.811024439326706,-3.7365729956830247,-50.52165706111523,-0.5923634373277875,0
1187,-67.4124556898057,4.434252460167606,-3.4478185290357386,-50.768490255260815,-0.14447044454697966,0
1188,-43.84491028413495,4.512846791213637,-4.9447992029092624,-48.91975504778379,-0.7992438282523764,0
1189,-65.59099831129393,-1.0728721993462087,-4.599111817031617,-42.89765755606955,-0.9431394845108887,0
1190,-35.03290002088983,1.5702461169776474,-3.604725739400522,-57.326738030548086,-0.27972237374335246,0
1191,-54.36612627078999,0.8377877863293088,-2.621769119000261,-52.89125390982144,-0.6647288017985469,0
1192,-29.981549952923146,0.34023569051754954,-0.3352249211902074,-36.70070500556733,-0.007181195708122923,0
1193,-1.6477466902258104,-0.8295596601661186,0.3641543003481198,-46.41952990280362,-0.04423238922397382,0
1194,-29.912081495030947,-0.7896028216876361,0.7332117526639388,-49.527451409639,0.08580286334409501,0
1195,20.72900477793361,1.1022490168616588,-0.24773335947150366,-43.19581491028627,0.06160006801290341,0
1196,21.379375079275658,-4.920897235232742,0.43696205003557886,-50.754144600930964,0.14086077664517613,0
1197,42.45701124861455,1.9639784434935152,3.222260725586557,-56.9831586936274,0.3338963847086509,0
1198,45.20676546196708,-1.114369707187673,4.6000003966518435,-44.31683186057535,0.30036209260291946,0
1199,76.92561646365364,-2.6529525676527532,4.229815168833452,-49.34793251809276,0.7414954162643942,1
1200,60.565608474189574,-1.234437918276314,6.642130279583989,-44.77196920968169,0.33090810940408905,1
1201,57.31119065297128,-6.423974457944416,3.8741687136012297,-43.19870794007214,0.5173948174091756,0
1202,75.52499055343577,-5.313106605415255,3.780037401121904,-43.68398714354805,0.5166631749530972,0
1203,90.39455847494769,-4.679298300085648,4.157016627742778,-52.47064391877234,0.010687445207400614,0
1204,86.16073324066322,-2.1483787768648868,3.759698719709484,-43.30779183103542,0.1168479650146235,0
1205,90.7991739060012,-5.402648554806961,4.451094435063996,-40.71234042367444,-0.2863506763177135,0
1206,79.8521908173247,-4.826430551741907,2.809439615927711,-49.41462696555321,-0.28177492393626435,0
1207,83.6005526410155,-7.308269020131792,0.8608380953499017,-49.47221379585726,-0.4562218247957546,0
1208,70.80523315044994,-5.54267843888062,2.3817576891528525,-46.66673430303237,-0.5884487584591419,0
1209,134.85989119532746,-3.5328474266366854,-1.2476807612506788,-37.01652495849297,-0.462529154008814,0
1210,75.00425776453226,-5.250022535326266,-1.5572777606018309,-50.154365067135586,-0.7375002971428193,0
1211,85.03860150110688,-7.7396382816019536,-3.087719150833512,-35.41029018234235,-0.2652342324300091,0
1212,82.55559994028621,-6.542457129004572,-2.1784389170635183,-36.979430663652444,-0.5834958593274389,0
1213,111.8808425613796,-7.0353879455750805,-3.024955339158428,-39.59219376022991,-0.5039150952391853,0
1214,84.20293060252273,-7.453757753501175,-1.9919790287187917,-45.05748555915842,-0.16188957110718344,0
1215,110.27606612515658,-6.498374694032412,-3.536220088135835,-40.97126697835076,-0.03690988103464646,0
1216,66.21821121665009,-6.746873165872799,-3.3726046347255467,-32.39920592205739,0.2543650293430873,0
1217,78.83848958438269,-9.42130801776346,-4.697916252686188,-29.330374094746702,0.3295135742973366,0
1218,49.390272134617014,-8.07148224854064,-5.93693575909276,-40.06184298882818,0.08844959288287213,0
1219,101.17838110972778,-10.286296532484485,-4.6076346652156275,-28.472778599695268,0.6756352631974171,0
1220,26.11934700904915,-11.507322492715083,-3.7302604893340527,-30.01611485536044,0.4445271450351872,0
1221,47.16534873144994,-10.317088308604824,-3.0334816737179464,-32.72969412503843,0.5252969666395655,0
1222,44.332743231558965,-10.023140038132386,-3.475314838362217,-35.62172313440975,0.8518367758695025,1
1223,30.30515031394984,-13.261557331629586,-1.6600136045432432,-34.06356438936674,0.5663451641591268,0
1224,8.475269770942603,-8.260701040493597,-2.142059555046722,-21.253705768657127,0.22120642178800276,0
1225,-0.3852452173853833,-15.534039593381962,-1.2643404102535154,-28.67566742219093,-0.24146805707337948,0
1226,-6.904549221857103,-4.5627841937652,-0.340065682589928,-22.106265670665064,-0.3870365692233132,0
1227,-20.63502316432846,-6.9567132884747735,1.7662013925354427,-26.724046492192983,-0.021934841210014266,0
1228,-8.154802843912492,-10.42564649616474,1.460164308587927,-29.36038270236085,-0.45056122568498164,0
1229,7.3147681287414414,-9.803179903536032,3.0045127717108775,-23.330660442055486,-0.48666672369677216,0
1230,-57.1401847691158,-9.109942487986526,4.986716549528001,-14.605654159131642,-0.7243994321769712,0
1231,-82.02154546090662,-10.763775965984307,3.5464049378192826,-27.748973404046925,-0.4042132929219296,0
1232,-64.48046383869352,-9.045827203711447,4.380545073975355,-19.082795137465215,-0.21910629228256523,0
1233,-18.583347341557023,-9.541103011024264,5.071067038020746,-21.81388375584515,-0.056720234972724326,0
1234,-93.01254595394684,-9.24055810810239,5.161589589372774,-29.11920149380758,-0.3328161390443427,0
1235,-50.149489384741116,-8.465374847211661,4.134745336707881,-28.32741501786115,0.02575669967729667,0
1236,-54.541952724449175,-11.20957072666613,4.955484847037519,-22.3160119913186,0.026951069721014555,0
1237,-103.45165155084065,-8.236142019338663,4.127476014821355,-17.398675618993774,0.3671053507672476,0
1238,-84.36111355233605,-7.7003684388646425,3.9042692803776373,-13.816624782057431,0.31827150570194945,0
1239,-65.57712091536445,-7.461483174569439,1.799991303864194,-25.128142838132227,0.2537539138521973,0
1240,-107.1512535086677,-7.823468477364537,0.41094178665224657,-13.068268704450428,0.7447344116306756,1
1241,-104.06909367768425,-4.770240295926818,-0.7535314778780516,-15.97530383512895,0.5195947260499626,0
1242,-111.06075071123867,-7.389798618845252,-0.7557054523417434,-14.412326746143302,0.4041255392491426,0
1243,-118.15846996172885,-5.847676603054943,-2.3893544576108,-10.52555815409113,0.4421258097506026,0
1244,-108.30727106731942,-3.311815717616898,-3.4506141457044612,-3.7724252467435164,0.15507634732442588,0
1245,-116.30648720064507,-5.654482483310885,-4.084103231463567,-10.014076294339121,0.2542765737824252,0
1246,-86.73446235661234,-4.642386622750156,-4.92892954240493,-17.34069089859767,-0.014507181804810199,0
1247,-97.53061310713444,-4.826989742924736,-4.486396749993051,-10.512966576745622,-0.28289068721674027,0
1248,-71.34981972758698,-1.7108050580569913,-6.351387026277994,-4.333501049507642,0.21383413823078984,0
1249,-100.27821832028705,-4.241856261422645,-4.6922790082842,-3.182183779919187,-0.5772551154068133,0
1250,-54.98644127457651,-0.6912463995692062,-4.176091337306076,-3.2884656344371144,-0.3858220415582505,0
1251,-36.76167994610603,-2.9885365671603314,-5.097404585531844,-8.175283075202094,-0.48502570451256344,0
1252,-84.60130781778089,-4.016733495042914,-2.0783142405277872,-11.469543604292614,-0.6970701092130431,0
1253,-28.09290600520917,-0.4497776388373036,-3.307074224223371,-0.6863160496773033,-0.5110379468559431,0
1254,-1.512655965995858,-1.9240492112467105,-4.077837754061133,-8.70702334589682,-0.6240803268107327,0
1255,-40.49041138900472,0.42338478988283557,-1.8892122077991897,1.8282861155836512,0.17749163306869126,0
1256,27.085141664012305,-5.777285626028897,-0.5726830252191106,2.8294025940591236,-0.1485700651597773,0
1257,12.00896908287441,0.1918698460233665,0.8115874845081666,-1.9755293067550266,0.017770623505701903,0
1258,-0.5130089121103385,-0.23826865066990854,1.0886919916667064,0.8004533339818521,0.5878322709412409,0
1259,22.294726864542195,-0.9477948018453983,1.264389170143819,3.355448436759327,0.1606972232444585,0
1260,44.16562081781265,0.5670749993484703,2.020080436905982,0.28633025966820025,0.6820000373609147,0
1261,43.77844862034284,1.0168021253178157,3.176375724886782,-2.550996135810059,0.6014532757680137,0
1262,61.87048749329278,2.5534788411401332,3.834424585133405,5.156565154456373,0.1038403777909333,0
1263,41.00839461143053,0.39341727893963574,3.6443475688122335,6.670941103792617,0.39747759719075126,0
1264,70.54185813484989,4.231418986260855,4.2430938831658676,14.141593154749845,0.48894008391167176,0
1265,45.94213991610441,6.793106916076537,5.633577167794691,4.414039818718667,0.30278097608701704,0
1266,78.31215079289342,5.07419068087993,6.422440436564068,14.65079539705134,0.1709553302577856,1
1267,67.97406555129598,6.570688762522044,5.139073304033788,4.553558283099376,-0.10508032286200307,0
1268,75.99736056854414,7.56983511083358,5.124295676829327,4.542370403735961,-0.27463329637517625,0
1269,119.17924001783217,8.26823891023193,4.075147121994221,10.733038900823889,-0.33035514667790156,0
1270,119.08920913612617,9.935601824162122,3.093124818713262,8.499881016175033,0.01097290196009637,0
1271,111.27957954068884,5.581499909989939,0.9910652153080255,7.373140382813607,-0.6413798547355045,0
1272,78.09422958776213,5.51106907122316,0.48566183112533334,24.843998050374402,-0.593765080462911,0
1273,93.45741135698508,8.865734999062381,-1.073723047905879,13.814186604155612,-0.4846093876810831,0
1274,122.8956052859937,9.047859594482636,-1.8440283422232262,28.57259227873312,-0.7322600834683013,0
1275,99.33054565503365,9.496126863584578,-2.4637910742358686,12.979248706615534,-0.2632195961381909,0
1276,139.78119607093657,12.016932478937722,-2.6244878354102625,10.339847296388564,-0.4859605028013064,0
1277,97.22619192453884,8.53410706565098,-3.5877487392181258,26.26113837235287,-0.3041596761972431,0
1278,88.27319339754894,9.615406059477412,-4.686010729708039,17.08559465271579,-0.16436807064815756,0
1279,72.47863897138528,7.032138960729225,-4.801387233565515,22.319107566439172,-0.12163870614615407,0
1280,74.77458914581881,13.470902629919824,-4.562576496341787,15.74386228870505,0.5854938073270876,0
1281,61.77674007130475,8.711519598269485,-4.268583572872842,23.21970663084786,0.5318554583218701,0
1282,71.0629547512047,8.929070006894287,-6.198129147666706,17.431020821137835,0.6695339707711011,0
1283,67.54093817481703,8.989035720270888,-5.313136615690078,24.788777675176554,0.6654992953886512,0
1284,23.709547588195367,8.505576127881419,-2.5161848930312116,23.647752469171284,0.4352185939996048,0
1285,3.4331577869445766,8.424842772073553,-2.927655444008771,28.01744770225411,0.3906502676210879,0
1286,-16.33813831447285,8.89995318375438,-2.4198632084183522,30.83251370416744,0.49158773439708736,0
1287,20.67025811031681,7.254551549308154,-1.3087211146775668,29.736323389562475,0.4830201381268582,0
1288,-21.537454884917206,8.42932906292959,-0.31669228555949436,31.601610660369765,-0.24367026713306994,0
1289,-52.51378331220863,13.886717920019738,1.4992978869918558,29.604930968654052,0.3638441573250472,0
1290,-11.575767113227565,11.423962000895013,0.7901617401657486,28.765157598173776,-0.5388561537545513,0
1291,20.814595612065855,11.743443637512279,2.8040995371613855,34.07162499240887,-0.4790645102374776,0
1292,-38.57465651705658,12.16031249258914,3.7957803874966416,31.930384981839246,-0.44826703632661824,0
1293,-30.707054300886284,13.363914049695548,4.574757593425102,32.87467301696663,-0.46494132674284916,0
1294,-54.38954093345402,6.0183157583903775,4.8635974944535585,35.97024857551822,-0.0959016483901885,0
1295,-65.99338493047091,6.943012648215408,5.433872150047432,29.54215542249964,-0.23318118562610016,0
1296,-52.98390333594523,7.613447524185151,4.426438408484388,42.569115716817805,-0.2609826441923718,0
1297,-83.80770519231075,8.076503785215568,3.939200747819396,34.87293622547371,-0.013749719475087546,0
1298,-78.51177699866793,8.187357916222037,7.025286638140372,37.4248386839533,-0.009268957924118998,1
1299,-82.44517849224522,7.645108246195348,3.7721732299989905,37.25082375876885,-0.06406849099958226,0
1300,-106.37240409153716,8.706904621165142,3.231744048424686,41.39163829349073,0.31123264876135,0
1301,-76.37187731024494,8.047434608538344,3.3006061667853164,40.46308174374866,0.35158067442600727,0
1302,-101.95272297966629,6.219793313530538,3.32086150469282,39.1412981669945,0.2632651421606246,0
1303,-114.82551947457168,2.983824761587303,0.2134890137164196,47.24267715251866,0.7395859780756046,1
1304,-89.24123233429425,5.000310830645243,-1.2377729703235487,24.57416816698599,0.48782369536008585,0
1305,-117.20272028804825,5.521235378277774,-2.468559396201324,47.380021939238816,0.24175283555891314,0
1306,-96.94016201392103,5.742672420555238,-0.5718552283000751,46.327014775620114,0.19884685118219958,0
1307,-94.98236401239747,3.5790261546607627,-4.0553136595848365,33.08945247965289,0.3889413714135117,0
1308,-69.4310615768783,4.443685057276735,-3.7767213242487276,47.44064277556667,0.3572078557340931,0
1309,-77.0932666426,2.7366997107510422,-5.308941541552126,48.59513783800069,0.09587130625791777,0
1310,-81.66087788857294,4.307918199118234,-6.189814465568547,46.60287143994975,-0.050952400655724275,0
1311,-58.56719286674951,1.9628601422981489,-5.254608749049502,36.472353114795574,-0.4447647579480371,0
1312,-40.13194696522744,1.950448916041363,-5.9229663243787956,48.13708373777811,-0.3733717922476665,0
1313,-49.114675879372996,0.5609866509672576,-5.501010964220918,50.19794531497055,-0.5322077851887164,0
1314,-51.79640694027598,2.393505973942089,-2.4357454172025648,42.72100526379793,-0.537772997958094,0
1315,-69.45315993924162,0.4830144152973268,-3.4723398233219145,48.189551513031276,-0.5091777415056126,0
1316,-55.29988017285493,3.53934245780904,-2.2657813228246444,44.601294311119446,-0.5633598496091365,0
1317,-30.543579767403685,2.0430248910544364,-1.5451418928363032,51.15912398162402,-0.18705956060402817,0
1318,-26.82662122683155,0.5940933848791077,-1.5487364863744921,45.5109185707008,-0.4150979321252074,0
1319,-8.426852904014446,-1.3605352205123908,-0.9079458006099717,44.50524689731475,-0.3298310090257002,0
1320,6.441357212547968,0.4955290703929378,0.7790220431966854,47.51777201128631,-0.07771432639761204,0
1321,25.844959995085553,0.6166065646176138,1.6757201607362548,41.29532956959988,0.39835089670147217,0
1322,23.631491541221763,-0.9767904737789816,1.8555558589591674,47.58081490720714,0.41204795936426164,0
1323,44.31165611169878,1.4510190895706112,3.3746493583471207,50.33501431522417,0.0793644251996965,0
1324,45.06573951594729,-1.3269372615486459,3.2295520755865246,53.10576360706277,0.6083163772227551,0
1325,13.024150045554727,-0.903210378957535,4.298592919778131,50.21266584838685,0.4883403032943564,0
1326,41.979106468529224,-2.940682259359494,4.490729622692773,41.99720236476301,0.37925706326137176,0
1327,65.50924427231968,-2.3258545981261616,3.7207048385747368,56.09423120758363,0.33769465667001464,0
1328,51.1389413529283,-5.730925340465545,2.6030648453796315,56.66660052210218,0.008233608158167816,0
1329,93.52055083499016,-5.503997719548977,3.782296196476267,50.18178307698692,0.17391498744308093,0
1330,117.5115922682975,-4.326846390640113,6.10437479690915,45.972530588148636,-0.2623763335498704,0
1331,115.77817018230716,-4.7671857224956655,3.398060836304442,47.16754867245321,-0.22620812203804763,0
1332,90.7271653624692,-4.848346605041841,3.7433672675208527,48.88149643603061,-0.3593363767330632,0
1333,127.45446629266559,-4.060314159749703,-0.015690386397161582,51.34596179741217,-0.24313120446814848,0
1334,102.28162743376807,-9.492922492173863,0.157754941214596,48.463723818897485,-0.46121009860645046,0
1335,93.24263811170587,-8.957161457225334,-1.17764873108147,45.70774947334516,-0.3580980276688478,0
1336,87.39337285754284,-6.896870302242288,-1.0217093347866089,55.10827427213454,-0.7239813969291673,0
1337,92.29331696670657,-9.134115862361742,0.638963208835222,51.25319537625119,-0.4486208719130006,0
1338,88.27785103625143,-1.2400156615161526,-2.215254000157158,44.658460868369595,-0.22507744475298463,0
1339,96.18877476928304,-7.254291734737486,-1.7657176211455086,51.31046084385013,0.04281901820380879,0
1340,91.80396126699213,-8.711861487613538,-4.363611782749863,50.57690938947336,-0.2896087023780695,0
1341,83.58024658145892,-9.834223608583946,-3.228330739656082,46.07103101047311,-0.08057479327909522,0
1342,86.35043660635593,-9.989691273471577,-2.820852071430746,55.51042083678082,0.3302335189984736,0
1343,94.74147555647538,-9.172598314759894,-5.109273836396441,50.06368113103794,0.6725838110710834,0
1344,82.52781499254917,-9.189351311749784,-5.445635048018275,48.140434913140794,0.4972420008274269,0
1345,25.81211711117122,-10.483620620398671,-5.935045338205086,48.6207536468805,0.2685649913596955,0
1346,-4.149640356421287,-10.249513406318712,-4.453084159165229,51.05275101911629,0.2791393903056314,0
1347,56.56498954728477,-7.123373376127327,-3.423707569067791,48.24772200406046,0.4864524415400999,0
1348,1.1123559715780935,-7.127141468256426,-0.6964735919548488,47.9619499408613,0.4522096127849464,0
1349,14.24169822375725,-9.451557075982837,-3.13549023249483,53.43117765455849,0.22364417039323858,0
1350,-14.565391910787048,-12.672734254819824,-0.8205678386590789,40.72677478278883,-0.08464125591579116,0
1351,-37.19117286248574,-8.92282791736445,-1.6991593459995031,41.259347948551266,0.20301263934790803,0
1352,-0.29923622013842355,-6.875894399953054,0.6791738359961643,51.08124146088114,-0.23391494626641324,0
1353,-5.81112205020116,-7.2045661833808605,2.3640297068490903,58.936106670147836,-0.19101362106069036,0
1354,-42.180400383816135,-8.410090643650484,3.430083132678183,50.88102594095408,-0.7567987895483825,0
1355,-91.82075873466033,-6.944218189642926,4.2550771726855094,55.442684826517905,-0.23176864842803535,0
1356,-59.874856471891015,-9.567949743996772,4.665858231197447,43.55442689214466,-0.6366335759732228,0
1357,-49.57485011925165,-8.27998478080111,5.281106444673475,42.127233279294614,-0.21377251431783484,0
1358,-94.87649328594316,-10.735378774183575,4.991252482516658,47.16353479596644,-0.3000807369191343,0
1359,-68.86595654976188,-8.603503962977719,3.9453138855270637,49.19939173845552,-0.6105429643499104,0
1360,-79.34951765574878,-6.320208318951863,2.9901277284935643,37.405898576124436,-0.14884338535264593,0
1361,-73.17788167530155,-9.926922045770198,3.95067469455219,42.412482486544114,0.277886222905428,0
1362,-87.24556430625402,-10.217894865480933,3.839029256065465,42.8410189305963,-0.0237035092333778,0
1363,-113.07638551011812,-8.025729816359245,4.545441984948985,39.06209423961264,0.5682806848079325,0
1364,-72.72604147528284,-8.37918430173471,2.3775518870366548,39.10869472248491,0.43336173587686866,0
1365,-101.90475828059633,-6.312906129998266,1.3694317401366567,45.58174153506489,0.712066401301789,1
1366,-100.37043376405025,-8.184038261792395,0.9769436042833879,43.14486260331102,0.5240110890575115,0
1367,-118.58246647165615,-3.4887676084859787,-0.6767577155545943,44.202424443108285,0.4714787649143551,0
1368,-107.87717792252388,-9.135816155114636,-0.5781502660820609,41.29218439082389,0.823535855828277,1
1369,-114.81272227987085,-3.6634237608966136,-0.3359424052358839,34.62332856356785,0.5194706621130571,0
1370,-97.71036665429355,-7.299597144501632,-0.958771519214106,40.47133289097225,0.21369823445491465,0
1371,-56.21032402186166,-8.946447769788254,-3.7612345160646905,32.94621698818618,0.2078192353652989,0
1372,-113.17187316889431,-4.449932183466054,-4.0762836340258035,35.483696503348355,-0.1386389898749072,0
1373,-112.43781066090483,-4.9937870227407055,-3.2132813332728567,31.182185131488808,-0.15051185416191762,0
1374,-44.374910551777745,-6.251469248960824,-5.130013533655062,32.61540976576248,-0.06401084225795345,0
1375,-70.87915665296782,-6.932605232699701,-4.290234487674452,35.41439581952746,-0.43947433943879494,0
1376,-72.30213264744508,-3.11525119044602,-5.895846520334787,31.952717082437065,-0.6496108863688328,0
1377,-29.76186295390624,-0.6677892889325396,-4.6729917567936505,29.088830965437605,-0.6932821170636234,0
1378,-53.80636794968342,-0.9639422487940379,-2.6335989508100806,38.44470187363299,-0.46572580816430315,0
1379,4.108629899743498,-1.5294885882749287,-3.7843862393780374,31.39572557992676,-0.5795867749915538,0
1380,-9.246708523300736,-0.19015299139640218,-2.348479478934227,28.579216538654947,-0.6049055924192701,0
1381,-22.72925341260327,-0.7043536319091735,-2.860354171058351,25.019546694850753,-0.4299183392436272,0
1382,40.138941912664585,-3.0098266075923514,1.7051820673681908,20.27208108903509,0.18996599643500317,0
1383,-5.127670743979261,-2.49224297936837,1.9599835653114046,27.710481285368335,0.07564285917369766,0
1384,31.752577150339576,0.4422573652811003,1.854811368048083,21.106755773426677,0.25554089718131956,0
1385,32.65159749052958,1.0242162385715574,3.077534440450175,30.723965758417155,0.16874235011894737,0
1386,62.18921252428876,3.54105345007696,3.766770792024958,26.466308453985206,0.33149932466905185,0
1387,76.51200884354759,3.8426650599186916,5.421649498275983,33.255198205984215,0.3707806748034006,0
1388,54.59682543637819,4.021472234090247,4.024046847690316,25.713122487563595,0.4398255373074613,0
1389,47.02422465930832,2.7267638151625966,5.5995146850820285,20.088980173681186,0.12091446126379551,0
1390,78.80745598125648,0.9939313287459712,6.075021958096723,13.437260595367393,0.587515190226658,1
1391,62.873636525904494,5.037898237264106,6.144051065007709,25.975912758199005,0.25026763866935503,1
1392,122.7519769180145,5.712082688396183,2.40398112995866,14.545569984290072,0.1552932504682026,0
1393,90.44707145551344,0.3210173032908301,3.6127913260528293,18.088290677013966,0.14880554229355042,0
1394,84.76563375174855,3.852997475913478,2.573687201867825,27.58010518980017,-0.01240912403785166,0
1395,99.20141720313754,4.549357406133066,2.9800022241009065,21.33754775937453,-0.42479423811409894,0
1396,71.0467491254094,6.563133298655348,-0.06089983746506067,19.297612535270577,-0.29103343670118076,0
1397,80.0593815319418,5.0988659788663515,-1.0437209439392734,21.128612643863736,-0.35844381762845123,0
1398,124.00824004504227,6.991711179828742,2.1788258348972556,19.994402107043936,-0.43680209855433727,0
1399,86.37120932715099,6.991637639991619,-0.3670989438604769,22.409854301454537,-0.2658294913696947,0
1400,77.08574629039236,7.420607872503435,-1.8180378609473358,10.534392663049108,-0.2534994299399216,0
1401,106.2924689667316,6.6129742863645005,-2.452329539304178,10.696617986784684,-0.16635586033831182,0
1402,115.85414690549158,7.054538606787708,-3.434351225598581,6.997833099405172,0.09065734657973809,0
1403,102.17914686142353,6.437893504214015,-3.205280558533615,10.471341805865466,-0.0309429330255109,0
1404,102.50378181714113,9.602989822692509,-5.289468828510784,8.994486294806988,0.12387906173013592,0
1405,61.40453346240642,10.207384984412991,-4.7391423555708565,-0.10215342438326402,0.4151324089682216,0
1406,41.29706230377765,7.723610384401255,-4.770694064197845,4.416592870986831,0.3321202241508202,0
1407,92.25603724311624,12.48263574343479,-5.918072355257748,13.89209388543669,0.5477963472025855,0
1408,47.650080755724346,8.965063451349739,-3.2731304564057897,6.925290231659429,0.3827882745610283,0
1409,40.42074447041935,12.783567719391833,-4.49329070689148,8.286694767592437,0.03804543805156141,0
1410,62.88101937430706,8.543569322263721,-2.3663271528230165,3.1105489399646595,0.5685320022703626,0
1411,37.95859963971304,5.854730873913085,-2.4700715643808517,-6.720109999113999,0.0541295557696535,0
1412,26.20050135532268,10.767580277981423,-0.049579760180782806,1.0731772485400117,0.10644778229506441,0
1413,50.46085412334109,10.490670266595304,-1.7556215221755893,5.925152361246658,0.2706800842642374,0
1414,-15.703044489401773,10.067784329588097,-0.8016044843212916,-6.211723324897717,0.12390778062939858,0
1415,5.75893877372695,8.694956180229958,0.36356700794686125,2.4520296406902107,0.04727862508763933,0
1416,-21.49491317149764,9.865757728630575,2.3380649367971285,-10.79167071495259,-0.7202777087066475,0
1417,-26.874478780623708,8.843032224895444,4.593847371513817,-3.17999057827448,-0.3574310851941689,0
1418,-10.965909904318622,9.166842229031428,5.371393465929767,-1.555476584687515,-0.531254613609729,0
1419,-40.252510609096646,11.336372329801641,2.043623227539273,-6.83404235225814,-0.3023064301278927,0
1420,-48.01357913574799,9.878980991603934,5.005027001785466,6.095576397445119,-0.18025068445385695,0
1421,-45.112323611154196,10.564116608145486,1.7545146468694202,-9.723528435208964,-0.6704016831106852,0
1422,-80.97942438763627,8.69078845295647,5.77661118432164,-11.137549449367768,-0.30203749340112435,0
1423,-96.84627268346769,8.25792086124425,5.915260088566091,-8.20760198554626,-0.0080190633005984,0
1424,-106.54001892528996,6.400070345720561,4.381112815048751,-13.98582990603978,-0.09588500472291443,0
1425,-129.69699765089075,7.710278983023143,3.953339528536913,-18.394469978416378,0.4696404105365584,0
1426,-53.06880825566506,1.5303184179809062,3.2367386142406938,-17.648473702801695,0.1782303225646906,0
1427,-119.13905833111876,6.693871804905053,1.5462967686674003,-9.33766996150348,0.3134134499570024,0
1428,-103.41196342826727,7.39265390301244,1.8371642424428165,-15.614529618200937,0.24036235618474058,0
1429,-105.44611260047503,8.346949015466963,0.19273903167598164,-6.536319391027954,0.5267321027702935,0
1430,-93.68640213120977,6.327400157037841,0.3562179150812883,-18.20317931957258,-0.11106912485625925,0
1431,-82.44696763762597,7.18809888705441,-1.6630350456846619,-13.388621685273518,0.39564038246660105,0
1432,-79.49262354332902,1.7449418721138246,-3.3239955226589175,-15.324362682846488,0.6118420719683468,0
1433,-105.33780815311866,5.587354763995336,-4.8142104541673225,-21.0895745466225,-0.040433549354486065,0
1434,-93.05687751019624,1.924282553964558,-5.827086674526812,-24.125589809695143,-0.2252112582419052,0
1435,-79.2046310162836,2.435735310988625,-3.177195396586189,-29.305395956656746,0.1724293264134222,0
1436,-84.12398394062224,4.034937120290769,-5.295186624546438,-18.787347586084504,0.0547997890783678,0
1437,-40.50633903813795,6.50770119123912,-4.653663848820258,-16.45960595096743,-0.5939366497312693,0
1438,-55.61091340375184,4.23360586868144,-3.1648241376789414,-31.289531039218268,-0.07467361739953948,0
1439,-42.85625954085276,3.0549472995883398,-5.26941105157724,-26.07173978228145,-0.39552956624145147,0
1440,-35.84453401649868,2.4991728486861584,-4.904999338135258,-28.42405670199245,-0.29001083950400064,0
1441,-16.6904138225309,0.6243799013351545,-3.8100674417758116,-23.192533791659628,-0.631231233771591,0
1442,-27.19592702505146,0.4719468953752013,-2.9022303311320288,-28.44217806942577,-0.10590419502686399,0
1443,-47.10155752054139,1.9190428755208426,-0.1809928697576122,-21.022827655437347,-0.35211521928824435,0
1444,-3.3082470185966795,-2.2047133625405833,0.4428615160023839,-30.387457616519825,-0.22904974412437426,0
1445,-14.353305513169582,1.2524179402688334,0.4882703144779674,-35.46378429639455,0.07658773401794926,0
1446,-1.909412227352135,-1.2105678692462893,2.312449191165407,-32.43055660541859,0.05023855694227258,0
1447,30.292733780599598,0.7187804985661316,1.6460504343821747,-32.67223174996444,-0.038457581924181194,0
1448,53.048146958517606,0.4934036957048471,3.01194017288497,-29.02893653972047,0.40534451830690466,0
1449,38.14235994244586,-5.267829597406138,3.19161831716361,-34.29464570965761,0.3947956272670522,0
1450,52.95117645649262,-3.572898299335447,2.8438597870307674,-30.981211643646485,0.34336373440723295,0
1451,89.40904738969076,-4.60284426228306,5.814380488501173,-37.87548711364409,0.7391624724871069,0
1452,68.21685811340306,-6.99206896386757,5.434675742965677,-36.12425192072313,0.9197687656221691,1
1453,122.83901306084971,-5.898088954173314,5.01805552355843,-39.28998278846016,0.16830445854047682,0
1454,88.81163628365388,0.5926604805478872,4.895185735998461,-40.297816783388384,0.27098910106675456,0
1455,48.20791197809578,-3.516937831872579,3.0938562565733143,-30.375813116018826,0.010505068329726919,0
1456,103.57818666324992,-1.3356506737789267,3.1416230170075723,-40.99630132479865,0.39850829482684674,0
1457,100.33833282514924,-3.9333758437213513,3.8100632903002114,-39.814382180852945,-0.10490356996356284,0
1458,121.78765181308675,-7.482629138767827,2.1611153890032484,-33.493810737348745,-0.14378256697057676,0
1459,111.77452906516258,-7.154861070238963,1.5815820480536025,-35.591814605722746,-0.18932627334197039,0
1460,96.87779763250191,-5.590847208392462,0.7319738402800946,-31.74503784967301,-0.45815522047551754,0
1461,75.5013287999124,-6.25219227954724,-0.8418578423461811,-38.13033705946078,-0.536704973665036,0
1462,95.14816460799749,-8.623559535590527,-2.116972032369341,-44.123398581444334,-0.16627171356730425,0
1463,80.66709806273093,-10.811864363967455,-3.7052668368240713,-31.396285626891654,-0.2431214752761423,0
1464,83.43995418050062,-1.5198825295413574,-3.099845292981394,-39.31554013975595,-0.4609054184972407,0
1465,103.24519488579757,-8.66099683425882,-3.0773964461460865,-43.526465732861844,-0.30353518436042737,0
1466,120.38094626340532,-9.292525481010188,-5.934969060080004,-42.975605841088836,-0.08941537586571115,0
1467,89.51641220562223,-8.655130852840186,-4.7396306859790265,-42.859165646471375,0.3685930384310018,0
1468,51.529895949977565,-9.585809171378902,-4.670692143425641,-45.41477122578747,0.5674574803424336,0
1469,77.41033908480013,-9.050700248841741,-5.980254284261396,-51.5674364745368,0.8147667511575286,1
1470,84.83703192124227,-6.894834009700638,-3.40840813476456,-36.99412514927644,0.31999434793055204,0
1471,40.486323915526505,-9.866729168750778,-4.863562598453839,-45.65842224647235,0.5258448134632988,0
1472,41.25283753222304,-12.067917643720525,-4.0478865626018425,-45.03507166374345,0.4093643492978978,0
1473,35.039177803203955,-10.166297741590832,-3.4193364603024747,-35.946755882944096,0.4008197031683261,0
1474,9.512515999445771,-10.84772470378105,-4.210392619596147,-50.12029007601706,0.5320870322459899,0
1475,28.389264485162997,-7.1222421176170165,-0.5151574837674708,-43.77414379357715,0.2148407940177057,0
1476,3.06375831287182,-7.654000806101248,-1.5029662173160208,-51.34195049139519,0.34508272983476396,0
1477,3.877654101173512,-9.782402486782122,0.21431914446968206,-46.085286366117266,-0.17077077767417143,0
1478,-32.21346204298698,-12.531149324703058,2.0288142153929196,-46.97372303187878,-0.06261953737581313,0
1479,-33.01889250850621,-12.376758269518493,3.815314632117337,-44.29991400076129,-0.4240065306539203,0
1480,-19.385712275872223,-9.821216081513366,2.1038739709259184,-42.4644430969076,-0.7974872522740487,0
1481,-50.515563860858954,-9.080682002114624,3.4397894058598792,-51.635857872308414,-0.6905088645107023,0
1482,-17.31495487735051,-10.380060675067078,5.816224919767477,-41.868349292509436,-0.47412985079571,0
1483,-68.12417635286832,-10.44456927852773,5.268291602253729,-41.70820984642392,-0.08282662304214083,0
1484,-63.31416526612722,-10.499538014185127,5.654977163154486,-50.56977491524992,-0.48548709583452043,0
1485,-56.15493656365687,-9.167156907766678,3.913213539350422,-49.507267069742404,-0.31869427274588874,0
1486,-109.42551692957251,-13.669526958204024,4.367762436001894,-52.08082185140251,-0.052764244986550524,0
1487,-121.71592081751045,-10.86803340985594,4.17251643200448,-51.251151442746874,-0.12296264936157938,0
1488,-121.59013632147003,-9.659200803931869,2.9028008734378257,-55.836308856480066,0.04806459458732375,0
1489,-69.49258203553414,-5.708803313362383,1.3565427042648956,-46.00631001729628,0.2941980802829378,0
1490,-108.5020277272984,-9.449842283893283,1.6701895869666479,-60.20055970997133,0.30242920926323696,0
1491,-48.047643089881085,-7.140132549372946,2.597615006295243,-53.469686899446195,0.10829665321504744,0
1492,-111.25205497019297,-6.708088398571749,0.31557141701266456,-50.23015228065493,0.368486276152696,0
1493,-96.03271287848769,-4.207546751226882,0.633538232553303,-43.49548568268059,0.6105979396554562,0
1494,-67.6417692012269,-3.9034259044600885,-1.5293509274507886,-52.69582836849318,0.5623512327976764,0
1495,-56.138320543249876,-6.152719507962355,-3.3725913376798147,-47.785493177677836,0.6072419113568839,0
1496,-51.84451694529903,-6.582724765190054,-2.125808271469685,-50.26484888169017,0.4675761749352109,0
1497,-64.7917035160536,-6.5393867456555,-3.8509609149380633,-45.04956727679203,-0.10643127969236903,0
1498,-63.47336805846875,-5.26078565499033,-3.5993175616197073,-47.79255710302985,-0.22491479867635367,0
1499,-66.26082324036483,-5.201720429413079,-5.9455149917395165,-45.39489544420629,-0.3587516786739916,0
1500,-55.92042143958371,-2.7705615353778406,-3.9600229098912445,-52.154755780416046,-0.37205418662142586,0
1501,-75.17335713020272,-2.571666831094804,-3.8521967507240378,-54.30758452187007,-0.5589244381085613,0
1502,-72.53465828695022,-1.75462525666523,-4.357437538191764,-47.21800297471716,-0.5230122911416893,0
1503,-47.69796870841571,0.06174264992490697,-4.994976039047429,-51.2888483802977,-0.6727816180575333,0
1504,-42.01806294516565,1.7564571183035156,-3.6079475576925377,-48.47561320898239,-0.30718104265565666,0
1505,-38.27700038991418,-1.2274885120016754,-2.1825291007072014,-46.79843190536981,-0.5779414756109883,0
1506,-5.59087832476615,1.2182693387910684,-1.679750950098477,-41.91348971435413,-0.47742150369865455,0
1507,9.476312698701228,-1.185370342058895,-0.3574210179303984,-43.909146342300005,-0.038615051584986876,0
1508,2.1233997475260953,2.387777096274401,1.0477718856310527,-50.946883952803226,0.1497888347740949,0
1509,39.887367476505815,2.64055014838698,0.37969274998925395,-52.94776670705165,0.10781807088630682,0
1510,-2.618794141104736,3.0328389187884777,0.8246885342535641,-38.347681491241815,0.4605009153727466,0
1511,26.01803976281195,1.700082317831696,2.8149231563326933,-54.441063661949464,0.5543111921526527,0
1512,24.932360064267947,0.6673828948290448,3.281697944537048,-48.41484734183771,0.8477517803006781,1
1513,10.923290729008102,-0.29781026990042436,5.012289902033425,-42.53221648519154,0.6456813412882101,0
1514,55.10348769989984,2.8920927547096125,3.5984525201009903,-37.15243906934131,0.8271260539464659,1
1515,62.258131399419874,6.511683948121821,5.9535443983972325,-45.86421975348871,0.4412757603074907,0
1516,102.25166469593123,3.2908484020723403,6.350316625880026,-44.33089821430922,0.6137081905276555,0
1517,91.16926474354398,5.935896407954684,4.861348631655923,-48.376664899066114,0.49301342358218525,0
1518,63.85477986712595,6.497739235796855,4.59232447292671,-42.88476181138105,0.036757736375404554,0
1519,126.36317040485625,4.674635104456563,3.2539263989123524,-48.76752029282089,-0.2218385661059767,0
1520,117.75272628539327,8.293766044020842,2.808373119928464,-46.249877060059575,-0.32856150357855407,0
1521,108.09219672511719,0.24867396000081765,2.138663305482597,-38.143702606644716,-0.26470709360834743,0
1522,94.07505201720268,4.010252141952563,3.084365169268012,-43.57895784236789,-0.6683170591845315,0
1523,80.58521469050503,4.998109337521411,0.598540991943782,-36.25618365115113,-0.5806067699245191,0
1524,92.50222051297392,5.546495237156564,-1.649501704533345,-41.02498197127412,-0.25814168038780544,0
1525,120.89505408627632,8.197041467066462,-1.0566653671963158,-46.50056243721833,-0.3275000742321704,0
1526,134.99515837715694,8.424374082386022,-1.4181144606085236,-33.19758921309873,-0.8535059241566556,0
1527,125.3794296592917,8.932455871252845,-3.1127235022901916,-44.983484389987595,-0.537408494768185,0
1528,81.00433926140008,9.616457020535512,-2.337924848814525,-40.767867652602696,0.29719405595518794,0
1529,63.74869061659063,6.782847851553797,-3.5976771874040097,-38.094398592964296,0.24964804170342245,0
1530,83.4577830157727,6.483764693379068,-5.817937297357847,-31.388895288283635,0.044240029925274066,0
1531,38.96456075721779,9.927520381597597,-5.523746743927137,-38.35803098354772,-0.0041361088552918646,0
1532,73.74727810053247,8.066348615687332,-4.751362548760708,-39.65247139455079,0.15015178857088415,0
1533,56.61016911355779,6.354482243045286,-6.4506122078968895,-33.48479184918163,0.5726527246150953,0
1534,41.92466180288468,11.583006837956324,-4.0641605263956855,-34.63353864231981,0.8949165079330831,1
1535,10.522474479838632,12.551312241878609,-5.602759248441884,-35.15279080408533,0.8662710571821128,1
1536,43.43586993656872,12.971822680686827,-2.105267324617132,-30.972412911568206,0.1093708805140266,0
1537,12.925820587346514,10.30327019808842,-1.3842196274649399,-37.29900114760544,0.2683221144112009,0
1538,-9.638131698859501,11.228054835102325,-0.8581498762822284,-39.10389116114711,0.029782728417819815,0
1539,-53.6421590355195,12.737927696789646,-1.0559117590414424,-19.002508836864248,0.0843263283241403,0
1540,-6.742331826618456,8.712370005760445,0.7882180046141035,-28.3648217554787,-0.35861784731397356,0
1541,19.31974800623915,12.188584491092815,1.0780479522089388,-27.19288674580561,-0.34265698747588774,0
1542,7.32776866894444,10.465136246473497,1.4705753117478737,-31.140551850049363,-0.5271759006324717,0
1543,-44.552714032247955,11.664101041919672,2.9728901777040373,-21.89803264133216,-0.33763604228636473,0
1544,-56.61459048882426,10.106611166533423,4.688116961443527,-28.199320812741842,-0.5944475864221811,0
1545,-43.9090923441314,12.200354938603269,4.552821067650633,-38.59778818674143,-0.57092813321951,0
1546,-81.43411254894617,9.904290838385377,6.2991123737158095,-26.627505195198697,-0.3553576125012398,1
1547,-62.99824008000721,6.315048805516401,5.760288058177947,-24.31517600892446,-0.049015048327068766,0
1548,-60.5903811314119,11.989421117415034,5.6001881480290105,-22.865137828811125,0.15938064246788747,0
1549,-57.49274336619794,6.97035811121603,3.0825586951886104,-22.107581714300654,-0.03526497913177147,0
1550,-89.33427980706382,11.129228822061117,3.9692799131240197,-23.426455351034637,0.004421598088834373,0
1551,-95.83187924925362,8.178766156931799,2.583408196413333,-22.990765946693976,0.4320123901002414,0
1552,-112.82844230516642,10.426519632061794,2.712694389234382,-19.846619357007285,0.533747280629725,0
1553,-114.36488971145286,10.03909859421678,1.3348954947376634,-25.6503293874404,0.5814018118443894,0
1554,-103.93789465866152,8.305491158828993,0.7021842132350686,-26.27018440324938,0.15771580979288718,0
1555,-92.64878583263182,8.119310555529937,1.149521659710705,-15.044586805120419,0.7414594083817501,1
1556,-81.3130546560075,7.586779963712489,-0.4313439742139448,-14.007637465342476,0.5530572125867014,0
1557,-114.24195953050811,2.3363057299108343,-0.8582892667956241,-9.22492418802649,0.24126555039331435,0
1558,-65.93727654927255,6.207141619592666,-4.350528838621861,-13.93492030256734,0.18670198630195323,0
1559,-97.86907487428562,3.3299556753877484,-3.466685395219455,-17.65533380992684,0.3098739711034117,0
1560,-88.60580776844684,5.482158847366678,-3.1922523975144217,-20.410861090784216,-0.4537517766675184,0
1561,-97.97350444928142,2.4187532148009763,-3.121154244751663,-14.184751757010932,-0.12574938715167697,0
1562,-125.53528402796368,1.887829027166784,-6.459549494957585,-6.638423640602395,-0.371906783057392,0
1563,-52.620915936571414,7.010054400288652,-5.351151231797413,-0.557528535243156,-0.5110036026715912,0
1564,-48.11385837787768,5.472034175797489,-3.854326442328092,-6.504990874135986,-0.5376518201283691,0
1565,-60.39821613640916,2.849477119795632,-4.774825763814179,-11.851302198542406,-0.7888321481927281,0
1566,-44.80551895234835,2.744779562886303,-5.0042677540354354,-9.188577304267085,-0.28516100340563383,0
1567,-26.73914832888422,1.3909533149529754,-4.991943003431571,-8.036209931078655,-0.8796653546473534,0
1568,-58.85117859317323,2.533365241651503,-3.601519666050252,-4.824812316040546,-0.3380960664623726,0
1569,-28.447871085815144,-0.455152425596564,-3.446834618955654,3.808536729757292,-0.4261068345983998,0
1570,7.930439304964334,2.3855387274026114,-0.7345040733088384,5.198254120778996,0.2783996833808686,0
1571,-23.049197224922132,-0.6080085243954791,1.0999270693576548,-0.6576068320324739,0.035069261918986475,0
1572,17.878846461280514,-1.44116734399217,-0.06889402420609114,2.1189074979156772,-0.24801389133323073,0
1573,-5.2728285424981465,-1.0561824551829235,2.3907498299727927,-1.7848296182456331,0.4163577255969194,0
1574,40.82012095118434,-2.7772888432613785,3.8341936924620432,-5.348060631438875,0.19139619166862212,0
1575,40.09675253796627,-1.4290305183736485,3.722957995938714,13.14041455190107,0.6731911931773696,0
1576,17.417250891883043,-3.6473055284802167,2.7031851283712984,-6.4181507072542825,0.6235210381112114,0
1577,81.42819464741876,-2.115288165601723,5.116323319079573,-2.9914329260453574,0.7735973163897958,0
1578,51.27424657862389,-1.0924480659998546,4.903122531464679,16.160807029677372,0.45279164859657134,0
1579,56.93458868357226,-5.426420972666892,4.831271915569431,8.249992453447147,0.4784170071000204,0
1580,83.59379359736438,-4.702277601665426,4.272099494576646,3.522211913589186,0.1942388878393676,0
1581,108.20276773940391,-3.9607138452052846,4.5447685419748876,13.546515030853024,-0.0777288545489919,0
1582,69.70960527530099,-6.185132670474347,4.429117760401564,14.975420768368085,0.10427562051165341,0
1583,95.15614910630518,-4.8015387503669125,5.615016605512686,5.419439461569362,-0.49432391721598334,0
1584,105.45694947642552,-5.021821596765411,2.513223762923574,10.386521268157932,-0.3726669347291973,0
1585,112.73279985027804,-4.353206857040162,2.9928401024992852,18.39463780697958,-0.5636563883888281,0
1586,103.40170381651663,-8.102525662744466,0.8611906127979123,10.885934917991438,-0.3258701513016258,0
1587,92.53660420471677,-9.129688436581683,-0.5944265972653623,17.332349518449387,-0.6838174233329355,0
1588,82.33170527124406,-8.194778548578132,-1.3249545086271095,23.990290532702016,-0.5322696011665786,0
1589,98.6247247007591,-9.83166914984288,-3.615098296467464,5.8417579516952,-0.3575000718795675,0
1590,72.5091929316027,-7.063972465017813,-2.9119457591292717,17.02877158582929,0.04820109763486005,0
1591,31.636352573370274,-10.792797720462762,-5.906031425771983,20.96653049290671,-0.21663440129296313,0
1592,94.00606405381919,-4.058419703524972,-5.3167555623322285,11.61357780985621,-0.04125949521281779,0
1593,97.71303222715399,-6.365947649060233,-4.706798473913103,18.83301277223307,-0.08514787032718599,0
1594,25.939474173598086,-9.14361282188779,-3.7931873569845695,27.60221578664769,0.1169869011816978,0
1595,45.83592482146216,-7.622019228070604,-3.528250581050769,19.747848074028482,0.49726379974165846,0
1596,70.58628484893762,-12.795068648062674,-4.969432208835864,16.728185430856037,0.48512192923256153,0
1597,90.94422260497115,-4.615576258400932,-4.162493746258585,30.6747109135822,0.5096079549274476,0
1598,41.30377262835878,-10.959459372097491,-2.7470205845111244,28.103786565792916,0.824847030810548,1
1599,17.012886548563,-10.112289719442904,-4.325290147283663,26.38737077482737,0.07619156123356452,0
1600,18.28459701580367,-13.650753113610627,-1.7360296351067541,27.079374926544418,0.771572685580017,1
1601,39.59039222067856,-9.009061537065506,-2.0283045441436007,33.54140008133149,0.4135110368134358,0
1602,-10.796909643055796,-12.21212517598429,-0.38401463237527755,30.689923398146014,-0.03334211142758748,0
1603,-23.853162150689393,-9.788932669432269,0.3254685801449345,33.25095002858528,-0.03881863802003431,0
1604,-27.437260754095526,-11.048624982526427,2.185256162344751,27.353656091930528,-0.39205881112248375,0
1605,-46.58435500249436,-12.058500907466739,3.195845001418357,22.010985606310527,-0.3072456088578704,0
1606,-34.52482045435125,-11.42992058685544,4.326793912684164,35.475963052802264,-0.023577461951888645,0
1607,-13.575627323228666,-9.26325818170584,4.437116847223991,38.62672193523239,-0.6247437481760826,0
1608,-48.23827256576949,-12.147170835924394,4.750762314120259,32.74171187237165,-0.5395668948148026,0
1609,-67.8310467060385,-10.927211391667381,6.740768262539111,39.03219865637062,-0.5981456541903454,1
1610,-76.07700393604799,-7.924871387235228,3.475202229162452,33.63240889313213,-0.47973113396313816,0
1611,-108.259573985062,-3.845164772830481,6.608671264770507,35.555911255667525,-0.32256007674693166,1
1612,-65.31922536094038,-7.87103265819537,4.3408713469132945,45.45808192473379,-0.32089220776374944,0
1613,-89.69470500923364,-10.41475842723644,4.734605566180019,35.9101907488821,-0.00542755147732097,0
1614,-96.02345413341943,-9.04704220924985,3.20508088623233,36.27185047108795,0.2031265838134666,0
1615,-31.90423059752925,-7.96143687758045,2.054466039785349,29.316496862274462,0.23945955725134202,0
1616,-92.1869838476014,-8.41520845385124,2.3579387691063394,42.74299128042605,-0.040512743012330044,0
1617,-114.61272040155073,-5.582699004020671,1.957158777588683,36.35393312916209,0.4502041884988431,0
1618,-108.52396924543538,-6.607856966057703,0.39322793935139755,41.2338187634616,0.4904024611283073,0
1619,-76.44868591494543,-4.863484414849198,-1.613525709426925,39.500853485677965,0.8535034621371889,1
1620,-95.57962686858268,-6.9277675233397975,1.591023965533866,39.409010687929275,0.4111566321215562,0
1621,-124.0603943788977,-3.2518263419139117,-1.690124574962603,41.594597524087824,0.4884595973894841,0
1622,-73.40790136509672,-5.824990795710886,-2.7085648069216646,42.507381248052276,0.0848339184195849,0
1623,-100.7358468932654,-7.009865022335808,-4.602888863352967,49.10335212878155,0.2830569463323902,0
1624,-44.614492997578445,-0.27564410477258416,-5.313676858692193,51.31804139239058,-0.31413055687905733,0
1625,-54.366849837638156,-7.831466642815064,-5.22002044311379,47.447096689499475,-0.16168239136899004,0
1626,-78.04256643769554,-5.199763281355036,-3.9134956782767887,51.010162993777996,-0.20860101679640491,0
1627,-35.91373298633602,-4.507812440210575,-5.841096425851127,49.36412267127592,-0.31829955443376196,0
1628,-52.00005371773539,2.2395176010763596,-5.580911973369112,47.989420965450336,-0.0637131989060693,0
1629,-27.591666988646335,1.320225905848777,-3.4554692287491875,53.19682433716148,-0.6085837522856204,0
1630,-25.79636123860404,1.1837000426613074,-2.998860226362596,39.76512787939981,-0.16019875506179238,0
1631,-42.90741326177748,-1.9716285005293042,-3.279129669050249,43.25305901812379,-0.12350310089872352,0
1632,-29.080953014338945,4.039164996295789,-2.690760587607234,42.920061854753406,-0.22473732058444607,0
1633,14.321548303333586,0.4226657147098395,0.81136839640621,45.84802016969076,0.2741819819988181,0
1634,-2.9781619867030447,2.140426098234248,0.7284819586026892,51.09591045465348,0.026345801658813128,0
1635,5.602245615298992,1.0447631188609674,-0.00886183714720512,42.383274386720274,0.2044766895636249,0
1636,4.39399529120848,1.0841991390661438,0.9902384052578113,50.745987737914426,0.32540599705214823,0
1637,41.55489145780436,1.1743776443829401,2.760491435456854,45.55059511442579,0.1691894168642048,0
1638,83.58931829611565,1.7492637522914882,4.56852025765039,46.98509367968772,0.6355940284571692,0
1639,29.821035898284848,3.870715553388008,4.991445899862263,49.937518985985875,0.6206645510261546,0
1640,59.977666935776014,3.866687421881627,5.913602208528531,57.53713456351447,0.45031632650375547,0
1641,95.46483536364438,3.5400715639257556,3.4864202312888684,45.744960103849365,0.7533308130962452,0
1642,72.68309862439293,7.083783110385714,5.1970549794127,49.06230787383363,0.207147199706614,0
1643,89.63672406354894,-1.4172099127779116,6.19729075219642,44.20794373905464,-0.1839159196822727,0
1644,64.84955773706022,5.976343431741332,5.7121344002143895,46.10578734442077,0.3954622406767557,0
1645,99.3114533620468,6.81993021940375,4.171604727255155,44.37538926312081,0.06887860565540455,0
1646,90.74361208042417,8.092804084936693,5.442075222737602,51.11266821475221,-0.14458806956691214,0
1647,116.99820540799,6.0690668327864765,2.8613535214110977,52.07197812760378,-0.45003851263795186,0
1648,122.85640901115002,6.99908742011842,2.36304386825376,53.41739501123777,-0.39194788496704613,0
1649,151.7347820563715,8.923126932712787,0.3803379002680733,46.23062152765437,-0.7495354878136709,0
1650,111.37239140926059,10.28417140009203,-1.4428834388715468,52.53530839808849,-0.5351454448808729,0
1651,105.13490694678846,7.033124252867747,-2.5085272853159384,50.53781874917759,-0.6197326972434161,0
1652,100.36055106164254,8.481423906428398,-2.3579975704552023,49.64029296320056,-0.2962793223463379,0
1653,86.29949861114144,11.598031843931937,-3.556163145275949,43.65870744697038,-0.042479905732581175,0
1654,96.08961029341735,4.265643420519159,-5.7849540766148895,50.54890955238624,-0.29492391613452185,0
1655,78.47655892870142,7.385206219607426,-5.5537493259110775,50.604333233575574,0.20898680330113495,0
1656,81.97531746338929,11.926528709698507,-5.177431342720976,50.065229277286605,0.24763975470843902,0
1657,98.3941533097977,11.387075295514718,-4.269106316823239,51.41405578744098,0.46959407612478415,0
1658,44.627634077317694,10.431032719195052,-4.9506273724524625,52.72423038092306,0.37978200295837466,0
1659,79.6252940111267,8.649630752632037,-4.748060414706516,43.57888578114872,0.6261811541801535,0
1660,74.67145771962296,7.920007613031014,-5.217934336422574,47.78364518747117,0.3600105005923542,0
1661,36.98633046229921,8.613829416285833,-3.5942036507767856,51.224540722414986,0.13192560264967856,0
1662,-12.464001570545964,12.980407590333659,-1.5404036089144404,47.06284807271438,0.10495519421973998,0
1663,8.142570803705878,8.690930434130937,-1.8320650029604297,52.94169814141253,0.18720348629614225,0
1664,36.361994609374534,10.189222045857523,-2.543848237506796,48.31597382835668,-0.16843724529377893,0
1665,-0.016298650130119052,8.492560393101996,-1.2956286248739604,37.79182373372138,0.31669028034320956,0
1666,-29.530430084020146,11.674128577150414,1.5388702323903134,51.445911189207735,-0.15799311693820395,0
1667,-29.52996755230955,8.874766541046146,1.682076320205426,46.32668123616061,-0.0929817775848506,0
1668,-12.317969495934381,9.695794541478037,2.7121201806689044,37.7083097285684,-0.2301030703417617,0
1669,-27.600538532198186,6.438258971068603,2.9431778996662232,44.92145899171051,-0.46229804441340056,0
1670,-52.33366067058377,6.4678202283762705,4.686772957701386,39.44865825146788,0.20907047918869026,0
1671,-63.43616168732695,9.575205208136582,4.3431143115118225,49.1453928423818,0.0971447411351063,0
1672,-71.91896180271435,6.7509519634299995,4.732947180547575,44.771636494039775,-0.15652834901669,0
1673,-89.87582374807243,13.42934873522675,4.1477380394639205,39.885239813899815,-0.5236181714668656,0
1674,-45.75024633618962,4.89099527767784,5.8007609409966925,48.09353117258414,0.06694100800270059,0
1675,-90.3543822405716,7.186026540586037,4.343531953098419,45.84962833844006,-0.4268098754751704,0
1676,-64.57663444211022,8.57015314147315,4.676161400956171,41.87846322476969,0.35168228969615234,0
1677,-62.61685852527729,7.535522367707201,2.2161162989527634,36.31236427297808,-0.29591624892154145,0
1678,-76.2706796116587,5.7658740004627065,4.349083503973867,37.79403149034899,0.2752590694144165,0
1679,-107.10145457099385,5.746754645872117,2.993807120882673,37.16835789676868,0.6743311325259302,0
1680,-91.64272707067579,5.350595045734446,-1.1605606409915357,44.620798742644034,0.5643676917258066,0
1681,-100.4531789780249,6.409426747342505,-1.0497662160774657,31.90013679920407,0.20290257441692072,0
1682,-117.29638216868648,10.520241713533297,-0.7573799698493262,39.46863833380953,0.4994271673733861,0
1683,-90.99684055129468,6.389234012040377,-3.4926925115994094,37.83769825638805,0.46767218270605126,0
1684,-118.35247507485275,8.200556129848037,-3.1558782204721028,43.635487965846536,0.32179802256200873,0
1685,-67.358817256625,6.435519725682363,-3.3284039702764745,38.974765727679745,0.06459177102489007,0
1686,-95.8351117127609,7.222552618855957,-4.52081186027615,39.82530049832074,0.1692249076944315,0
1687,-77.08522668196743,-1.0443244617312857,-4.205431373354681,33.84575598293901,0.07951178970543424,0
1688,-69.19790788137578,3.496077783877935,-5.656645033533095,29.626283456943355,-0.3146359298488433,0
1689,-73.04899730209179,6.258394008468351,-7.228670011594917,33.44830087528703,-0.08884351530117052,0
1690,-48.46611073825497,2.0306724425780263,-3.8248306719442433,38.241869239869374,-0.4979178187946522,0
1691,-61.42565047164527,6.221177636567645,-3.4619510779979747,37.49714505671409,-0.5968338806981758,0
1692,-25.710378773688248,5.179359659018855,-1.3880291212641445,30.722940007630978,-0.21513167903283303,0
1693,-60.83366181374913,0.7831381672728728,-5.397603880307425,27.812194889415068,-0.16661293631789553,0
1694,-21.825361944824998,0.22059020696831166,-1.6111449795533108,26.05970840021147,-0.46043022884459595,0
1695,24.23006778018644,-1.2978434482611878,-3.4080543806258174,29.874624299496997,-0.36511920902393935,0
1696,-24.605333433500505,-1.0291922766367478,1.2971091145992553,30.442943764614668,0.28409088378705605,0
1697,-8.157852332670664,-2.7351288612917717,1.0267849391567911,36.31667238542009,0.0601089022431857,0
1698,25.617032579844974,0.08839944411204226,0.5638065661110807,28.74631562323484,0.22352238551081685,0
1699,28.71907875979514,-4.17866543055853,3.212347608947322,30.366187329098423,0.29473180723952624,0
1700,41.67754753517421,-0.5532901671054273,2.698508693095827,22.5517943664801,0.7009855012196726,1
1701,53.639829904133634,-0.9943815877911077,4.24176918165075,25.808834975579654,0.9179738372244577,1
1702,65.30346289647214,-6.05710539866911,4.679983869870661,25.436678082904315,0.5119196894041892,0
1703,83.0303245156679,-0.11238166508594594,6.572496176830995,23.1596948357744,0.9457716789226138,0
1704,76.65213849009267,-2.65409420394628,6.805068635480522,22.869770539593667,0.27434127657276886,1
1705,70.56606255520572,-2.642009300129784,4.355750793675363,22.71728267156172,0.21728530721397885,0
1706,95.02485586195905,-6.108476939792653,5.776534102069798,23.589866026796205,0.27260433919219373,0
1707,124.93813245938549,-3.7846540181294563,4.650572102971108,26.12029021593068,-0.17359617119496465,0
1708,88.78625008244818,-3.2023201626297286,2.289096066944156,8.028869468526752,-0.025429447852582943,0
1709,75.5331426522945,-6.064383740391037,2.264017727564946,23.999462039996477,-0.39437823735550315,0
1710,119.80070018009602,-2.260717042398304,4.436844510796158,8.943527866243226,-0.7067462907064338,0
1711,96.9110442504872,-6.558169567201167,1.5152568990431032,18.10117773746594,-0.8181185389813544,0
1712,56.532498048911776,-4.729851826486957,1.1677441790001306,27.38868093748227,-0.5641231879570243,0
1713,116.60251800019488,-6.773005496149714,-1.0402138298786496,14.444763103369954,-0.4009831731619924,0
1714,87.6200055554665,-6.517186002956889,-2.33122904400212,14.598625905642745,-0.6986044162102578,0
1715,94.20594186807162,-11.340882993224394,-2.6557272683083437,11.182818072599071,-0.2944230907666967,0
1716,99.38688616173329,-7.546108990055194,-3.7338380624126026,15.100921335287394,-0.16814139357233215,0
1717,92.36124502304078,-10.027448452784919,-5.607481557623066,12.601439631942153,-0.09397777074729033,0
1718,97.65948481423564,-10.49818735664349,-5.6000273913276075,6.431631899751716,-0.09632261288871037,0
1719,68.84590897458855,-5.543067979870022,-4.188034726371707,8.25764948619995,0.2784067446509598,0
1720,81.12802998175393,-9.662124966165296,-5.380642386633266,2.2512472335344356,0.3227474529537764,0
1721,58.2771893110852,-11.421416601333782,-4.878946976329265,6.259600369231721,0.6370455936183744,0
1722,70.21238882117432,-10.289772535734016,-4.378895976617557,3.7655826321821477,0.23225178226984383,0
1723,59.15768524650999,-12.305182289040456,-3.825997742190481,5.550939516829765,0.5198793626232964,0
1724,19.08760482186572,-6.945029795798739,-2.3526867196813583,0.3225092362822166,0.20458780345965794,0
1725,50.084415558992106,-11.288150235095275,-3.8186749019361934,1.8022154548152298,0.33241445610153053,0
1726,7.930487267919977,-8.897442075726927,-1.2620026863916638,1.9193832532032862,0.04775707447961844,0
1727,24.909552871673185,-7.2781967921929915,-0.11645769830569586,1.268003156318231,-0.05356900050168609,0
1728,6.105372819876728,-11.00011303739601,1.109879581713678,1.2473781801482715,-0.01937101491562361,0
1729,25.546923135032966,-8.920165953385643,-0.29832109926695316,-1.994784175195898,-0.2785540340565455,0
1730,-25.550372938785173,-12.003830743336389,2.3155489707824235,-6.056870030506058,-0.004139536815370548,0
1731,-37.72105718817604,-4.986713342869945,4.640784158900869,-2.711641927273248,-0.16712240487675498,0
1732,-40.469690182688076,-7.915395572725571,3.572967266430417,-5.013655211483881,-0.311486966695127,0
1733,-55.09099143959113,-10.058806788310056,4.756567508567783,0.008152025556306342,-0.34272696021942867,0
1734,-41.48478992967644,-11.08052049452935,5.4840994938668715,-0.3550328196283843,-0.4563075763432424,0
1735,-97.69171491376075,-9.600273093467248,3.921343316493283,-13.960363225885192,-0.1609556425649033,0
1736,-93.66791540800381,-9.866248568547142,6.8265333213482755,-5.002569141376287,-0.3825894987038085,1
1737,-100.45375181706596,-5.0714322332143675,5.339061284600065,-4.984766683870543,0.22714973874572333,0
1738,-65.80464990032954,-11.196992374958008,5.012977192581873,-16.784160300477964,-0.24053382556633668,0
1739,-55.46424114622125,-8.223061420724914,2.306220247647256,-8.135134190967698,-0.12857798817698202,0
1740,-95.73518179587076,-8.254854499575645,4.079364160835011,-7.525805308857567,-0.04120648143901179,0
1741,-100.0566388668294,-8.157971900029573,2.9768460588237065,-17.72209262735267,0.11297532075293978,0
1742,-97.3471714745041,-7.82555379029729,3.181754923845934,-15.1186577230432,0.1187347535116745,0
1743,-76.59199949851275,-7.5066144428780035,0.27133111509752283,-13.962865503795392,0.5351671736956684,0
1744,-118.46051502868164,-5.176310638604889,-1.403255544082778,-12.993732870376004,0.666874225694335,0
1745,-94.2316572955345,-5.335141325126603,-2.079461203696243,-21.733440013095112,0.46238329541492007,0
1746,-77.59150330746517,-5.329575079456722,-2.828122598086974,-11.94471298845998,0.09725015207637927,0
1747,-84.19984575730754,-11.834249826747207,-4.275296600718537,-28.807898982349123,0.16568910925055852,0
1748,-86.61493770495534,-4.751141479644512,-2.5737580742901587,-12.966378227356326,0.290047339274366,0
1749,-65.66717650304305,-8.233096032362205,-3.0896460293226498,-17.74988249173942,-0.09538604125902533,0
1750,-134.17810537778882,-3.187961089754441,-4.990455826343121,-24.51799103052157,-0.3330151379693049,0
1751,-60.18084708508926,-1.0791916148010299,-5.373596152001801,-17.986454537452396,-0.6069504664620602,0
1752,-79.70799184289068,-5.418181140999297,-6.783920025402232,-28.437906149120458,-0.4924243752480162,0
1753,-95.4615510759138,-3.6178685260803736,-4.062002790229022,-23.50537858420501,-0.61563586309414,0
1754,-40.25925741934262,-3.813888500854207,-2.7043648582849222,-23.759050709716377,-0.5172043287826465,0
1755,-14.14014223758096,0.3413530321811047,-4.421108673758573,-24.632436934201277,-0.38480294519880703,0
1756,-35.0765006950184,-1.4484655101018034,-3.1759547630488334,-30.862909814578405,-0.4738382044174566,0
1757,-3.6612507223122464,2.313222169049353,-1.778175593140202,-29.985253542503138,-0.280367527505433,0
1758,19.362610386408242,0.18201449836403927,0.44685856858809525,-27.70068742132914,-0.0945669101980233,0
1759,23.379843416879424,0.338962536895579,-0.09194403041774696,-32.786341151370074,-0.28968876041480984,0
1760,39.87451419546238,0.4903965925422795,0.9011791694234754,-28.60190848933022,0.48262825929059416,0
1761,31.840749396777714,2.489003304346544,1.854401264594449,-33.82436905648798,0.09686459373233641,0
1762,28.260007929375192,-2.1254493156845116,1.1526035028195838,-26.536004753969216,0.4662929508697944,0
1763,4.197863991386974,2.014140862145835,1.930636388675152,-24.492231819021548,0.22119235895211634,0
1764,40.439705618286155,2.1922822616215014,3.2345755480746012,-34.54970730079118,0.515771973541149,0
1765,37.16656695428864,4.266305278170383,5.559440428486577,-29.204597964537946,0.5243394482302184,0
1766,105.58103181412206,2.916119684091889,4.533915325933872,-35.59739791318626,0.783846271303067,0
1767,66.15403588993202,1.6818822064519852,4.468268365138092,-39.9342007353151,0.32215778535140915,0
1768,78.94928583173214,4.232484183699336,4.380048425811787,-38.082702652809424,0.5122974462146419,0
1769,93.564120041515,2.4999912747000534,4.522483934045148,-36.2139532784798,0.17167068410457823,0
1770,88.63102770516065,1.2513756548426596,5.909381420911403,-46.249622104381174,0.3350302512138451,0
1771,126.00770713664839,6.97962069738778,3.4354780583045397,-34.84465633901511,-0.5372198088958252,0
1772,83.08110708029761,7.093163972429194,2.0367905642753965,-38.18575359579793,-0.21438885701118765,0
1773,101.89910631566262,7.264053296491973,1.9721985157997928,-34.24060991910641,-0.9472595351885995,0
1774,84.65115527322934,9.31473745187346,2.748282541919278,-36.814416994922674,-0.4892888192584491,0
1775,73.59954976422736,5.741057319248528,-0.5029754407024133,-39.85119672477588,-0.2958015054125726,0
1776,87.26488422770542,4.5534591860075455,-2.174499379321347,-42.80976669817312,-0.18853818713524478,0
1777,97.26562239409799,7.601658932964048,-2.4482218043295276,-33.97952543399985,-0.26493013072564786,0
1778,86.94715899808708,7.353398637790996,-2.6945730253862163,-31.291075650383842,-0.3688997160656012,0
1779,78.25709285414345,6.650371747717652,-2.8986445109088645,-44.365935538143304,-0.07213203774820803,0
1780,59.63118430699021,8.44099575114894,-3.2005527787638077,-37.971403066135046,0.46792912209683774,0
1781,80.87059898990597,7.621717386591741,-5.705967316882192,-47.212028078867746,0.1286988023542611,0
1782,46.38884026285989,5.395043020315342,-5.878119599910824,-47.094648172335845,0.4446498548328385,0
1783,84.87070898881967,8.384163201532234,-5.321125871320685,-46.5477198826125,0.28284167054129533,0
1784,63.808611234537366,7.1700677802535395,-4.1847108831806406,-41.63551240514619,0.6661312936051882,0
1785,24.877932311442787,10.058813659865054,-5.806432307328556,-50.8579000633717,0.6762106299417834,0
1786,39.17408735292719,8.412163606601203,-4.649720227750694,-38.13972747815326,0.3716335847581748,0
1787,21.191242545960485,12.05190615927889,-3.969948489349492,-41.58804714021466,0.6038304274099664,0
1788,33.13192077588151,13.116218944077735,-1.635628850784929,-43.339181867493714,0.527907380987102,0
1789,43.80423792131174,11.322327097327356,-1.1465379759381378,-48.46652261100063,0.39309924885741543,0
1790,-30.431232669015763,6.891685807144196,0.19826753448937073,-43.18190436496443,0.09714661099308183,0
1791,-0.6209372218462548,13.009324847886658,1.6306991559909645,-62.22911854814809,0.20204643833249333,0
1792,-16.088599994146676,13.130576305112093,0.972201131996449,-45.73170306508061,-0.3759948634703276,0
1793,-9.29487573807516,9.971976339738772,1.0253312216283066,-47.41033134032754,-0.3154142991349439,0
1794,-28.066450398136535,12.510676735992545,1.8784450515276792,-57.89746756696154,-0.3950883403142528,0
1795,-56.65544079391111,8.667246313889654,1.946003428082962,-46.67118697975548,-0.24581687144879996,0
1796,-56.866990211994484,5.91945549189871,3.8991859233990804,-45.96457508518031,-0.6932239829179292,0
1797,-74.7718474349857,7.988604414202632,4.373834074207292,-58.384712298635094,-0.4268902235021687,0
1798,-45.10858328851441,12.801232972436367,5.75602532654202,-55.227274758070344,-0.5063160809379633,0
1799,-73.3141566423503,6.170577629472371,4.997724071091433,-39.12912429606979,-0.2822671798886955,0
1800,-42.091449858322896,8.939009199868568,4.304250172728927,-50.52071040266812,-0.09483778196607308,0
1801,-86.90286857623089,8.773138321250803,4.301203934772652,-44.828850075603356,-0.282640403056825,0
1802,-104.57599368415367,7.422028352261718,2.8247532902779353,-44.171126323188055,0.37460609624386015,0
1803,-124.497026808479,7.282944403670871,4.1816228640192765,-47.913686055883026,0.34522991639130673,0
1804,-133.1589706298655,8.0160759208042,1.536961866137661,-44.85544486818828,0.20261910713387146,0
1805,-130.68218120747898,6.429168172756597,0.25700149986195386,-60.54439891846374,0.3873386071938756,0
1806,-94.57104466685874,4.3724112682258225,1.2331787800204204,-51.150918373088395,0.7949547705499634,1
1807,-89.65488912099704,7.291589992023186,-0.00873151020973062,-65.39958049570855,0.5755101734223161,0
1808,-130.37155326321536,8.636106872749188,-3.281535416153409,-58.7053727596973,0.2516092830620448,0
1809,-78.77866780937833,7.840146292219904,-1.6156961569861839,-52.66330520335639,0.20041598392990603,0
1810,-103.3063610454332,4.077908541390007,-4.02663926067529,-53.1985105676633,0.36270697185298173,0
1811,-86.7393144088862,2.7770613851181767,-4.342535536791804,-49.58294461081736,0.24610186408836465,0
1812,-52.56479201790545,4.280083147747718,-4.306586467950708,-49.79174096382717,0.020432588772889594,0
1813,-61.159062662122494,7.540865005580798,-4.25301134566921,-48.8983938723306,-0.25505886342500983,0
1814,-77.96280675657808,5.242290307102292,-4.547245682173421,-48.55234921398489,-0.1618786919303681,0
1815,-83.18706592115029,4.894959988282498,-4.996587631753217,-47.60030556904528,-0.48431729961039305,0
1816,-100.51746935166275,4.793965263199427,-5.128244992157771,-53.87945900322185,-0.6533105380532727,0
1817,-63.40783485894492,3.375471150992844,-3.860695576831044,-52.50788059728418,-0.18239362013477184,0
1818,-44.30114111851106,2.2885082620945867,-3.79027102716169,-48.84843976541885,-0.37466338612193395,0
1819,-50.475443265915445,2.8801409393665844,-1.1191092546319654,-48.53142971984731,-0.5598867750020445,0
1820,-23.703245931865247,-0.0324570909244708,-1.4740460881398154,-53.57564805016954,-0.27059111184389667,0
1821,-9.676717324416588,-2.267352069601783,-2.0377182648320584,-42.480244813543486,-0.15992721488361036,0
1822,-5.734478880307632,1.5078630155781714,-0.6013264030824383,-43.966914247586686,-0.08854009839431959,0
1823,-4.248651836618446,2.037485910381646,0.9199744968721916,-51.57334124637139,0.1766404853067878,0
1824,22.02581114941001,-3.1732188796233443,3.1319670959892205,-47.98151879554799,0.08110578169879037,0
1825,37.20647684209801,0.21066466377574655,4.131337028666461,-36.538146138749696,0.5545866844345873,0
1826,15.9911881223966,1.4355120249432232,3.1033463713934397,-45.41048114871368,0.457742124773241,0
1827,75.07164627810906,-2.418538860671293,3.205582679496767,-43.84397377666954,0.1752003835812559,0
1828,53.46692537412848,-4.532044023032637,3.5524375436145443,-48.457790172646334,0.4451740151361845,0
1829,63.847444770240614,-3.124756911982151,5.1571391950666925,-46.55121718448665,0.3175022685200754,0
1830,85.03232928905197,-4.938191570751709,7.303734672650307,-36.983577274926056,-0.24689882475308045,0
1831,82.22186192371707,-5.5273224188273655,5.434952150535496,-43.51047014035865,0.1991563842429223,0
1832,102.53484115568008,-3.8735002096385203,3.0026707919122666,-43.95068825493784,0.2962378564171363,0
1833,94.29513524472418,-8.381486237123703,3.3880532161112025,-43.05950877705183,-0.08205723960250842,0
1834,80.49965908457517,-8.483111701294337,2.843602635609084,-29.855228799764998,-0.06283819037148727,0
1835,103.24752029822815,-5.963913444119072,1.8607348815087525,-41.850501471865655,-0.3284763288278937,0
1836,75.45259424522207,-6.439350519275911,1.4031118665235398,-45.65049947449545,-0.5176642422789736,0
1837,101.82552904034907,-6.083879020664325,1.197267097238917,-44.21084798426192,-0.6308369754555812,0
1838,99.32123847188747,-3.379868186896185,0.5137152967467042,-36.447917870393866,-0.755921794019128,0
1839,95.15597905406653,-7.26279959681876,-0.06593226110828065,-46.89556778057925,-0.28444932587425714,0
1840,95.08768810028431,-6.5983163954884585,-1.5767693821137059,-36.88581077021135,-0.25174405244252246,0
1841,57.385808714458776,-10.049077002215464,-4.9146392767740545,-42.12772187753877,-0.3463008479521088,0
1842,80.46320646137268,-6.845245428316397,-4.759285349740936,-47.156987643056326,-0.5622820782649272,0
1843,88.79590231155628,-9.696063672849037,-4.453980234119787,-42.10286181576003,0.08426397253570439,0
1844,84.7687660085851,-8.74099776122136,-4.5712483503121515,-36.38931204892855,-0.04292513549584137,0
1845,54.835732385438746,-9.319889188325915,-4.091639025622841,-28.86101419056879,0.3026600198636369,0
1846,93.76772473878074,-7.231845240648083,-4.946939621018379,-30.56573989636556,0.07702222403525599,0
1847,43.5104382517971,-12.090108949435809,-4.777542466558007,-35.88232139866179,0.48064430338944075,0
1848,71.99561394956858,-14.185324782485665,-4.236091200539026,-28.820653141164936,0.4716630630509494,0
1849,52.39726544117049,-10.170362470617022,-4.19618932685364,-34.7197336725838,0.007186724756072571,0
1850,21.73757181255154,-8.906730457440595,-3.1644395579260696,-39.50946459157942,0.7602330443171755,1
1851,60.630743241928606,-9.614945758565684,-1.3060295729702958,-31.29967029750033,0.28000968453775044,0
1852,-8.536839817708136,-7.505974028974899,-1.59935905107645,-38.15041863385058,0.17097034491699226,0
1853,23.77712050567844,-9.121614385280747,-0.5688311438284261,-25.867099413351685,0.18753206386386673,0
1854,15.409928175387993,-11.12504793386658,0.42609893001581556,-24.98620353897284,-0.078964402197901,0
1855,-27.96389873897102,-14.624194943277526,2.7374347365913287,-32.59531086016444,-0.13931397968005965,0
1856,3.4934287954124663,-10.399054275675086,1.2541894461088428,-26.636052998360473,-0.5653184363290131,0
1857,-38.91783427222787,-7.794781069080467,4.966496352998434,-25.841428480142948,-0.4591568180023693,0
1858,-37.36517167589364,-10.536442287702625,2.715473163738577,-21.308883544632486,-0.8683875507347627,0
1859,-46.723716696919695,-9.572978055903272,3.783684338854118,-31.030800387820175,-0.5463974045655322,0
1860,-62.888568584939286,-8.640100904086054,5.551767200033561,-20.93485831157985,-0.1776358605764889,0
1861,-51.65694615737939,-11.342906875665902,6.014828881933526,-29.63340639668968,-0.6939438047225392,1
1862,-58.995889379130276,-7.872075092801177,3.5597796542665625,-18.271661148805553,-0.3539103450969135,0
1863,-116.08082245924453,-5.627736446620165,3.651473034731408,-15.94329977950819,-0.5742136595783366,0
1864,-60.45747120420533,-9.008789556950175,4.613778652091028,-23.695423272082653,-0.00015680985437104564,0
1865,-124.36348709109441,-10.660821127922844,6.099256095815242,-13.334362773659144,0.23932594554389908,1
1866,-74.12171706620367,-8.254421414723884,4.270306864004599,-26.37494098016552,0.35757349056779475,0
1867,-74.9505953364089,-12.268215835367037,1.924595313662278,-12.074226333984274,0.27020201726249155,0
1868,-121.04204871820022,-6.824324800909652,-1.1844068826907919,-9.44020114105769,0.03655000957858934,0
1869,-108.18562729321629,-6.253524860908469,0.32917040196619946,-13.957092361777505,0.2503091571318572,0
1870,-121.83119570893362,-3.448851859669404,-0.387238263634625,-15.711208980159686,0.7386126845031264,1
1871,-102.76694342559772,-6.813168093966526,-2.0994113453526535,-12.212999481405749,0.6082794140033216,0
1872,-102.3967640534967,-5.217202293909387,-3.4661812741518583,-15.829899076686601,0.3207492529474703,0
1873,-77.44886419070124,-7.350661346454212,-3.250763074274694,1.281141783738228,0.2477259398993829,0
1874,-62.712250723860876,-5.920784272408525,-5.010717497431647,-13.800795804537763,-0.13323548814171193,0
1875,-55.99265672408533,-7.825128681517857,-2.692339097604828,-3.302934133536521,0.18097851823638766,0
1876,-89.29923642209101,-4.71923041972021,-3.3623907328485023,-12.613921854271661,-0.3635228878035035,0
1877,-75.6099478060017,-4.4843409800471346,-4.341054934164417,0.06197484017709076,-0.2551582316727234,0
1878,-97.7502485270226,-2.809712347401724,-4.829795970320385,3.1284632822416265,-0.7005094187192245,0
1879,-72.21457935159388,-4.181176342025713,-5.30408439840896,-4.011565461221471,-0.524035335463661,0
1880,-28.255334239256683,-2.2858291527263597,-4.203982819948719,-3.514196534678725,-0.2485446003562735,0
1881,-6.2207717784201435,-2.631687216818803,-1.9164030159403462,-8.734362435448567,-0.65295114962306,0
1882,-53.81446374922419,-2.1354218386798127,-1.9177960634353974,-8.332209259138857,-0.2376166824810092,0
1883,-31.280797341965737,-0.8155140757999424,-1.7024208409127848,-0.4655205761409582,-0.4929518736742501,0
1884,-10.069499899080649,-0.3965684203331876,-0.025811067756608685,6.335428404637704,-0.3217657200390553,0
1885,6.047300178054231,1.544551982920561,0.5900179256752225,-2.6966046054592727,0.004865925032468035,0
1886,-5.766968705812063,0.28068054814377463,1.433107088987685,12.083977988266216,0.34843849050804315,0
1887,28.783183102826367,0.32065398503740683,2.9684799726806843,-1.0068914586796214,0.2281565986164627,0
1888,20.499185297548724,1.1547173297076232,3.3767795569614165,4.189486775348376,0.5194842864300983,0
1889,39.061426840951235,0.5791214819396024,4.476129296419688,5.200081265483956,0.697218902088118,0
1890,59.25748032687025,1.7757249459190945,4.392569378122232,4.528182973447795,0.3449446961244699,0
1891,56.958648548359285,7.038724408453079,4.421977120300304,-4.189441090642435,0.1803340975015113,0
1892,56.033064522622354,1.624469842795949,4.386439211492,3.92576083199641,0.3571005141674211,0
1893,69.85209710564601,3.357312306535023,4.329064618594803,9.007944281907182,0.5874075549998753,0
1894,76.84070208824586,3.594660734121763,3.2537862419149803,8.51524003440109,0.045117548105608946,0
1895,76.98598399820398,4.319386103051706,3.6158879281548235,13.157998558953281,0.2669493700772897,0
1896,84.14536760404872,4.583310160286118,3.0753353270063313,14.738993908456106,-0.13794353681937999,0
1897,125.33684773645743,6.223216690996064,2.8370918663312805,10.727869349482276,0.12402854013872677,0
1898,107.69204748413486,2.649175105197983,4.101597326987369,8.084785955059136,0.10039642724740411,0
1899,92.70987345764071,8.533486420150808,1.4754712194723827,21.602043901643192,-0.23272232855298483,0
1900,113.71901595827474,8.097782746645604,0.9033762442334523,8.041117282891006,-0.8194463540670114,0
1901,93.26701806637726,4.7032696629992685,-0.06287109894507897,12.793939205054231,-0.97810099338257,0
1902,122.57077911221386,2.9892851888626595,0.266992935609883,12.466414109232655,-0.4481131141208437,0
1903,104.67575146695648,5.8929076630044985,-2.8279229895573468,21.387553982387455,-0.20079027763785198,0
1904,92.33946734990856,7.661717709730335,-3.316815584562967,25.17236601910585,-0.1695563308449925,0
1905,99.69838336773644,13.5872697235839,-3.919089127263126,18.643344887842584,-0.27801826478361913,0
1906,54.678371931533974,9.771772823486428,-3.242943268616434,21.577446721213814,-0.282130895958168,0
1907,58.052153993032064,5.306943938471972,-3.4273648269617683,23.48100202583666,0.34804453093262333,0
1908,50.395407946572945,7.757375908789878,-4.498655624932306,31.257208842509964,0.6663474355328882,0
1909,70.07705433536302,9.221988768800765,-3.7438316317817746,14.260471988326268,0.2668397605468943,0
1910,94.14115483584453,10.004191296738437,-4.6041746117035185,27.73134851754759,0.6363098290393719,0
1911,95.79510721948623,7.011999899697022,-4.5688967623751005,26.765158808654437,1.020173571007836,0
1912,55.09711099807702,9.492091873683428,-2.6567609856315517,23.890680807507227,0.4453355475939758,0
1913,43.09695493524892,8.42296866690105,-2.634150268186047,28.22805786900389,0.3899054290642281,0
1914,-12.52763785862135,7.722263946122538,-3.019126443934379,31.14247641116314,0.4384148862785496,0
1915,2.8187527636410934,10.495687212581817,-0.35696291714267614,31.184577469265452,0.1431016363796039,0
1916,-12.041342736273174,11.546029069786973,-0.5796695532231699,39.8803921826196,0.32345909395487854,0
1917,-18.6976285001233,11.677145600735544,0.29600414070848396,30.532787570365638,-0.17451612677933206,0
1918,-19.57580729996628,11.115641620702215,2.492846976395999,30.825438272954848,-0.24088033713028834,0
1919,-35.4250026288297,8.919023742125004,2.420244735921487,30.567675197524736,-0.6431528832366471,0
1920,-75.07983197270039,11.26497697727046,3.7072407041500877,35.00973083297281,-0.490093092570711,0
1921,-29.69163265887049,10.35151640528001,4.657137604926556,32.842315356450186,-0.6932349497662533,0
1922,-74.81457389221535,9.874492919941448,3.7298948568140284,33.81322180320338,-0.42732505152793554,0
1923,-56.75149907370332,8.23241301574005,5.235415808571151,34.56739637143592,-0.78984887454923,0
1924,-27.61665420860703,8.287602535904021,6.344388927523053,34.52248437835452,-0.180666837180266,1
1925,-94.35746323430374,9.231485640939285,3.9836677254291235,32.85536562782016,-0.4368763635721269,0
1926,-132.68792081288547,13.743113132048128,5.138315217170505,38.67810572913214,0.23164758866882168,0
1927,-93.09451583748434,9.223347793102567,3.420298087740435,35.83654407124217,0.29761872407463924,0
1928,-69.77448330543348,7.13443679583815,4.663098247718222,40.98948405266401,0.2771454767897844,0
1929,-56.12879945882501,6.407098195462424,3.9003577797535818,39.11906139643039,-0.006219502745797856,0
1930,-122.43664935125965,6.7832316561903125,1.6657280138640391,37.26106000826941,0.28024153177436495,0
1931,-89.4839404505675,11.796826705351366,3.280744131432086,47.63112050203686,0.2947516549100618,0
1932,-109.3030504614282,6.300599723429856,1.1861039194498662,39.89251737943551,0.34563257958402016,0
1933,-101.69558943847252,8.55198320421918,-0.20839783486379504,44.0991461168793,0.796412510429948,1
1934,-45.27459974372195,5.6086726676039,-1.223030162373792,38.04967378505159,0.3887529361908445,0
1935,-125.82492065639835,6.489287254257056,-1.7733322313683495,31.969829648959347,0.1884820368326947,0
1936,-87.33791090213342,7.141883544947982,-4.526596409013256,39.793630006604,0.04265646843072357,0
1937,-78.78267354813815,3.9921690348063317,-3.9692732710215317,32.45543097140053,-0.059117702907647666,0
1938,-61.264012192608966,3.418495901544154,-4.2476165614383605,42.455152333139985,0.004564541672362379,0
1939,-75.03417121037754,7.571453724246483,-5.313253427838225,51.46203869895329,-0.5674789133833298,0
1940,-64.07762213676716,5.76526318006681,-4.5347620277260665,40.054068541688935,-0.3409040195043013,0
1941,-70.61460171993676,4.9102968660791335,-3.654986356947574,34.494132786853086,-0.36210333909720904,0
1942,-49.31479569342841,4.42805900647916,-5.000756568361807,52.95148631212541,-0.8402461537129724,0
1943,-52.930366489136205,3.290079308417951,-4.1431688231607735,43.4810973481319,-0.7789854274710118,0
1944,-24.54398819286772,5.917975783634556,-4.2560815194928505,46.168506524564464,-0.4630685753997592,0
1945,-34.90709148762105,1.477031506481684,-4.432274541197924,50.55942728896484,-0.08286541583314289,0
1946,-10.237416032083825,2.0470580688043296,-0.9706834721594015,49.58607368674496,-0.014905300593567483,0
1947,-8.451573200595229,-2.508204959623904,-0.8099279139713093,51.056166920664594,-0.23871519144592085,0
1948,24.646392710254464,-1.75619675970684,0.2600701764307235,52.120223919915794,0.31371930037682366,0
1949,11.067981673461349,-3.007544037163759,0.2139306834953627,39.18293336213521,0.11397301905232952,0
1950,-13.515182564731269,1.4441049281132705,1.955546023557652,41.118030613504295,0.2424026001724108,0
1951,56.81423561781139,-6.704459263752389,4.092631703511809,54.302605151266604,0.42947603897728054,0
1952,22.776003378384775,-2.8953581115492373,3.7324050357447858,44.775670589794785,0.6445106948146437,0
1953,36.721600562656796,-8.564284621368166,4.347546775271962,45.53927345016046,0.37818800616630005,0
1954,46.29242495749749,-4.719139720482406,4.94051110721732,42.78686608483629,0.3990853111834928,0
1955,93.52156458157101,-4.5105145244579905,3.72253142346948,47.25527549279424,0.16500876072460002,0
1956,30.48669238115287,-1.222107428987461,5.6120685039436715,47.69265951606529,0.38375593722255574,0
1957,142.39112930806408,-3.651849184587447,3.561362558398087,44.89138625426519,0.3711182796090948,0
1958,106.39757861745736,-6.553533108451497,3.5143366509986347,44.43289501167889,0.2377987949392253,0
1959,94.52945049581396,-3.185252041169264,2.8645640019923917,51.39136457944359,-0.3834913432449166,0
1960,92.8551255446674,-5.698154210844714,3.0423503341342824,45.83952461094811,-0.3259620034845949,0
1961,102.61367302311854,-6.060992681076454,2.040644553396528,46.90618100397537,-0.1172199646560809,0
1962,109.30640739973414,-8.928439972258184,1.4719889390170375,39.04624746738486,-0.4040888614485255,0
1963,112.78162202737077,-8.873790597515159,-0.4106578543406549,59.6885469369781,-0.48766704163528685,0
1964,110.98481003510908,-8.897393164872796,0.5017598802101491,54.706574043099515,-0.492175509590903,0
1965,100.66184953496321,-7.489597191801835,-0.6479592745343861,47.50333348555988,-0.3416318427276668,0
1966,92.93310398347275,-7.743117106832086,-2.5749696205562977,45.44187865122966,-0.30819143884557126,0
1967,90.89605153562162,-5.107328948688134,-3.702965571929798,49.931672645497294,-0.3632650558843592,0
1968,86.12656366708757,-7.701545137255331,-4.4988445158119985,49.71455581471396,0.06738066934578384,0
1969,107.90384594024371,-14.14175333114005,-4.768262605673225,43.31746779294858,-0.20033003647099681,0
1970,91.45171873758196,-8.434492428594652,-6.219262346876025,36.82481811609525,0.4501549233715208,0
1971,14.329808995337949,-12.07056880236586,-5.947404932587303,46.807488004629136,0.1354315500608262,0
1972,79.08182807571691,-11.290316060644363,-4.097609979422267,41.46158868136629,0.5249884534258606,0
1973,62.02567868578196,-11.14716021448297,-4.428201571478041,49.95624413563592,0.44613856777043764,0
1974,49.34309662403651,-10.990142883875807,-2.6794525236719107,49.790996218364334,0.4047005045934778,0
1975,33.03646110771433,-12.530256353796506,-4.0246604287903915,43.816209293039364,0.7477137830014307,1
1976,53.97091462763832,-9.4650400950552,-3.350194230427255,45.77156358613392,0.5584668626700877,0
1977,40.8063952445737,-12.760980335370991,-2.5406463722894626,57.002528375912064,0.2951675528554319,0
1978,-3.4528581686615105,-9.268568950832542,-1.510952464921556,51.78652325350945,0.5256446455190379,0
1979,10.174623169903553,-5.525540849414009,-0.8632697028815073,45.35401376129757,0.2264366805577859,0
1980,-27.390993857254074,-12.650786459731664,1.064250371870738,58.7604257660253,-0.27945543747228396,0
1981,-45.46214675777853,-10.52869932178218,1.7873192123272523,40.98237396700472,-0.7087037250263093,0
1982,-40.13750327998072,-14.949309799486524,2.1431591418660543,42.55123310010597,-0.35061169109578705,0
1983,-19.812863028487456,-10.422231191141215,4.69331138133226,45.69113630680637,-0.17740570033833636,0
1984,-27.085506668329923,-8.428346043509281,5.990606060168862,38.19917540333222,-0.37353282384829667,0
1985,-44.512478636420134,-8.1416422375961,5.74924522956287,54.39791905030992,-0.17815176237863461,0
1986,-48.351165192974314,-9.273381280218628,5.44674041070861,45.936117974326834,-0.5658553614263598,0
1987,-59.98040187101539,-7.471204569957247,5.761440788672458,40.62659050704216,-0.3830288365249628,0
1988,-89.88203219616369,-3.9561255148963097,6.767820137134671,46.353416619752394,-0.2594429689261262,1
1989,-74.39249996303849,-5.399512504975916,5.387655288629135,44.36526297084549,-0.05236621736123836,0
1990,-72.17169310220137,-9.622995322553823,3.5736041909965817,41.614776763654525,0.20210951099865349,0
1991,-77.36192551211786,-11.212552604203854,3.9167188057551114,36.58125016739665,0.5199831405346125,0
1992,-72.01364580062648,-8.834267098319529,3.3758382295622393,34.91151122898812,0.6896507026942343,0
1993,-84.01287627542942,-9.607498697403466,0.8704067393781767,52.47848423186372,0.7533446975252913,1
1994,-92.55605741102887,-6.483127155651348,0.6213666360104604,34.216095969332486,0.6152453740740943,0
1995,-78.59306452092733,-9.402037706284876,1.0117315004186116,48.888497780106135,0.4313786290872112,0
1996,-99.93841452761981,-6.821528408262337,-2.9035762296576397,35.57761530430447,0.5187490777730058,0
1997,-115.46415065297664,-4.619402117540142,-3.278875690090109,43.138394705382524,0.5360596643793129,0
1998,-98.52921356725183,-6.100633358808381,-3.072350062581313,40.88654337313697,0.3272918311175343,0
1999,-106.65525873594282,-7.380935613463591,-3.2943071682604343,41.2421942422164,-0.014038498950886297,0
2000,-100.8332952208871,-2.7140282959262043,-5.61222924314479,40.91572938516839,-0.07038310559010721,0
2001,-84.92005722528833,-8.384310239808244,-4.818378736104204,28.523485429038665,0.047097140103087326,0
2002,-91.75842283532629,-4.833066939738535,-3.787774764014151,32.510607057442414,-0.3131129945188284,0
2003,-75.19112774101703,-3.8014838359472134,-4.925841927139847,28.348764246561746,-0.3727142256052038,0
2004,-99.33631932282736,-3.2177399604955275,-3.909239831501102,35.41810123728898,-0.47324381434321167,0
2005,-49.01615244148447,-2.4118364523923503,-5.100990718907028,27.12367798407221,-0.6751376546977719,0
2006,-44.543541289907466,-1.068289584832943,-4.79958659543855,23.090471760977966,-0.5257216418908232,0
2007,-51.749742392068455,-1.8706030315613398,-2.4625335070927608,31.050431122155032,-0.5338993321956627,0
2008,-12.709590645979077,-2.0420251137045833,-2.131864040658951,20.42163800367439,-0.49205315691202167,0
2009,2.6290938185105723,-1.62394354341368,-2.7767356776299184,31.977353307203803,-0.4451151235615209,0
2010,-38.340222359251555,-1.5326312719094228,-1.418556963053021,23.599870728374032,-0.11248189254250038,0
2011,-11.448398088346549,1.7654260050159258,1.9449152066064948,24.877520807689102,0.1806152094047339,0
2012,-1.619656225842613,-0.603254327660152,0.43866604352558736,16.859109105043473,0.4253496841982266,0
2013,4.784704781984814,2.8810839769040815,3.226089977304584,35.68116536383923,0.04868099876235377,0
2014,49.75620846657495,1.7203108150646245,2.650749212736183,19.274573287889588,0.7458126271283103,1
2015,38.54274285713268,1.1303690229950427,3.8381939317918046,23.916999673452125,0.5422201299445335,0
2016,45.95768353077193,3.894827989379679,4.6952529967650225,15.915876548114316,0.27412313135839605,0
2017,19.48739491384501,1.6815969800011148,2.6835293104874576,19.82384463659766,0.39006572669970807,0
2018,79.99451443573136,4.88352455384624,3.5148999946494737,31.87930619825731,0.024548922360349668,0
2019,49.550196556804714,4.49424434510565,5.05861526278333,23.716346813445348,-0.030837960208503767,0
2020,81.84049329190961,3.3276084935996644,4.0444103920075545,17.71068271067576,0.5050676629699145,0
2021,91.69010906296539,6.017694980939508,5.371621226523526,20.24931359836489,-0.1261708281345921,0
2022,117.99576375026385,6.481373800098332,2.200821990016334,16.70056121748981,-0.02724829032825854,0
2023,68.3391357319328,8.117534879037207,3.652330068018787,18.116628023506184,-0.29315530826732594,0
2024,36.91388440861437,8.134587793644902,0.8679139933424647,21.36601769487423,-0.37944524453661493,0
2025,102.79747155305881,7.569137407357987,0.9596238323944631,15.05206889288583,-0.38727897362741853,0
2026,135.95667834329635,4.699240017381777,-0.737349813821674,16.86171815398533,-0.9143963090760403,0
2027,124.55272388937448,12.202046017034618,1.231719382378439,15.992135720380467,-0.2261431075536689,0
2028,102.79742045648591,4.829831363632188,-2.981201998562258,12.220903777596138,-0.4580959076703983,0
2029,86.61672286533316,9.848693197271226,-2.6693190780306266,9.208435379560916,-0.4485555288029434,0
2030,109.47342194944224,9.105966268655097,-5.078093884506242,9.2934268044223,-0.1323847101356963,0
2031,69.80903726003753,6.167741472588051,-2.4220818977918075,14.441780526141226,-0.22830967702989882,0
2032,93.8640520178635,8.518766291977828,-4.130433312086226,13.880070278599376,0.10696770761638563,0
2033,88.66056879762118,8.839290494962835,-4.724141141635897,3.297160520839281,0.17582140365976393,0
2034,93.18477546656104,11.814902491562744,-3.5224025106477015,6.69573659564408,0.4760186419847883,0
2035,119.88398366216798,7.961051502434606,-4.785690950280035,3.247424845841907,0.3861239063748618,0
2036,64.60293887623587,9.024255238947957,-4.453272313737044,10.020342543520096,0.2796921278649279,0
2037,38.07211026943946,5.012612600004158,-4.094557128881386,2.6707032477407036,0.5715617678875021,0
2038,38.754547923691476,13.266677118739985,-3.0475982954135876,15.03546496584158,0.4137851810006231,0
2039,-5.493165780085786,7.74412699232549,-3.3446557599981235,4.122847974206886,0.030726492046258214,0
2040,6.317773309497959,10.602089642062413,-2.1937746521691204,7.944645138608998,0.3261974970632441,0
2041,2.1481188007822354,9.783791200532594,-0.21750977127313353,-4.037903261770842,0.045310741313167105,0
2042,-10.129520353480084,9.803982556576258,0.242148409568936,0.09383557588099067,0.0744349539562435,0
2043,-6.585694453580038,11.6080913367172,0.8445556929821908,2.1161501910462874,-0.3137147431235452,0
2044,-35.96998236893501,13.29430944783896,0.5140770504595444,-7.130770767913058,-0.5192214204380505,0
2045,-6.794708990272607,10.393314748843032,4.292120522568505,-2.8613245761164303,-0.1523323716907159,0
2046,-38.613009810384455,11.114305658207979,2.9006961614311773,1.2986736252151694,-0.2954493631419407,0
2047,-47.819136494758745,10.351249642233963,5.175455852846241,-6.59387078021605,-0.4996618140790186,0
2048,-62.731068875223045,11.593617744311942,4.823069549691037,-10.209399886064368,-0.40054366156973903,0
2049,-61.0481415490929,8.47391905590688,3.6276888394490667,2.0725234671632373,-0.27216506971883836,0
2050,-54.987785483423735,11.36823535790012,6.251048007068768,-13.789859948466942,-0.34364678617939476,1
2051,-95.45584868310846,11.23311757928447,5.131661057083091,-8.137367580734903,-0.460156046100961,0
2052,-97.11858602557936,10.94932986307826,5.896378248435518,-13.440323087334214,-0.015892951444092085,0
2053,-95.03492553464919,7.214142043899956,3.8807026837570833,-15.561273818371495,0.27409530500541013,0
2054,-119.99310918367067,7.926612793161839,4.107257678244289,-8.142627742977112,0.33514600733452254,0
2055,-112.64615212884337,8.450418405543548,0.8450992990626325,-13.84766303996359,0.3518890909845267,0
2056,-108.008908583784,4.918072145069914,1.207872672802078,-11.754493657247735,0.5462314078273367,0
2057,-82.2361791965575,10.518723056182404,-0.532538769608025,-26.01808370605735,0.4429750163140709,0
2058,-94.71579905664869,6.955137588496743,-0.6314828479600263,-13.179288561228173,0.7073518490289117,1
2059,-95.33945275975503,7.180908854515133,-0.7718070399737675,-20.24412165500086,0.7343147041199829,1
2060,-80.44623106918155,5.075877434969083,-2.785539492420476,-26.975000241632156,0.1304776397934191,0
2061,-97.49073543373822,3.1773929594831425,-2.167509967361559,-9.089609040038638,0.5029245925755417,0
2062,-83.26646828809339,4.20977523766913,-4.617506920096636,-16.43340043375062,0.5922300068103951,0
2063,-88.56266702514306,5.429388548319716,-3.455264891825223,-19.219467127024313,0.10199406600064655,0
2064,-75.74918991702744,5.89850811181339,-3.437309470751036,-15.018003995653443,0.04601014871969111,0
2065,-86.45992587191938,4.424527125002893,-3.9508550661167683,-20.92799013557368,-0.4143130530028648,0
2066,-116.58198733787063,4.333435409393551,-5.327970605138852,-27.050778852321205,-0.4943388409216508,0
2067,-62.81462728572037,2.495879887885731,-6.9299478600562505,-24.815196337013557,-0.5090442331855183,0
2068,-23.39669165759956,3.684451849354058,-3.8514999494057847,-28.205263009446806,-0.5794485788134035,0
2069,-24.531872081687844,5.172914044400491,-4.011318034991874,-28.178345024559228,-0.7485694060752324,0
2070,-14.522553062274365,3.126603820005755,-4.161966755803012,-32.81797721680638,-0.4645515993392366,0
2071,0.45581225509273793,2.8415936670041058,-2.9104243342620584,-32.22182866375297,-0.16814506589896655,0
2072,-12.687483922884853,1.3129720064266697,0.0035609362925899113,-23.730116693286483,-0.47056656622268866,0
2073,-0.5636692627991473,-2.7807535845491067,-1.5878796440399279,-27.362704892785317,-0.031639907810859506,0
2074,-6.867306724956008,-2.3637229336947416,1.0160562547639902,-32.34657623376534,0.11164592235340423,0
2075,9.105177045185858,0.13610113359467635,1.7421548298231762,-35.768166971089165,0.16379386712878827,0
2076,37.52882231393165,-1.2928554436941204,2.082493653844086,-33.43923842578761,0.4454489802690048,0
2077,58.82592926311551,-0.8854416574318582,3.9028283014635017,-40.60318394696923,0.5178426117344695,0
2078,41.14696327431755,1.0979812140224157,5.579057204702689,-32.30959019053889,0.4149273936834967,0
2079,43.68075888161257,-1.286895824752433,4.182009836177134,-28.96101737517999,0.7099773968203776,1
2080,60.91735219623798,-0.6984516201396662,4.5874468013047105,-22.585668181588407,0.5738397416968508,0
2081,80.54461629541781,-3.4960785759962243,5.61275717925005,-40.6552140377861,0.6990872000948535,0
2082,46.57243929243391,-5.759878349172216,5.870036468638288,-31.32424203863743,0.25944437059838527,0
2083,35.701104031063764,-4.710823493319224,4.587775426572588,-40.06930851650113,0.0723529295644965,0
2084,75.97360633107357,-6.642753648156021,3.9858064721050153,-42.850916944476175,-0.05322315627273322,0
2085,67.06059622445746,-2.3422384492141983,1.4781554486576969,-43.51362738662142,0.07692758587506032,0
2086,84.88855580052483,-4.289980323725577,2.175074856447943,-37.81081220854506,-0.32150164482290694,0
2087,94.72254662099647,-5.226997748819264,0.9533237653162765,-43.79840777466824,-0.41625519257493065,0
2088,90.2640102441157,-4.177729810366876,1.8333853310695587,-42.79296007424753,-0.07787896217729634,0
2089,129.0366922225976,-11.054701939132919,-0.08481516589325108,-42.559126470667074,-0.7683261862429589,0
2090,106.18155946865718,-6.185753283016707,-1.1199487027474357,-44.63920530583694,-0.4128106820490661,0
2091,104.31983748261023,-10.31235959103285,-1.8086325984583334,-45.56815995860793,-0.4379602146385302,0
2092,108.4358947620245,-8.01539459145215,-3.560658613008956,-54.20030555499233,-0.37926146443497166,0
2093,69.93737326216196,-8.914115510345095,-1.9208797315136206,-42.15218859715049,-0.39388173995466513,0
2094,109.2921871060964,-7.236321799006349,-2.82107530483733,-42.76401169102706,-0.19191056134510903,0
2095,81.90621919042962,-8.351120113364987,-2.98208246726034,-47.587267105641246,0.008619322339990104,0
2096,90.90915072772043,-6.3429458622763875,-4.214297024170158,-42.279355587356406,0.330689063680452,0
2097,49.36607741427156,-10.440081803443753,-5.029460963799843,-37.55984143827104,0.5226498186202405,0
2098,32.32428805639137,-7.99808006585211,-3.288188601317417,-44.871764936007125,0.08556278769510794,0
2099,71.72003135786743,-9.248347906667219,-5.291355930990438,-38.76566494019059,0.25075256199183094,0
2100,54.30004235622623,-12.975933375517954,-5.005267600567018,-34.635417793646084,0.6065187707421174,0
2101,19.673105501222736,-11.650885919692518,-4.094427791296043,-33.56424769003833,0.584878023144678,0
2102,10.886332530823704,-10.197180215307432,-2.1896511151938505,-52.53035917581005,0.08622956549605132,0
2103,41.07118705573873,-7.731871988204482,-2.586093973562513,-52.85816633265734,0.44050310194011943,0
2104,-15.128319556577091,-9.063157555601093,-1.0181114897234111,-49.49989732687247,0.12580560874862365,0
2105,31.524277258141982,-12.334780795033161,-1.468948855194521,-46.95015691104903,0.12948135014718448,0
2106,-29.31741586243801,-10.264592839838587,1.604350484014385,-39.957421633642234,-0.33703281140529034,0
2107,-8.400026185064597,-5.907574021217438,0.5517152860508527,-45.032268608798134,-0.5765529848257036,0
2108,-37.39159543307463,-9.655113995195652,1.9997461618467773,-54.44343669636025,-0.46547339694344847,0
2109,-28.098902999418808,-10.44189680356799,4.895277026524907,-51.724444269379674,-0.525727081385676,0
2110,-59.98706542733015,-8.688988343422036,5.457996249098251,-49.09584863182862,-0.5637965964527675,0
2111,-60.812138486791774,-8.0067273055432,5.081021541982641,-56.53178416048727,-0.5600473614712987,0
2112,-64.61430850989491,-10.283067180736026,5.223760941374037,-49.19814492057719,-0.0826206158952239,0
2113,-92.69907095643264,-8.179376012069461,4.461261592582598,-55.36946216409433,-0.662725917938111,0
2114,-64.33551679621763,-9.633143098496802,4.064417349129539,-57.82191662243951,-0.36447397612174864,0
2115,-95.12209624102614,-7.305113709855535,4.127330364515256,-54.4244374343754,-0.13448710022959187,0
2116,-94.28777308912134,-8.150932537314034,2.4491838667521635,-47.73573070304346,0.10329062319258209,0
2117,-113.56430177968369,-7.251711763432521,3.5305667278655037,-47.85166669252833,0.3811622197105759,0
2118,-147.9495342098545,-9.438808234237639,2.5115412025637247,-49.450436700834935,0.5311521113776534,0
2119,-102.58274001065135,-9.248010656443926,0.6157002366194833,-45.01712620163913,0.6605185552437016,0
2120,-51.58240094741886,-5.380430391489736,2.1424562619433853,-45.56877714187301,0.5888691624095518,0
2121,-84.2176328275915,-7.078030100472645,0.1824663207512386,-48.97628740047399,0.14993805962383505,0
2122,-99.37167050376989,-5.979685700521058,-0.713905940164909,-49.64778704757142,0.12213152911355696,0
2123,-102.33198379996425,-6.776692908995707,-2.8183452983842177,-49.293473746342,0.6028817244652168,0
2124,-93.74262067590816,-3.9651888318593467,-3.164663250260098,-50.62096832983534,0.4750108309021832,0
2125,-79.42619283089721,-6.562599060186336,-3.242176190833208,-60.67603878911808,0.24766179696503463,0
2126,-109.25853511196571,-5.18915363707162,-4.268715480686067,-44.02856259169677,-0.19238445057872441,0
2127,-57.773839243546185,-2.9046452723328207,-3.195274883434011,-47.60015258415502,-0.23909215507777037,0
2128,-59.37070537445729,-1.6781859940197394,-5.185392802510173,-55.53134945505016,-0.38502272542117993,0
2129,-52.19650618012113,-4.609072261251863,-5.4719944499400315,-42.152795386274526,-0.613591012599731,0
2130,-50.00754720578951,0.8292840272397384,-4.120973811188361,-52.064227986245584,-0.4237269142669057,0
2131,-50.01428914159566,-1.9844072062011133,-5.618090847850615,-49.455978744410835,-0.06885633343708292,0
2132,-28.075311581870448,-4.2110279073638415,-2.853805473888306,-43.58249463793968,-0.5788302480083256,0
2133,-20.407188258220277,-0.8960362550329463,-4.352852016977265,-47.363435208779556,-0.1572539083713263,0
2134,-29.713053680420774,-1.9050232498096258,-1.5659141616737464,-41.53162716947417,-0.4933662423464875,0
2135,-24.266909592614205,0.22707465375326208,-1.9172445816886317,-49.694105492813584,-0.49506646599019904,0
2136,-0.7925407495789019,-0.22720999376127676,0.19373079008144806,-39.1836507596511,0.15509946302743935,0
2137,38.14421694879135,0.5069683741676666,1.6218837305171168,-51.21539496212709,0.06295908971569242,0
2138,-7.696425481119647,-0.9657431329793603,1.8368696351056384,-40.40620254215301,0.5005601094243662,0
2139,-2.5136019968241428,3.3344455455287294,1.385621366248499,-57.96899690984162,0.6580753246901447,0
2140,39.6151619623664,-0.4644372886953898,2.4871954986591547,-51.77489094023715,0.3932955144882755,0
2141,46.45784410813281,0.11916343501819471,3.319131792616991,-44.39607090404579,0.7625550401913226,1
2142,57.5730459323016,3.554449188206266,2.655231579555564,-47.48174589129905,0.3195922582422447,0
2143,67.11078778533273,6.501404395611773,5.9987602225710726,-45.42868782306886,0.2730955529236734,0
2144,65.27139110332789,3.0582795450940825,5.1082311846554616,-44.40409470856003,0.5822352441803639,0
2145,106.33964390992672,5.623753518224904,3.7901873733731293,-50.10642259090622,-0.0583088499837377,0
2146,50.56644839938512,6.816280036631781,6.112589764607628,-49.253457690405135,0.1119694465858563,1
2147,71.2315829996892,6.735087800253662,3.501139793995081,-42.017630496235,0.21321076969960823,0
2148,90.07614001925191,4.906659951771845,3.8310542369073355,-45.99706590302673,0.08091712513765459,0
2149,62.696525961590694,3.756520888346841,1.990482547912951,-35.43032666115957,-0.3983986871674646,0
2150,94.50747410708082,1.9182135409717773,-0.07949090514272195,-42.54847290859384,-0.21158517689569833,0
2151,132.7387964984838,6.186492049611915,-0.3799477673731042,-37.43158715101661,-0.7026530928239951,0
2152,100.41768897478173,9.430435224893964,-0.457522716945735,-38.23128166478693,-0.6334721042035295,0
2153,104.10537681135204,5.170333990462879,-0.10390040368776121,-42.85536426521955,-0.43118420067285573,0
2154,72.78537811301328,9.144948325907992,-1.6088746741554427,-49.139282589880466,-0.33635106849023994,0
2155,83.1796895411336,6.150728953345799,-2.6904573017082773,-32.68531696047513,-0.5192879390952183,0
2156,84.56696082961366,8.549561156666218,-5.603095079201733,-42.86151083080209,0.19253988467204217,0
2157,81.36061535247383,10.018542024678082,-2.9421420764449664,-39.3275110934864,-0.409509590152111,0
2158,108.11540358033913,7.5280077985101075,-4.43978104845669,-37.3897654018184,0.12576081594830568,0
2159,87.57982113594906,9.409895020147085,-5.048193472171749,-36.20278967958696,0.29277313690200624,0
2160,47.3766896957505,8.438002380727193,-3.8651730120326366,-30.435738558017313,0.02021871704192063,0
2161,67.020314683254,10.85457613162087,-3.6196813316367002,-34.500113869926,0.7174393240594144,1
2162,63.918639419578895,10.067401131731375,-3.3881307109867644,-34.43589566638859,0.34709034668138794,0
2163,68.08207797912584,9.838283205550844,-4.284246409455981,-27.963217288479647,0.513215389620729,0
2164,67.7623899270956,12.946160734086337,-4.3741266019670135,-29.295385309788898,0.5133856763334979,0
2165,6.360956746972995,11.23369752269879,-1.5808400720302176,-35.2067304689194,0.07118141347659779,0
2166,0.690548457575737,8.583238377326353,-3.031482039209676,-36.4822750652877,0.029521006166492614,0
2167,-18.167936534541187,9.822166513446927,1.2505997450995014,-34.07031880344695,0.416678679378931,0
2168,-7.690632605414141,9.847069419278592,0.3288866701094131,-29.391260099323826,-0.05826530523753738,0
2169,-3.6468467240756564,10.13948684891947,0.22555156752877292,-34.55711396922759,-0.729654007104716,0
2170,-3.0614706095707476,14.982905048739426,0.9888298306961381,-27.043433242205047,-0.3787765767183203,0
2171,-33.933436537806024,10.60579953003106,1.788823885636229,-27.302544898843916,-0.42468133032549144,0
2172,-48.093747523112846,5.697844751244402,3.930273105272365,-38.51784111739616,-0.4365878150786775,0
2173,-47.5273975930265,8.565187058071585,4.355907607487963,-31.974492738813684,-0.8996802498989825,0
2174,-75.62597149042601,5.643054000093368,3.524856350956944,-38.50076176338597,-0.48055418666124017,0
2175,-24.90415477147552,8.681450290700635,4.613004118563575,-24.910291104412913,-0.5736077732021148,0
2176,-105.953571809072,5.1763272227578865,3.612089215301933,-16.930196825573773,-0.258892337425191,0
2177,-76.47357303542985,7.194795014008269,5.381353238130087,-30.8541242738685,-0.07077897995066773,0
2178,-45.26327757647333,5.661220885728802,4.3584410284573725,-27.104277991661647,0.054374083125127745,0
2179,-90.30978262154899,9.213920162181191,3.4796808998473425,-20.3953457607046,0.40388032852260497,0
2180,-98.05323343297015,8.168504791620927,1.8612121763903653,-23.971403698698246,0.6989152471904978,0
2181,-104.26629505735197,8.474762629824841,2.014853240910645,-23.06452371313457,0.148499463274847,0
2182,-102.61978928041513,7.3414791891291715,0.9736747973996924,-14.074622442631842,0.37972574387202335,0
2183,-72.46026046385465,4.4248578946476425,0.7241719841246406,-18.311790478634794,0.6448918061800639,0
2184,-144.0614025627046,7.885337685562471,-0.4246978256165326,-22.31932326089204,0.4667467123246426,0
2185,-68.06501463635243,10.330443453951759,-0.7742269464750332,-24.366709761263017,-0.10058315382809618,0
2186,-125.13584165735048,6.915907268992708,-2.962991914959314,-1.9229518813161182,0.31767395317211516,0
2187,-98.94699335706711,4.841880161739202,-5.152148596782456,-6.355120056049918,0.4834051398399856,0
2188,-98.22072373089041,2.4196108985941582,-2.982734770835593,-13.281708150224063,-0.18311270554436487,0
2189,-72.99104684514246,3.028440584143835,-5.433526745164623,-9.606718183055278,-0.00936438105033014,0
2190,-111.0039611869931,5.307374200358082,-5.948776967443812,-11.507112103969332,-0.5794625490249855,0
2191,-63.28762645437632,6.093250357294815,-5.0363124664387104,-5.5269960297783305,-0.15082341957487394,0
2192,-24.80978636344237,4.004600589428321,-4.643198450824474,-11.36194280842263,-0.37433954567077,0
2193,-84.67194213771974,4.609791398927394,-5.231418170691641,-8.81549208447209,-0.5963379312747142,0
2194,-45.15321553429205,3.9449984126386406,-4.806989886216978,-2.828937064296311,-0.5832598105188875,0
2195,-53.23679365275382,3.0560130250253046,-4.056875422123705,3.1590813022098665,-0.7717982228170923,0
2196,-22.12957888081249,0.23419307273929268,-1.5007148174391363,0.5942323294212146,-0.20061192024001057,0
2197,-20.608322443407758,1.4033062653806627,-2.0550375624303876,4.055342415951369,-0.4562403970772647,0
2198,-23.955233248759292,-1.139615486596394,-2.0736055251057235,-2.676851825073285,-0.06406851940564956,0
2199,8.608895822516535,0.0922863466716575,-1.072630768499204,-3.2299094487245568,-0.20960729264118627,0
2200,44.92683344448801,0.21930028128311418,0.6296422867474607,-8.806809440138942,0.5708970681886792,0
2201,14.921891466423466,2.416391448857408,2.078654466733548,2.24568768238699,0.5798700148335312,0
2202,42.84797863748487,-4.057037049457297,3.211660012257574,4.77877683964298,0.795472522314007,1
2203,12.015921960514689,-0.9673615894669466,3.6299777837848595,2.3812071131788777,0.8976070719528124,1
2204,27.8027166667839,0.544117517877901,3.3023192112148942,0.9938674283823792,0.3703288049035026,0
2205,64.96070936895285,-1.3825943179032882,4.193408765069232,12.088580340570445,0.31372213295250784,0
2206,93.22138060284564,-1.7090839339603285,5.640336272806664,10.022425062841359,0.8452714743082148,0
2207,78.0429419439981,-2.665834306508064,3.8538109399841525,14.41662619499689,0.32201868835418623,0
2208,71.3524134362612,-1.7012033615213689,4.4282936663205845,4.070557837986182,0.3957795225532477,0
2209,83.50681205739252,-6.91873446556142,5.190543864040599,6.279701787511353,-0.03656529986984783,0
2210,63.585725108481384,-7.94968027473021,4.984284734145348,16.815249525669188,-0.18266309290720323,0
2211,104.87188139233716,-5.61160216637655,3.268197242608858,11.536799198457464,-0.03969035779851762,0
2212,113.68888836250854,-10.328370616400445,2.2640314715838907,9.897476069808675,-0.7251493678539547,0
2213,89.3014505241853,-3.936855336577352,0.46059270105852224,11.209786511605017,-0.2704493614468964,0
2214,90.2608309726713,-4.332825054347026,1.3447518779291026,14.610841240076022,-0.3799491680632607,0
2215,105.30186876579907,-8.000132945262187,1.1416375442518916,20.634018888251926,-0.6053247186517607,0
2216,90.57352957996534,-8.21631955360123,1.3988199197607396,15.763463991274325,-0.464306662622482,0
2217,96.31664018350209,-7.942136782657148,-1.7225818917293843,21.458834654855618,-0.36091470680837223,0
2218,136.98951689942888,-7.996574459800478,-3.0185213693627375,20.776199405642004,-0.24215190904704753,0
2219,86.46119629194563,-8.129194529932498,-4.627755462990542,14.973379859597895,-0.0181353504171905,0
2220,79.72828078121049,-7.529050272349478,-6.179280835637185,15.88744698783118,-0.171817321028004,0
2221,68.56939426984958,-9.23113002618976,-4.544499413215241,18.9416666682803,0.678855380257217,0
2222,90.21469317849386,-7.217643481658888,-2.603924626394066,15.4102402375153,0.23387835129131615,0
2223,64.76431266049012,-8.407531968871222,-3.718745738993212,20.416325637903075,0.3599805479190396,0
2224,47.775959490231685,-10.685508123614882,-3.709369990888706,31.43758390515311,0.8516885784488406,1
2225,78.95699702444026,-6.949835584633678,-4.224312964466899,24.587314198494557,0.13223648887278872,0
2226,72.16560103952362,-12.461009438589416,-3.5761727061921866,21.775954226897756,0.8757033964534788,1
2227,22.570323453194046,-10.028905470259202,-5.668319495308573,36.04064955055614,0.45468269413444057,0
2228,-12.29225032761854,-7.986211121070535,-1.6615870529660737,22.651964009246164,0.2381481586047946,0
2229,35.39839952599534,-11.416869259102977,-2.0863225370309952,23.327838434092712,-0.002299123293838884,0
2230,-8.387247988206552,-9.377367266830591,-1.2315150322903419,35.10562981124704,-0.17453877279223354,0
2231,11.122074019216043,-8.910568887117485,0.14527060620486132,33.07415693985206,-0.13851490132826894,0
2232,-54.04143550362204,-11.69407742409211,1.0911595994868728,29.914730989094593,-0.157718985229106,0
2233,-6.590061931253256,-10.06883935396489,1.652431294370746,35.50980275897594,-0.21292693427116288,0
2234,-58.22388035926028,-10.162941260314323,3.211354668343001,33.625951587173546,-0.3781923259074916,0
2235,-28.603871293568943,-10.854839284426088,3.339147168914243,26.951834071999343,-0.5888711626701564,0
2236,-51.72057272226119,-5.025070526985597,4.542311863483496,21.641564505258586,-0.23087410754443377,0
2237,-79.35207576940272,-11.007623552110378,3.322287155537711,31.526002824601647,0.06859124599408967,0
2238,-76.07903617866971,-7.300842281926207,4.771145070603104,40.50684867216756,-0.09299562892798408,0
2239,-61.198146184361924,-9.902325020411975,3.8659008171335065,33.6453375384411,-0.35452099267927195,0
2240,-79.04421067419277,-11.073228421438897,4.099913542282927,38.77932286138914,-0.04773975232438846,0
2241,-74.90047966810691,-8.455315359275106,4.474904982751635,38.07782195296691,0.11282103308906569,0
2242,-51.6214010678749,-7.102097029645617,2.144968322968058,29.349589416282825,0.46809988820157833,0
2243,-126.08577567740839,-6.27760826641182,2.19455891706493,36.431682267301674,0.2143433519671565,0
2244,-65.16020293895897,-4.692148472913665,2.7336541102199354,40.88924228309244,0.1984225281851144,0
2245,-97.14661440495107,-1.6046997661462434,-0.1870640337132523,35.774661831369116,0.6926396493701787,0
2246,-117.94718217958402,-6.653943512853466,2.01652374289485,38.49736617400409,0.5799934608498001,0
2247,-126.31665959167034,-8.123052138800182,0.44609286758861866,42.8523327845587,0.26526543261692737,0
2248,-102.23540752839997,-5.516026378606815,-2.2195822345738523,41.82393079102861,0.5729282402219481,0
2249,-77.77890028144296,-6.563057080872067,-3.4102323943771617,47.245929211662755,0.7056877991680506,1
2250,-95.56047020800321,-3.7724816309589704,-3.2144787218421356,44.463530792523315,0.07531218543555376,0
2251,-58.654654418771706,-7.798467088410572,-5.521074971337056,38.28270445113353,-0.10723054547449139,0
2252,-112.88149491888319,-0.034186379917808374,-6.57054744438317,41.17377488230793,-0.07245131819290068,0
2253,-78.24210694134014,-2.613551590158914,-5.340403969110426,44.14511985933076,-0.0848290480647669,0
2254,-96.41119024550865,-7.237636263598066,-5.133188925318192,51.20022693887857,-0.35856513999557926,0
2255,-56.74063836015034,-4.8219944256248874,-4.823484305787672,42.58723385581757,-0.2086997460576402,0
2256,-38.2858833721622,-1.2975748569395744,-5.255361904244744,36.72074710074683,-0.4365361776250126,0
2257,-55.88945260544867,-0.09552634041177255,-2.904377390207334,47.9970019043623,-0.2957876184973657,0
2258,-90.53473274139495,-4.505047953679392,-5.044590012534107,42.40843536298175,-0.6072285829745655,0
2259,-25.063547307534208,-0.04197883410883674,-3.917333338698607,40.133705269791086,-0.632189152585168,0
2260,-10.609610681230597,-4.8664988042559365,-1.411263298259176,47.00938873080691,-0.3436949314347393,0
2261,-1.3670754213978729,-0.6518502722976481,-2.1027114365986828,52.11610815079421,-0.4093944825153113,0
2262,25.24853546778296,2.2507383603540174,-1.1470320457041843,44.69986344056119,0.08985796670291395,0
2263,-10.907644286699187,-0.5766301643692857,1.1688712155493803,50.35060469968579,-0.2479634863022815,0
2264,33.99324237988201,-1.9890024118453773,0.9425403793944831,51.55662624801372,0.19833668374982222,0
2265,53.9108421333582,1.8131510980411596,2.7339484153007194,52.3661048889427,0.3393904905174094,0
2266,3.8603553200373852,0.8033620790838505,2.923846575060836,44.98646315677591,0.2595290473812689,0
2267,54.802566056289535,3.758963900270096,3.374244114118099,43.263658218208505,0.4379784298397078,0
2268,46.81966343841903,1.2099933434608137,2.576934831414904,44.14699981026463,0.4858998666008524,0
2269,63.19797855241379,1.9087214051200394,5.075589239365179,53.207707870986326,0.6813608176330198,0
2270,79.0593893778299,-0.12329366995208657,3.748838174675488,52.75216898193591,0.12364720278529542,0
2271,68.91825820224574,4.713521444673376,4.688612166371145,44.77205348086525,0.277903778091776,0
2272,70.91966468900132,4.495811394474194,4.01194821762866,60.34380743003834,0.17378966205874363,0
2273,90.04423652771099,2.8727996337953194,3.804384082094083,44.40167670681727,-0.09098947513356972,0
2274,71.6507638530189,6.0559929185422,3.18815417904608,54.86381346984487,-0.32800814122720057,0
2275,74.7804957165622,8.127194571344637,2.72532648509277,57.52787081661458,-0.5774399379103499,0
2276,112.22161350809796,6.031397090127138,0.8968767944372056,50.521411073072784,-0.05993779658912152,0
2277,76.80989689930367,7.372192916697253,1.8955013226474051,46.14709486479475,-0.47585940666125964,0
2278,113.26663086915873,7.738721468815826,-2.1924517390966622,46.25941736601768,-0.56043046851331,0
2279,108.3482387069861,5.1217027660283945,-1.555743196845503,48.671451065646124,-0.03551696627679696,0
2280,62.746171672750506,11.962975528228295,-1.4240324030039826,55.34935842759122,-0.3368024063830575,0
2281,80.90509378711216,7.207925271377215,-2.6244925592453394,43.88875060765201,0.24006388551794156,0
2282,114.588878485923,9.74130856206448,-4.793464768192059,40.617470056285285,-0.4152789553832283,0
2283,66.42737212625138,10.225889638906342,-5.19200206857665,51.52482186244805,-0.031029955512967472,0
2284,71.24679984947228,8.644937632951153,-5.780909977915531,52.5059722012373,-0.11065779567402712,0
2285,83.45562735673086,10.352081067914344,-4.374921635044433,59.3012787121972,0.2712784170603979,0
2286,82.82021822575689,9.82165112372996,-5.715801206956114,42.3935757220119,0.376264232860791,0
2287,54.38866420412725,6.662934655220853,-4.524110070272904,48.455155247833176,0.38010435339849014,0
2288,39.1425724938379,8.978129667904101,-4.127754479993269,54.74274215726969,0.5104168633942653,0
2289,70.70300595165533,8.537932500556856,-1.4613877529440509,49.32265975414386,0.401076845487355,0
2290,67.7742302491913,8.935500956160247,-2.8015739967730267,47.50646020028833,0.4010194721161142,0
2291,42.98433875169667,7.3222990736329105,-3.0868350531401285,52.1790980436914,0.17429982439492603,0
2292,15.290604567630506,12.22966666128174,-2.8059824619289824,44.95924896628709,0.4873144763527716,0
2293,-12.539737989095482,13.202341533247125,-0.6381719931838306,51.920689387259785,-0.16746155001876736,0
2294,-22.978202521384688,11.950928488730948,0.5165523266141248,41.08419578814218,-0.05255018384353269,0
2295,-5.850283034942667,12.507565196655452,-0.6024447986890278,39.42428963093582,-0.4743751147337759,0
2296,-17.700981613860336,9.223910209557346,1.8029010871767979,45.3041364987306,-0.5225908129724203,0
2297,-7.544882772578621,8.56256156178944,3.6222732194292178,33.48758789640025,-0.5892456049467113,0
2298,-31.720289209324243,8.175213920254711,3.4681763404851873,46.340974254684866,-0.5183148068836549,0
2299,-83.49641323304908,10.893504740404204,5.485278543747048,36.84974221963046,-0.46129521854444394,0
2300,-40.56746805087808,9.908479446536003,3.2943562885357602,46.501519985272346,-0.6778057413811093,0
2301,-89.12369517079549,9.125257403190165,5.672191185570241,45.57554785654271,-0.4584681142321508,0
2302,-83.70692161841599,11.672150981625865,5.852646558181606,43.849413313687286,-0.4597362728857661,0
2303,-77.12886399872157,9.671189762719017,5.641809094604154,45.89456805983905,-0.3309498538435613,0
2304,-47.50424580368679,6.941296289142099,2.6792234074641206,44.239327115793465,0.2515098541731439,0
2305,-29.63050423605595,6.992556374582495,3.950161826143958,41.24186504696868,-0.10712843692451646,0
2306,-83.18817016226923,9.433241515824463,2.212443890723126,51.33334907910476,0.31737735644773013,0
2307,-101.52788748530281,9.84743257218117,0.6057802737375193,43.599442994274526,0.746210773694641,1
2308,-88.73734161724087,8.542633407168319,0.6485706875359989,44.930352712147084,0.7156634513351752,1
2309,-82.24439928544706,10.889762206126763,-0.8343799493902841,45.85770596722955,0.5849595618973834,0
2310,-105.98177148695414,10.004974543313102,-0.003306380494675687,43.238352731342,0.47743965583417763,0
2311,-62.240248300987126,7.239173489989193,-1.3688091662883086,49.601110509147276,0.565882812184112,0
2312,-91.13848952269045,4.286192665926083,-3.9171083197000547,39.490606162473874,0.39290891132448863,0
2313,-82.42387073155297,2.93472584671947,-4.261458084349786,37.98392711980453,0.47553299892768397,0
2314,-74.77605752022946,4.357400406104328,-4.549488647418695,34.113828533938566,0.019179623555388315,0
2315,-74.49840884787898,6.203226077955781,-4.706554269771389,35.40833023671855,0.09695710329088723,0
2316,-60.15831899321029,7.902989080819847,-3.9083798466921946,32.34691263003138,-0.30837085297118716,0
2317,-82.5204503150167,4.626862703983043,-4.308648897169809,38.68802986190734,0.017237761134715923,0
2318,-73.87850997862522,5.6622099898205756,-4.833400810560688,30.02520356448705,-0.479778327259921,0
2319,-76.62604555555518,2.358635015679591,-4.836061912050485,34.22672590198177,-0.8171778505130993,0
2320,-37.19764771080974,3.612152184097961,-5.856980099145802,35.91293732082402,-0.47975852835308863,0
2321,-21.3141600597122,3.524776235859335,-2.1370401562289496,33.111014039579416,-0.30004424670782315,0
2322,-18.27402905064913,-2.5743715099039783,-3.0848411826094884,27.11106885965531,-0.04443143437763447,0
2323,15.797832410394676,0.06123258053841707,-0.18645259399705627,34.30398060234419,-0.45353507360765044,0
2324,-7.889693737773781,2.288584284393152,-0.5793119416298063,29.588846992815526,-0.464610042775735,0
2325,15.589015586455604,0.4382207615497804,2.246648173128343,14.846268138432029,0.13253366258935081,0
2326,-9.65000259175475,-3.003368699471542,1.8156456134315273,23.47567091068701,0.2722967966291404,0
2327,14.290114688275871,-5.9686805194208485,0.7170526295729822,34.569334095372795,0.0268778658295446,0
2328,45.57082014815096,-2.335323911208883,2.388728232013145,34.14550056903284,0.3455118918700586,0
2329,57.953726566747534,-2.2382518882031732,3.568354340242532,28.503976659655223,0.4200679838587668,0
2330,43.994589227044486,-4.349007873723447,3.449050098348387,28.932945718721,0.6646192409657771,0
2331,56.845863167363554,-2.774622010970247,4.358778143175162,20.250306445403773,0.39556759936445496,0
2332,35.742000299938866,-2.5199979158368233,3.5931028221300796,21.96057338710662,0.32679414330774914,0
2333,66.12007413950096,-2.6545465054325526,4.992225060712917,28.54834340416307,0.3354370776951507,0
2334,97.49750806856983,-9.160920412250206,5.051581357655791,23.602353229860622,-0.09241073428080568,0
2335,96.8268971755836,-7.519694084133788,3.445799888137213,20.890196727163616,0.4177018890749131,0
2336,100.1165461541631,-5.930185248885913,5.848499634419045,18.715863976221005,0.07533929710507833,0
2337,94.97885863600027,-4.593110174971806,3.27428523924974,24.598858879136042,-0.3908961189778797,0
2338,97.06575031571883,-5.1611642417338865,1.5685544022937847,23.40576147312411,-0.5907467271296474,0
2339,85.69072916790206,-5.582722321654423,-0.16481493621837195,20.10594328861709,-0.6591307984640705,0
2340,113.85823752433151,-7.663815293291754,0.5457024102965997,16.24420088553688,-0.3773352126117507,0
2341,108.28766054961874,-7.905524619274085,-0.7730595539570654,13.177919228587392,-0.6961555937272959,0
2342,108.6972611042704,-9.042072748297423,-0.7074260667985255,17.46966187696554,-0.49920627870146195,0
2343,86.3371244650167,-6.365222836920746,-2.5523129771819537,7.5323340242045616,-0.7026283827530042,0
2344,50.82412876122327,-10.039035637636777,-4.425100288526249,7.601107402268727,-0.13877721395331288,0
2345,111.9290795265468,-6.773941365114374,-2.25427702068702,3.8457438057294224,0.00821934070189878,0
2346,75.60520368484096,-8.313083150346714,-4.026507070720217,16.300153136842255,0.00466096652474484,0
2347,62.27125512266646,-9.051836626459934,-5.075486175404474,5.539425296738929,0.22567787111080198,0
2348,86.9465610385118,-10.485726810044275,-4.82377134118957,10.177894540187326,0.47480489905433454,0
2349,58.05678134245147,-12.071022085579711,-4.48252816512639,6.541902158452492,0.4494857706227455,0
2350,79.25739177989689,-10.81948125742121,-6.155984175240054,20.666351087870872,0.6356412888306917,0
2351,61.980310068592324,-10.324621384061771,-4.151535122485008,7.39467840262718,0.2663659282864438,0
2352,54.3971161387878,-14.518931686234673,-4.169659221519178,-5.121131659910122,0.5515306191968072,0
2353,4.085236019713495,-10.267421676129423,-2.4742560157650857,9.069496150173448,0.44781150363902966,0
2354,46.00806863366088,-8.091148294991047,-2.8648929502391134,0.2580308956531865,0.5463020902402081,0
2355,17.141527693007927,-8.847734404761269,-1.7878623812893095,0.18973756539167352,0.18143795581944888,0
2356,-5.440763473668083,-10.991938924772668,1.4684299483130538,-3.1680716131628293,0.009684813147077045,0
2357,-5.178620690990501,-9.89801792383969,2.0329420716380544,0.17258762854219512,-0.23108047157557804,0
2358,-53.4818671754183,-11.071608484268953,-1.5290344725852418,-0.8925517635671765,0.04046921329702041,0
2359,-19.515456735429247,-9.604253691837227,3.8173595712465977,-6.0314238045623725,-0.8441093527244214,0
2360,-57.7306391073337,-6.739306042952772,3.374946814061218,-6.342559405349822,-0.3524271521930147,0
2361,-73.28018797336223,-7.775726926805202,3.3909332758762636,-4.291684340043503,-0.4999127769751316,0
2362,-85.29565656588181,-8.540062009242616,3.5790383084732404,-17.506131458574977,-0.5294421850257136,0
2363,-40.66836811662011,-10.412397397444336,3.9413552798672145,-13.992003486703954,-0.5114544936805259,0
2364,-82.95236908538251,-7.748166079197047,4.319829105286984,0.5761159541381842,-0.3698280438532792,0
2365,-46.434427793270544,-12.42009676936756,3.7825997533874522,-7.120958762756499,-0.14397706056446627,0
2366,-93.79644457350248,-9.32673868621564,3.2693644282978465,-12.367323467472602,-0.2583129489935614,0
2367,-122.36889573810174,-7.408247253318146,3.1134728343471236,-19.202010759352696,0.07695214755649646,0
2368,-114.8120642292615,-6.827031326492966,3.841534725798822,-11.977706998612428,0.26488911025373973,0
2369,-71.10113654284015,-6.679543078049952,2.7922617304654387,-7.740016992663096,0.13138173284357937,0
2370,-101.3137505369359,-7.121044880185796,2.4127370170607043,-0.4347319839039834,0.5215261027735394,0
2371,-110.55881109896397,-7.7742776669082865,0.8311917414913654,-5.129813314498817,0.553571703398056,0
2372,-96.7948778569654,-5.960543994853464,-1.4042196825537403,-19.978282628799477,0.3399929194273183,0
2373,-89.36264544777083,-8.578298666144942,-0.5943127350014813,-18.969870043991968,0.23552413566277933,0
2374,-75.460226691573,-7.98133379557302,-3.0412510713527956,-24.78905226808812,0.2418078856980325,0
2375,-66.27085401688554,-5.772185928707102,-2.256564332548031,-22.573542789829325,0.3262873009583035,0
2376,-98.91723215864363,-5.138199941045103,-4.819974908904191,-20.35584875002274,0.15227936361971453,0
2377,-113.80737909428245,-8.711056896682733,-4.94673216569775,-22.045966999263374,0.29954489567909787,0
2378,-90.24815761561977,-3.7121181595030848,-5.056044735715587,-10.84801072162988,-0.20122550338437903,0
2379,-70.64656766751921,-2.627984927413584,-4.268484845875195,-28.599749148007902,-0.44276339200590265,0
2380,-88.24278984223893,-3.868611489313493,-4.818071534556331,-23.14174497052778,-0.24701682479955273,0
2381,-80.53696156014674,1.503575389359467,-4.826148841454649,-34.11771362148906,-0.6541000734690123,0
2382,-46.331089588532585,-4.134431849872962,-2.619362041360379,-23.020583144395662,-0.6550158060490429,0
2383,-45.461172978651575,-3.007020461796323,-5.821293287848632,-32.24831630121994,-0.6467697038579283,0
2384,-34.66895411807753,-2.585553519644306,-4.343125198001054,-20.881195031618635,-1.0411838475394317,0
2385,-40.97861413512401,-1.4538808881072596,-3.5746236057206673,-28.69343563559201,-0.23937546678260796,0
2386,-20.642663066521283,-1.4617881632402372,-3.353369619933752,-35.08131214961705,-0.044278196880798176,0
2387,-24.585040098774495,-3.1187820708481135,-1.3284210606306934,-39.40675603163663,0.09228570748609013,0
2388,21.698815530684627,-0.898317274912707,1.0769583615274803,-34.5967342488718,0.4353902146070871,0
2389,34.55614249742317,0.4989913783559125,0.7801167995344729,-29.30506087140581,0.5038586419589157,0
2390,-13.254689117254202,3.649095165996558,1.9666483166593594,-29.18061522919165,0.2617226913066498,0
2391,14.66026974344538,6.091176523838429,1.41330371145205,-34.55407665447824,0.647082241393137,0
2392,12.569092790847499,4.848160901482237,3.0505234306690916,-28.193780487871884,0.4644393465450049,0
2393,38.323747416889034,1.111536276230256,3.94317105294172,-39.2492304572857,0.41427533006399325,0
2394,57.96720021988986,1.7491019947748287,5.429482696475408,-48.94013773433086,0.31923950458124445,0
2395,38.35892593694392,3.2926407740760713,3.3035325176592427,-33.61267131903596,0.3457006205995147,0
2396,55.95754755851627,7.641966055774558,4.516331763645449,-29.281551851462783,0.3582285960020594,0
2397,60.61518218087167,4.19337052307929,5.8528584750883175,-29.92766155277674,0.47574821070632445,0
2398,90.33299094437068,2.309265805342815,3.925650102616445,-43.60110588401097,0.15808659328094207,0
2399,92.20668737844538,4.389580554867617,1.6856175697990072,-40.488415048226074,-0.2901709898419564,0
2400,80.10976442536662,7.320223845761976,4.359259346169009,-34.793632987480805,-0.4808615563264165,0
2401,100.86099024275624,7.585657153424171,2.9710918841389207,-42.18068297947895,-0.27015341005608984,0
2402,88.19859345588799,6.189496814564321,2.172553453858974,-39.13502996976337,-0.2809244531848758,0
2403,94.51621916360921,8.324441649183742,-1.4256187592731338,-43.8450913320881,-0.25222578767879833,0
2404,133.2368288183208,2.761559644185346,0.8329449919753963,-46.29466860066438,-0.5433329703141446,0
2405,125.39862694139524,7.847588312319397,-2.423372491687748,-45.89808748541606,-0.34381094607967055,0
2406,70.43432730579002,9.674230632159253,-3.0643368869518834,-37.18952174316841,-0.17557549363179265,0
2407,109.89369030203466,6.580185178576581,-4.060620926348475,-42.434375664796974,-0.4950086566605612,0
2408,105.46784974784624,6.845676110422337,-3.079985761589423,-36.662022326858306,-0.027218055811857253,0
2409,61.32387382808967,5.036606885731268,-4.715259769169172,-40.92026007645243,0.24751535117472973,0
2410,94.87172420273754,12.178525197813743,-4.381444322989275,-35.97356206102839,0.3121891615098017,0
2411,102.67753362386647,7.765164722513012,-4.9211284181475765,-40.3814701522978,0.3186779365118102,0
2412,42.172133230536005,9.871289013070204,-5.026699735404198,-41.12324173301925,0.9515853650982432,1
2413,38.33141508716196,10.757298204761316,-5.616460455119417,-45.952552765163226,0.8721145657338718,1
2414,68.52680046944131,12.709992997486353,-2.4093892020193604,-30.716108336585087,0.5008905815706728,0
2415,44.61424257551712,9.490244930189911,-5.068477744893416,-45.59237382034531,0.4294914691467667,0
2416,40.833110153945185,8.806874271087544,-2.432661142194745,-56.39824373563228,0.5341632132092498,0
2417,26.936829701258773,10.294853350012717,-1.5946717359283342,-45.54760933176883,0.27406792527587387,0
2418,18.059341714991902,12.554996186243441,0.13520538586312592,-52.13713390021157,0.4058389336704932,0
2419,-26.266010229503703,9.659646262605117,1.3617468901141783,-42.45957109079585,-0.24949923403542945,0
2420,11.225163380606533,8.078414084067642,0.8301262342938406,-44.2155836851197,-0.19212045567211705,0
2421,3.783116932783628,6.869832373545215,2.4531953523609227,-49.0830872738382,-0.14200194162125293,0
2422,-33.88806648315341,7.447075776492054,4.566304959642134,-52.826586073596566,-0.18844531440076678,0
2423,-39.56860085546151,11.532057070118999,3.5032004615431704,-47.897240151733115,-0.7607566930931569,0
2424,-78.33335393380227,9.051125572553394,3.1266297932426577,-52.05833450444757,-0.6892649882451423,0
2425,-45.96153620786612,8.342207266565103,4.266116994919717,-45.116401966235664,-0.8230582711708958,0
2426,-52.77891219190991,7.966301055881191,3.6180567958452308,-46.45897830914875,-0.6082217678490487,0
2427,-72.79564544270279,9.385822944242847,5.37038466636677,-34.72316390201569,-0.5960777060749466,0
2428,-55.68159979729283,8.531282229305159,5.939611997924393,-51.7727490017335,-0.10942944183288289,0
2429,-90.68601802480295,8.23586853376708,4.4363451552330035,-51.188665684994874,-0.028668794451350725,0
2430,-77.7088163677557,11.230770322789668,2.436968831401045,-50.549909193609636,0.04420258603379904,0
2431,-113.50141521831517,11.336818814129549,4.418345130521727,-50.41554202797729,0.22292877765378616,0
2432,-96.75605937883971,4.748759024334753,0.8237452658363553,-44.78985961856724,0.5798517703567158,0
2433,-101.98694138040602,8.312086096331795,0.15378382298468907,-51.351653049375905,0.2253832196121702,0
2434,-95.22435963887479,5.77213643674788,0.5533313727357535,-40.13269945536553,0.10187652962693228,0
2435,-107.35524414357918,6.480007569862754,-0.013783199194226381,-47.087918522843715,0.6405148739439186,0
2436,-101.82953067347731,7.228278090234606,-0.829971775364579,-52.41266129582134,0.3861937040064336,0
2437,-80.92333412856195,5.800972147492124,-2.2550876245694833,-53.6549035392154,0.18519109521967742,0
2438,-103.45013008894682,6.288459616681268,-1.2783666537618363,-44.68902940162834,0.3894347597936927,0
2439,-123.17059571963277,6.7600423268474,-3.701572589044314,-49.67554817268399,-0.25003179133566067,0
2440,-51.46195185031877,5.576285140044581,-3.3102352653596068,-49.67768063144196,-0.17597348424001852,0
2441,-53.375308497649655,3.2540233232094327,-3.9628936538916504,-52.60032547105821,-0.6297422787406328,0
2442,-100.59103502150279,2.838494238750291,-6.258305341626269,-49.78025367394659,-0.2341685139829753,0
2443,-53.94618092514297,0.7564402805902648,-5.1527893992005795,-52.513111903288205,-0.0796796362381319,0
2444,-70.11754929610436,1.457879966250263,-2.678706867261049,-42.335366070583945,-0.5822513659283204,0
2445,-46.505946211620454,6.611814319826289,-4.9339050251208345,-45.364551378779495,-0.6573517218017519,0
2446,-37.09151898624297,0.6189096883014988,-4.555109139637154,-49.6100458367028,-0.12898136824901696,0
2447,-38.435066619437755,-0.6741076927670784,-3.0061446424021945,-49.45039772475639,-0.303851002478813,0
2448,-39.85594499583708,1.8579580185392235,-2.8148259511323364,-47.789641561365386,0.1416553301238495,0
2449,-28.183568922698704,0.4997805176333604,-2.2160565824723677,-48.00636912836142,-0.1774925434153759,0
2450,-22.745094632480818,-0.17006959597013682,-0.9249766924984484,-52.47231353451943,-0.02081855711399437,0
2451,-11.062033202239535,2.539262975024709,1.988583995892776,-56.88139356664266,0.37223562747231187,0
2452,14.170814774924033,0.3201754849728009,1.3960343938243782,-51.03696616618917,0.19552157710581577,0
2453,10.984135844895778,-2.3353678484450984,1.1195547713805514,-47.343171438746204,0.39654323547324477,0
2454,48.47254939382531,-2.618450148359429,1.7532807085320479,-50.02319151451765,-0.046304662833157095,0
2455,73.76057872378829,-3.2643648448789278,6.1590632882261875,-41.85224392202976,0.8372256785324512,1
2456,41.15894844588375,-0.9937592748205544,4.258591027701163,-46.69122934060345,0.5758474778882641,0
2457,65.76530032771952,-3.8367238101567676,5.267490717013761,-35.75590779484913,0.43972954721771684,0
2458,78.57884543769639,-7.27587619521686,4.219848849704407,-47.49151006140468,0.5650078393529379,0
2459,84.94784148471263,-4.246127185350033,5.271541472383953,-43.522844857289165,0.035320308955768875,0
2460,83.19510532060261,-7.67308690915177,6.1718515562548,-45.19543773032125,0.025148165163474873,0
2461,101.88177263230344,-0.6686255902646412,3.634351745334418,-41.05943889123459,0.0978053303269578,0
2462,101.15567137156489,-7.393884414626968,4.148400923425072,-37.419471010457755,-0.15119330826946853,0
2463,70.3256673360208,-6.19808638417901,1.5401658359658867,-39.17962061564852,-0.20351679729165434,0
2464,115.0802634373789,-5.755076817764569,4.107431979066405,-51.83091766523052,-0.34966810764340717,0
2465,117.08502771197794,-7.230248602635518,1.4086504771494126,-38.61686895431002,-0.3444172584776145,0
2466,84.72299314131988,-7.597814212396724,-0.26258338038809936,-45.593362484259615,-0.7636527338828396,0
2467,100.39792200143954,-6.521379236581424,-1.1435561594440613,-41.49439738291892,-0.22821150477662278,0
2468,111.96063361303153,-4.6414735418626645,-2.3178980367166995,-35.8895075866381,-0.5217458919621818,0
2469,91.78054413610191,-6.46852818963254,-3.156869184696023,-44.309826155953736,-0.3165891415130179,0
2470,114.14027950558906,-5.336154792215161,-5.928004009709941,-32.2906657770018,-0.32214640308276954,0
2471,135.74603136165263,-10.655328324277015,-4.222262541084175,-39.18149185800436,-0.11528462948844692,0
2472,67.65277491334759,-8.174871634087078,-4.743540732416953,-25.889066715389074,0.13736628663892997,0
2473,49.822487183340655,-8.724592184686912,-4.410832279064587,-35.714858659220255,0.37975466152982396,0
2474,76.81684619283014,-8.535806088314606,-5.523141970070369,-26.83160546479457,0.5333522886816207,0
2475,77.76200398225082,-6.665338952633864,-5.672204794304394,-28.65585158901724,0.528451567609165,0
2476,50.67092604342331,-10.015655813188266,-4.6147195603781945,-36.971844418420844,0.3721555116410595,0
2477,75.75854447402412,-10.517428658710605,-5.741424525995115,-39.6832778673881,0.5706813825935864,0
2478,10.8597485697601,-8.746543742956192,-3.3431325633572997,-31.85192315673803,0.5059505635772502,0
2479,42.0527652301938,-13.454463053067396,-4.566876378075723,-34.56554369751871,0.38990412783728645,0
2480,6.35799550699393,-10.430573967136151,-0.6948977463699544,-22.97334183723806,0.37136042416839343,0
2481,42.958990988491905,-10.25919052918416,-0.1697188333342201,-31.31349086612671,-0.12783949816237264,0
2482,38.432317946043774,-11.840465880177554,-0.7844012211137539,-30.776442793495725,-0.4266481205519257,0
2483,-26.726374776114753,-7.869589957950512,1.7930436061736845,-35.437433918845,0.07005902129096311,0
2484,-32.24580212359372,-12.067193877913148,2.188415250563217,-25.53399236680751,-0.3258906160097417,0
2485,-13.711948519877748,-10.148612997473982,1.9300867388194083,-32.66227299640991,-0.32134139894684016,0
2486,-47.98658649178084,-9.200019084141216,1.6612442349370582,-23.729345069317908,-0.6468162756833001,0
2487,-50.09036061086645,-6.964436308662714,4.598705243732789,-22.18106278230587,-0.2473555814065314,0
2488,-57.12111894962525,-9.553284886361634,3.9154163074251374,-27.959856481592325,-0.4116361785451115,0
2489,-103.89329279975001,-7.496871947546207,6.044335515399762,-18.548856504002995,-0.45638259901660816,1
2490,-72.99307426624965,-7.7815773919857385,5.005751869101279,-23.817076201541102,-0.26458764991063316,0
2491,-93.00080706814873,-8.726489986765888,4.135483578464087,-28.900883550229644,-0.5426124166364913,0
2492,-94.767237593609,-10.920639988726597,6.2834943133451295,-12.911576855993488,0.02518096720605925,1
2493,-60.88233012756793,-11.357133486677585,4.533862445470924,-24.340459984534085,0.3971648302438295,0
2494,-118.83849514070077,-8.000104045757787,-0.3836798753155506,-16.264958984555903,0.3031846874749756,0
2495,-80.46133764849911,-9.0031231703147,1.9685848987105996,-15.741024023369343,0.3962368801961147,0
2496,-104.35533548131485,-5.764031612977609,0.15658553059527658,-14.986609966406771,0.3824123380691543,0
2497,-105.43497782671294,-5.776662708816476,-0.2348473913428858,-14.128987911230777,0.7093575686630186,1
2498,-84.09846809414904,-7.28525252849555,-0.5780286242509124,-19.888604722712188,0.7419729433400105,1
2499,-92.1727848937907,-8.861824707561833,-1.0602203352959376,-5.624272715312879,0.3680623556485738,0
2500,-85.64054200978993,-5.138933492672018,-2.0774932844988068,-8.33749693419324,0.44426584675396974,0
2501,-74.79838039679935,-7.794911413160995,-2.0923332040821316,-9.775933669154211,0.303787101129701,0
2502,-96.95667661075738,-6.860153763690183,-3.2385690369276174,-17.84371281827838,0.19951839484933626,0
2503,-97.84112639077745,-6.872915509100215,-3.8508909230845023,-15.093813950663904,-0.1842055337961239,0
2504,-101.71003413384264,-4.749661540515086,-4.598179751590711,-5.933753716823324,0.05271966100914771,0
2505,-90.1264623712979,-1.6796709730337787,-3.6955596651339278,-18.254831394840693,-0.19326021318626913,0
2506,-7.512022197829985,-3.5674854806631187,-5.282690592821011,-5.5549710682250275,-0.16892989470611175,0
2507,-33.811592845766604,-3.9722975674222574,-5.042777594402615,-12.913554586923688,-0.6990153413400892,0
2508,-77.35138274338532,-5.657833441636658,-6.25464180061293,-9.604506734806495,-0.7112845937833301,0
2509,-67.90088583464151,-1.0165826596048275,-2.716114891075054,-11.324257463911078,-0.06744840473001912,0
2510,-22.52206479488055,-3.1905683133753158,-3.12202632088964,-2.0412514141238356,-0.18644477897266692,0
2511,-11.600423456443975,-0.8995775866636119,0.7370820609960753,3.308468368447551,-0.4782829166452318,0
2512,-1.7291066967508595,-1.345067839107458,-1.6659109508006584,0.46610263589676304,-0.012867894726299428,0
2513,-7.840001293807347,1.5392972945977015,-0.18540743965021567,2.0150437460085198,-0.13423494429081717,0
2514,4.74331337870105,0.04838610549824629,1.2698350145399495,1.5656461116805325,-0.23171883945010574,0
2515,23.730809494163932,0.7440152564151401,0.5899088310119758,5.139001983793687,-0.17258126021214534,0
2516,28.640310441417668,2.330217115216703,2.9513881827452195,5.059955108459619,0.36041121654221986,0
2517,-7.983326059002245,6.066061940234956,3.425165198475788,-9.85306109949529,0.7617220462806744,1
2518,40.92319630546032,4.11790470248674,3.7493101884806257,9.250377469763098,0.7984342473428526,1
2519,37.152755063758775,2.646776587203915,5.726516693278198,9.719130027628484,0.7466388923861293,1
2520,65.80544947853555,3.306304237968397,3.9695282429790133,4.894047228990823,0.6168833665901489,0
2521,129.50424529664667,2.717860740842924,5.273261126410468,-2.175863247067329,0.43034945138003544,0
2522,83.94913351085515,2.3258426721700705,6.378836556524414,9.894021563525357,0.4804927243655903,0
2523,76.36398454912803,3.5680245383683076,3.9470525519072686,11.297963954973024,-0.29119465660643656,0
2524,106.28002899258841,3.565238837012654,3.900763058759465,8.441385285310217,0.15990915873477562,0
2525,101.82946917752173,6.839513003048115,5.919581317676676,12.552186704507683,-0.4078817432489765,0
2526,103.98832448326665,3.799796931563814,3.2828003972061666,17.948127436966878,-0.49544995754987753,0
2527,110.17910172084412,9.003165809919928,1.424382015632262,25.54173740032258,-0.2750086479581787,0
2528,140.6490121819822,8.219556932650493,1.7784083005170235,15.248428364353913,-0.29270929163297915,0
2529,77.38207084033067,7.118401939333762,-0.5860073734830691,17.137454226984598,-0.6219344647410138,0
2530,108.95501440333582,7.422280208350538,-2.575812940834201,12.296730316643202,-0.34762867219478266,0
2531,79.4432886025455,6.632774628666761,-0.5912149922065231,14.849937284034773,-0.298558229586115,0
2532,106.59080950423659,8.593836024682272,-3.9410384265946625,17.61096465582408,-0.3708250985840589,0
2533,73.66246156323967,10.51605210875863,-1.1475254890120299,25.10673205115466,-0.1479016381681597,0
2534,79.32489553115482,7.19890891354755,-4.706339175464334,24.232207720350612,0.3834890544814323,0
2535,76.53048156920205,5.782283742857198,-2.5333920508515044,30.695408027178367,0.059902594204991194,0
2536,95.88502619974449,10.477232451747437,-6.298932855910303,14.50031361988738,0.20532050976023233,0
2537,87.9111419261296,9.918583645984898,-3.9718192769783083,16.226792550876496,0.4005079763004827,0
2538,37.106225546282786,7.205340048479984,-4.365410572189356,29.240767103874163,0.4165872620164551,0
2539,54.97808625824491,8.131231438515826,-3.701256948358354,31.850047508269803,0.6534687785880933,0
2540,31.008292711314894,8.008092124323799,-3.063891063085642,25.636937463876432,0.787157673755835,1
2541,10.89865500299203,8.381211940114039,-3.861829829330529,3.9986405875720408,0.39784990372640716,0
2542,22.236888558819665,9.262316204172155,-3.8709840058504543,23.453846832473015,0.18975580857964475,0
2543,10.65049925642659,9.431223294346866,-1.7089689279530214,29.68292540468869,0.6377664776950547,0
2544,55.42934878167817,8.69246117798445,-0.4648307048292825,24.331154903571885,0.12673158490226977,0
2545,5.560186840001428,8.482471517914062,-0.16209250246986484,30.56508241010421,-0.38733116857280225,0
2546,-40.61442412408189,9.520989347249348,1.5725703304531726,39.93160527326813,0.18098095807857614,0
2547,-34.190106707448365,10.268758784626279,2.558277917450994,38.356693405009665,-0.09418079137521107,0
2548,-12.070757689204015,9.230772055911315,2.163412627993803,36.04520181663072,-0.09856158938892551,0
2549,-0.008651608117446585,12.086035312977113,4.190668727385598,32.44040560876956,-0.19397951363562083,0
2550,-82.35882973720825,10.665796167065128,4.099421314014043,31.03811850266678,0.02912069365138409,0
2551,-96.59333783963088,6.324729470014942,4.063504438052869,38.03561802106139,-0.6816596431778896,0
2552,-29.341776232350142,10.386916057957976,5.757807348638633,35.09553907172105,-0.5654319692807779,0
2553,-66.06797115482257,10.360244048278563,4.202232423756147,35.97480541054554,-0.4004913627485841,0
2554,-97.58729705219233,8.066513577416757,4.332841537083466,28.61365251613405,-0.27496392943173414,0
2555,-75.08850226971661,5.710080464602662,4.480902853990408,33.47597862895652,0.0002960676804691226,0
2556,-143.19858411421123,8.459354625597102,5.226739484818772,41.47201387797597,0.02639673568520022,0
2557,-94.2145820292446,8.149445615753883,3.3352036603446535,32.85637375716753,0.024026820919305664,0
2558,-90.58209603228192,5.622804352477141,2.8354212812702184,40.323895701739815,0.20121185473814418,0
2559,-80.53896804933287,4.645231154368995,1.082225668884814,41.67593280671277,0.39791532488991394,0
2560,-120.19872245655702,7.035270012110437,0.31910284568804087,42.5700636970658,0.7253000058963273,1
2561,-98.1051171150023,6.388908051373282,-0.6494112553782948,43.60306977234143,0.37680635196594936,0
2562,-117.22805273980529,5.648082949246775,-1.2814128814073953,44.510182873050645,0.6053532906402515,0
2563,-91.52621176731414,5.927140296695073,-2.782092704140758,38.8058429945052,0.0909912744531905,0
2564,-111.48960613545054,3.48452537410265,-1.9584172957291912,35.12302211938781,-0.4043783061873806,0
2565,-97.75844207766289,4.40233101959743,-4.352377985562703,38.613120406920736,0.06789269014002768,0
2566,-104.63126093162741,5.907339245121229,-6.2086088328949485,47.13271423858779,-0.17679143564426486,0
2567,-65.96431213302357,3.697366759775545,-2.1012717187286687,37.963793406776105,-0.37556032801701034,0
2568,-55.300886206277774,0.5989887362503312,-5.321019921751318,39.23230447370545,-0.525611047978812,0
2569,-69.92109613771439,2.5333206029861772,-3.6309832352304245,39.654195816027475,-0.5648657227567107,0
2570,-56.57095758235369,0.8654647587962931,-3.2927561930534437,36.086648124916884,-0.6805366507353615,0
2571,-77.84169898080141,3.0596179172762157,-3.3184503591349968,39.99497714284445,-0.6789669387661967,0
2572,-45.90926526116321,2.6762717215201586,-3.857830671679051,51.1271707251277,-0.7433127216891595,0
2573,-31.566861451989165,-1.7707961756126256,-2.623352598446363,42.91810062046845,-0.8272253455908838,0
2574,31.511428985568944,2.5690690983709716,-3.3187675851502974,38.11537067727521,-0.7371777118495473,0
2575,-33.276566891594825,-1.6716664232234049,0.8931685309954855,44.641236361683056,0.3293485486407851,0
2576,28.22380517538994,3.1713523048207293,-0.9577740072891777,50.07270673899663,-0.028543071944813925,0
2577,28.865511213880893,-0.5444157023367759,0.6353668719900278,38.667614503709544,0.4374100776622415,0
2578,24.43993019915237,-3.438384142394222,1.9480378632853255,52.870409591837536,0.2335426925273788,0
2579,63.7103629780061,-3.7259397582757985,2.6276793195704,41.162092779250635,0.3527305259166741,0
2580,45.405672135067576,-1.238543336809995,2.8552729239465293,46.63337132029352,0.5213589553716879,0
2581,54.79303661587859,-3.2052641764649543,5.543494204103062,46.793812956758906,0.6253853050702587,0
2582,54.52402275294158,-3.0978472928952776,5.571029658848879,46.23275356019312,0.24095494394756725,0
2583,88.0789952802286,-0.15359424922675524,5.230178067154141,48.901145861016715,0.3634554828168067,0
2584,92.92263783714242,-5.243811957084022,4.600286605301077,53.28346697734662,0.4102371952150111,0
2585,65.15600182173078,-4.181955920273608,5.9564965022222,49.33241254743637,-0.15875413167670882,0
2586,57.18484964521661,-1.9079980042458051,4.125095568441759,46.633993492270555,0.3457266681804041,0
2587,84.5754250022901,-4.640598626485855,5.674328170903719,52.05518227276475,0.14941321547448472,0
2588,76.81389867691237,-8.815818281156545,3.565918384615938,50.890927836326924,-0.6272508627903468,0
2589,94.79643718538175,-4.998818405756375,3.8975122485057456,46.573320558876375,-0.507971633790041,0
2590,123.10808108835087,-8.727564902231695,1.660589642394036,50.17860696448736,-0.4068056482272965,0
2591,90.52290121378105,-3.963906322544168,0.8818822716899064,46.23166265986007,-0.31679927231727556,0
2592,99.12622356462252,-8.782278509566016,1.0394032111796476,45.67096017224489,-0.19399584409352433,0
2593,100.4579087618637,-1.5387085620298722,1.0189563062742404,54.01493932843819,-0.5961491565608725,0
2594,114.58868724699273,-4.865469454198415,-0.5567107232338024,52.18701302716064,0.07135952199297879,0
2595,50.02951099382023,-9.696443932141783,-2.097650415844077,53.750422685546795,-0.2982221783232078,0
2596,79.23163800249124,-8.345934718007378,-3.124613804870765,53.00051378567183,-0.19972340017826223,0
2597,91.07676865531356,-7.140456761373022,-4.811896767702306,45.29519247100506,0.10485618566500313,0
2598,105.47033742000175,-7.320592513163133,-4.429144481153468,54.62422405053879,0.2027473419177102,0
2599,65.43436392022326,-8.221193923722556,-5.868503659455285,47.996458018526674,0.3270855992813355,0
2600,30.79291626074759,-6.796741427935398,-4.613194262877731,53.97746871836034,0.7861966593953486,1
2601,73.08708628499053,-9.718942648472613,-4.383552911667344,48.532950690157854,0.5127277794089892,0
2602,39.74807360483605,-10.354707767249606,-6.426774036958963,50.531840559343465,0.30130695875041447,0
2603,19.900335983398975,-10.43921991042708,-3.8914731174190558,50.47007038743803,0.3206196834310713,0
2604,22.008536455707095,-8.128606320631558,-2.8229345196019087,52.58833736962772,0.7298618807477355,1
2605,21.26204510535744,-9.190243299367596,-2.5000357238859823,40.09860125144273,0.4799817062156695,0
2606,3.065449322258056,-9.388494297090967,-1.1404621887958688,40.119031817087844,-0.0908334376828735,0
2607,-38.89466530645191,-8.40612691721302,-1.8626775260672699,51.07006346214666,-0.24313913543577728,0
2608,13.162169895062181,-14.099247736277942,-0.29849500017695324,49.18472625009361,-0.06645808566170192,0
2609,10.770288632100241,-9.35256512677273,2.4916008488618133,43.197139939135205,-0.0912221148943648,0
2610,-11.49768108140417,-9.486198287475318,2.3784551871438535,48.55051746450444,-0.47401769857139175,0
2611,-56.83766615522033,-6.511550021131489,3.5441846264569294,39.32409564212068,-0.768101605819226,0
2612,-47.32905967501037,-12.807554480657695,3.3564610537763557,62.30172307970455,-0.712165981054394,0
2613,-52.212299966683865,-6.512846715382889,4.465553222786164,52.13611979507069,-0.169531474649887,0
2614,-48.36824567123783,-9.329180150102008,2.5098736544650997,48.26953288609938,-0.3662920012088088,0
2615,-54.63664485405273,-8.331102715514131,5.831889704670252,45.09786538487574,-0.19107555667046322,0
2616,-89.66678373023313,-5.7630597141322335,6.769031324157972,41.16988005073257,-0.04856419069833218,1
2617,-79.57404132773877,-7.77640776958009,3.6735183139934113,37.238691003362774,-0.2720838094525095,0
2618,-77.48752609787832,-7.857986551094783,3.386730582149394,42.7290957229521,-0.07368869929780719,0
2619,-62.07025984169903,-7.913291284394711,4.18396323655716,38.49067363598808,0.11503606323123021,0
2620,-80.73904015571041,-9.08299014135576,4.483758276771244,38.256420305055116,0.3664156340192114,0
2621,-81.74300014246882,-7.870886477825597,2.1545829398659695,34.6370941949943,0.6101345878440814,0
2622,-97.56813536052911,-8.923277417321023,-0.011816528637065282,42.4097527043818,0.8403278008953053,1
2623,-71.76439912826193,-7.2410026123736815,0.02116754801865306,38.70056594030483,0.6616720441105127,0
2624,-91.50833724156277,-11.465471188667564,-1.797024797410619,42.66875369598713,0.651031522695671,0
2625,-115.65915714740922,-5.5602911540143305,-2.402234945792729,41.67075531747984,0.8164665321707214,1
2626,-68.1202513734483,-6.270562708208276,-2.934620952335056,39.90869644754225,0.2960421189761908,0
2627,-79.01876194604424,-6.293149003811633,-4.352222724209099,51.419182502845665,0.4506599627602397,0
2628,-97.69789071496902,-4.760829765834073,-4.856661995826857,41.58586841163434,0.18530727619038198,0
2629,-93.39942249472813,-7.63408002633501,-4.497473265823739,30.49488398500959,0.04321089265701622,0
2630,-72.0132076470711,-0.4631035359812765,-4.667950946408228,38.40705087733299,-0.2649889272698036,0
2631,-62.0373801850222,-4.071067942863883,-6.423277311958614,35.14448465639984,-0.6233956453741756,0
2632,-59.99917153494854,-3.6914495570791264,-4.519919280896065,27.99396989146642,-0.36727049623691255,0
2633,-49.72386666498081,-4.856283151479694,-5.019241485083664,26.86662253315566,-0.4191410880338662,0
2634,-13.396881622183514,-2.3960158031325105,-3.453177895929632,35.50037624609478,-0.6130897286742816,0
2635,-16.937589593031092,0.8177018743551676,-2.762691836719595,35.96838075870261,-0.4819064311884022,0
2636,-25.14479944060886,0.6081947004994792,-3.316224697788096,26.482646688136015,-0.5621774446881631,0
2637,-0.43102439825727856,0.7414763037911696,-1.2755317069583718,35.78537240095334,-0.4492579891624503,0
2638,-30.015026895197742,0.6240552189039907,-1.7692957703679557,31.567340166879298,-0.2350184710294025,0
2639,8.580246839596844,-0.6859996129017759,1.3859314453867821,35.31823830996306,-0.25636254250221574,0
2640,46.78787562137358,-2.3694904626128213,0.2550637978195919,33.971483673564826,0.03994738694714624,0
2641,16.114944337114313,0.6271819437400611,2.356952596199939,26.90422728910604,0.43271539662281155,0
2642,13.19270924369351,1.0533675617277392,2.686695583341683,35.036362505417685,0.6886154955836421,0
2643,26.471932865014985,4.114738391494821,2.6129224950486476,20.388992405656168,0.8844050751476384,1
2644,26.694564775641744,3.122927595159999,5.14153570276149,37.10185090001014,0.4192937026417801,0
2645,41.28103391586897,6.209507901493996,4.068230928802391,19.88719567580947,0.724741805547743,1
2646,57.485868585804624,5.853139403593822,3.237362343083295,23.162143996945215,0.4940566556671247,0
2647,44.05602896765433,3.0098049775069193,2.1136529824250982,19.677889188327267,0.28332575728354054,0
2648,79.0300023246484,0.7873667287347526,3.9796920362346646,19.732543535957383,0.2856628162797286,0
2649,102.5269248210375,7.592662732334979,5.896172501587171,35.32828827071688,0.28174108715424107,0
2650,71.24589340544102,7.972118583724703,5.263321236975032,17.48265407203632,-0.1877276981449601,0
2651,123.81306573439176,2.9396301938178677,2.612613109635256,23.129618682443574,-0.3338481756166884,0
2652,106.73610371475408,9.095061474145432,2.1495804490563186,16.76733219735708,-0.4325486704752181,0
2653,119.26034978734096,7.230155545580015,1.15132081507728,21.690191335091015,-0.5656386335926152,0
2654,86.63485754656757,7.160470534926505,-0.6894338728392618,13.342931279748743,-0.2508692381749794,0
2655,117.02777954654607,10.424750194337367,-1.3027433959103822,16.3942537469822,-0.6499495764118768,0
2656,77.24578316192978,10.222653967436276,-0.3565624661432307,17.30090395233311,-0.5768251738832915,0
2657,115.04657816814863,9.155216174303433,-1.7642942199517018,9.586511578353381,-0.3181558408651194,0
2658,97.86397572418994,9.098631755130572,-2.8351380762699296,26.01707680963035,-0.22144593415366828,0
2659,101.73428884662239,9.664253309284582,-5.159503190616161,14.66113953230672,-0.2126997673495618,0
2660,62.493510533959935,7.889542694377305,-4.287317980728585,9.150064247543177,0.35445354461128636,0
2661,62.58080644681526,8.81592787817717,-7.080594222224569,5.813119309324978,0.03847744656985838,0
2662,86.09941673189108,7.335659005646997,-4.132240700647193,8.773560292392856,0.2625591104678295,0
2663,48.11961058429759,8.665530327438283,-4.716423349963765,1.24728253466521,0.017087743877402306,0
2664,68.61210797447143,8.766334520769469,-6.121848080853217,15.248145509117107,0.41115128571111437,0
2665,23.67365204736285,8.373239879657095,-2.771378857679884,7.499800070819475,0.23509666243530247,0
2666,59.138579387257295,10.03748736086358,-5.620229945239505,3.908325549466739,0.2993364727905248,0
2667,8.261916186569849,9.211771489932715,-2.5775665593028863,8.581130591637926,0.03121078590113857,0
2668,34.366818937168944,10.935297269676532,-1.7126073493088423,-1.2546875890897895,0.14594488447346382,0
2669,26.008862631700758,6.732459342326479,-2.5769467373196764,-4.426207772475946,0.1825147714551148,0
2670,-10.398618642973894,9.771726165192065,-0.39131118247698365,-0.2969127586471414,0.004127426892712283,0
2671,5.182584120545487,10.257883335955485,-0.9923811731251707,-0.008508208658910332,-0.17928495758168073,0
2672,-11.179341227318762,9.344884133162402,-1.229712541630181,1.0069840029200974,-0.30200070974049154,0
2673,-36.93151754845735,9.567809604188,1.4565494501485376,-10.02639882937578,-0.45753516522590937,0
2674,-55.830939115524586,6.663779048187198,2.7149237517424196,-5.924597646049136,-0.45112651577448054,0
2675,-84.06122288884578,10.444320788741654,4.650109558618928,-20.05688455370821,-0.5142402335647492,0
2676,-46.516857921707654,10.899350705841742,4.587865413701151,-11.545997771933543,-0.4412216861114866,0
2677,-92.97241128544682,10.439980145307146,4.948390370293573,-3.0503819527937526,-0.49610741891553944,0
2678,-67.31971909964574,11.355499151061693,3.9812635236422587,-2.811347694821311,-0.4616185594720529,0
2679,-81.35412530559533,9.483053438352044,4.40735187689096,-14.313240041515535,-0.10472630398552532,0
2680,-68.60064559252007,9.816610525901357,3.75227751579653,-11.20953956534017,-0.002022072898527072,0
2681,-93.5016008316678,8.928540072721258,3.0154063604283037,-10.437951020436708,0.019643295685582127,0
2682,-98.4529579971649,9.727034057024051,3.0358065983070834,-6.1506698261336155,0.4115403466114866,0
2683,-80.71202486832985,4.9121718856640015,2.948447116566637,-4.866368577699802,0.3200300201620424,0
2684,-91.18101498059039,5.974005385186871,1.4311502097037807,-12.712049453768113,0.37513548204841046,0
2685,-93.11378668412036,10.610103922058853,0.730255324051871,-15.74077102279833,0.4611323523007886,0
2686,-90.61274360354912,2.171983361882445,0.7566320628622739,-22.61060792079593,0.5329377544890543,0
2687,-130.27157952154712,6.451321100878845,-1.4335383803404538,-15.800089186168256,0.29688207246202847,0
2688,-82.99163313607855,8.698223147588404,-3.2240646532578596,-6.907582376928676,0.04309854855943551,0
2689,-83.46484392246269,5.7732672909895895,-2.20860631769023,-11.766079012572625,0.37429742423308937,0
2690,-112.67835059582862,4.7409855051155345,-3.2776587297523605,-18.270310585029662,0.35658314349390496,0
2691,-92.93408812170122,5.387195399379962,-3.845028922203983,-18.547615741319703,-0.1555950451886444,0
2692,-83.66662376431783,3.9866378741568878,-4.011638018470988,-24.41896377618616,0.1100481721334571,0
2693,-79.57029872369478,4.307373656506163,-4.459741843660907,-23.665547023807587,-0.5736799686537004,0
2694,-63.43488555400095,2.421097059209671,-4.970560683003971,-22.036608257178372,-0.47413835291302087,0
2695,-34.015934322262915,5.537924758267563,-2.4914368258993487,-22.90705815068603,-0.1067990420413773,0
2696,-32.91320963262338,5.691522836119973,-5.856792953261772,-19.482642128465994,-0.42241771458800875,0
2697,-72.15317125975034,2.0955184245569534,-4.6649119997510775,-20.592324840407894,-0.555611059895394,0
2698,-24.3689253618539,-0.8992782152213943,-2.4552341567843623,-23.65609255708938,-0.40194172638563036,0
2699,-0.7653999529165247,0.3327325671542134,-2.487609023155723,-32.10034108270275,-0.13000214982787167,0
2700,-9.868424233337088,0.5157095408340859,-0.9750414878715278,-32.74652904848983,-0.5421888105224104,0
2701,14.130384843516062,1.3958238111677792,-0.596889472175169,-33.20257663642258,0.14914283294019415,0
2702,42.54838442181758,-2.131182857429891,1.6042930224283294,-28.39767981717404,-0.06348710216682407,0
2703,32.74635502794165,-2.153095685767596,0.2104291870597783,-40.507218797022574,0.32206292346102405,0
2704,27.104905209529228,-0.09149680270580385,3.4995480774542758,-31.1951713051927,0.1872936218830928,0
2705,52.64606889765742,0.26967209885131704,4.181236527633834,-24.896299677361508,0.7489316598802344,1
2706,43.95044365067926,-3.3426106159667786,2.533093995770688,-29.368325023542223,0.47118362006091036,0
2707,50.42895054903712,-5.2518861309687885,4.957954723792655,-35.20595464293545,0.23423592697536288,0
2708,51.32171488551785,3.5032171656475932,4.695640216178303,-37.68007456760647,0.5719341714134871,0
2709,97.43436278483324,-1.9703170247509645,4.354572740058288,-30.88302692246995,0.6733934217521537,0
2710,56.95250854203173,-4.533998812710277,3.0972245958028144,-34.09016818773134,0.5491233703852066,0
2711,110.39082259389215,-2.714996633294872,3.800949282757574,-37.547201249471236,0.20067136611724956,0
2712,95.36636644101947,-5.143910010112981,5.153964457839086,-39.94026181825275,0.19863195999695943,0
2713,62.155596668335406,-3.590385596199913,4.7165408484878215,-37.27846336274199,-0.19708626471037938,0
2714,101.36667595137311,-5.4223066271778135,2.9932480436807,-39.82576936937705,-0.13348101731911188,0
2715,54.94577615108029,-5.960593132071475,3.1944708967438746,-35.02357121470351,-0.29555927590898945,0
2716,111.42042740690061,-6.756989927507636,2.4014902064320585,-33.358929430878526,-1.0307251446966168,0
2717,117.59057880304724,-9.79495695580159,0.6315591622772404,-47.00450451402993,-0.6949966146149871,0
2718,88.01648471727964,-3.37712569574822,-1.2437386087308762,-46.88476693492425,-0.452304409418798,0
2719,101.31440831753123,-9.471375029446415,-1.0578882892379677,-34.586500107273054,-0.4157559662292305,0
2720,135.91884251847813,-10.624379219850077,-1.929737008183569,-41.0522681440316,-0.36936605389172356,0
2721,83.74544896002584,-8.626319997388249,-2.5642095708771886,-48.07744586639823,-0.2279963866695342,0
2722,68.76909858465612,-10.399314793753346,-3.065087956761509,-38.023797362761975,0.1353044174659216,0
2723,114.76866246291391,-8.834381169201784,-5.828296782392826,-41.73531716060039,0.11372665799822199,0
2724,118.72463759318978,-7.588189470330171,-5.333651842008804,-32.9138241965776,-0.278324021739609,0
2725,73.0902397040168,-7.183468321062631,-6.887627730710957,-45.575300303210874,0.7062306896814863,1
2726,86.0594644636372,-7.732039226005337,-4.20839819419711,-39.30625191743011,0.03557822299007679,0
2727,84.81584591914984,-10.136792449649766,-4.936537597661202,-52.526984773555704,0.6714753377711011,0
2728,34.713386593089155,-9.566563495534096,-3.873904007681473,-38.717602980924056,0.18707912710563074,0
2729,30.938480347328387,-8.966048525787798,-5.189273229805539,-41.37359010753839,0.7600685625151291,1
2730,55.93750575016169,-13.388991529889836,-1.5734407421022631,-38.45086575490193,0.3527541000018056,0
2731,55.38278025188695,-8.799178936459928,-3.311007064059323,-41.27932544006064,0.38170572398899605,0
2732,23.08594675231926,-12.897032872552824,-0.3999660330839768,-47.668359794326435,-0.2231168309671726,0
2733,-15.740307409025139,-5.918876173265538,-0.06761582635661484,-53.350774903896735,0.17373954153423363,0
2734,31.60630767192098,-10.800740898302614,0.6213524961649041,-50.808432380723545,-0.03768659021927874,0
2735,-28.663945364126352,-10.328628368108934,1.5046725890689816,-56.887826980233825,-0.13545248217214942,0
2736,-34.47660092400902,-11.440567488345078,2.030050129587268,-52.951245176569635,-0.18383561710828555,0
2737,-30.378899422044327,-11.078620902926684,4.750220507895767,-46.46278019562336,-0.41951220110294374,0
2738,-15.222312058099753,-5.163479661646804,4.116807440322249,-49.056752069914985,-0.5381477135363161,0
2739,-37.84319584791887,-7.69963927414312,3.320522063186724,-50.14231256640128,-0.6546728457382509,0
2740,-54.69383066125793,-12.523549435878184,4.5083537857738625,-53.17664154433192,-0.5336068985762779,0
2741,-61.16440870021438,-6.237926685561186,5.128182289176159,-58.24020332309384,-0.11642861214794645,0
2742,-76.29520949331426,-6.657964812187989,5.80584984464601,-48.615123381884,-0.40607420501036695,0
2743,-71.96702394230925,-9.382364749438512,4.015957895406301,-47.75725910974732,-0.4666182299320898,0
2744,-138.85472152831107,-7.959991146967042,3.6111262643706756,-54.71853843434757,-0.14623449048586104,0
2745,-98.44747498202028,-8.335289398388843,3.535256488754242,-52.515678922169805,0.31717181758408375,0
2746,-91.01631037459119,-4.071498461443138,3.6081653678907526,-42.205628511750255,0.2625792033887809,0
2747,-121.23282495028195,-9.300458208430737,0.479876723010805,-44.16665837240428,0.5423687578329861,0
2748,-91.87456385894464,-7.0878104906135375,1.3941775056741048,-57.4141383139159,0.08204952271661103,0
2749,-104.08376100199507,-7.889630515935671,-0.5704826025415973,-50.42306866677284,-0.09676321703418816,0
2750,-64.27901862566281,-9.535349120228759,-1.4218529687970265,-42.71298025606973,0.5255295587686925,0
2751,-66.32927673319686,-1.9052505604361665,-0.04309426883360512,-51.03774115480791,0.6043835176195927,0
2752,-104.52983919534249,-8.2552009456295,-3.106874324301822,-51.24824802224441,-0.044055543755812,0
2753,-94.70319452496338,-5.040623028388454,-2.905417768216475,-44.36777911097096,0.27141843414562483,0
2754,-88.7220034825409,-8.537396882943447,-3.5449870040026084,-44.804124265300864,0.2574817689564818,0
2755,-90.96114983174442,-5.416613659424168,-5.877725806963408,-44.95106187675394,-0.1299639297291297,0
2756,-71.89377166854521,-3.3254680726276984,-6.789614719734014,-50.80576009675834,-0.08585435203860667,0
2757,-84.0689124623539,-5.359385466152014,-4.172646339000881,-46.02985634213858,-0.341208825862123,0
2758,-83.93611881055881,-2.0675527356482126,-5.927502453518128,-41.699291865709554,-0.5112141829495643,0
2759,-40.67740140134484,-3.302376347736761,-6.165353795151444,-49.23144238765778,-0.3327933433886325,0
2760,-31.81797431965477,0.03964242978861421,-2.9527757280993248,-50.7885842852399,-0.10841086532918232,0
2761,-51.328105610033944,0.9324709194384078,-4.317504079561511,-42.39112730238712,-0.5526556197137988,0
2762,-7.815781893872636,-2.470592046428945,-3.258250288221566,-38.064829853525445,-0.3693497105048695,0
2763,-28.5785305656063,-0.646446343115124,0.40008319885370436,-37.44822665269573,-0.4292309059740577,0
2764,-0.9484197820692959,0.06618621767991661,-2.2598204887196784,-49.60782211178655,-0.0586986218000798,0
2765,20.390474313305322,1.437917831216102,-0.858242839499259,-48.79838593339975,0.02834760554501372,0
2766,13.266858615815767,0.7274267640972822,0.920604662317978,-52.24794578309465,0.4353603330811598,0
2767,32.85016902297847,1.576781928483714,2.067277250811509,-46.16698170120752,0.613468813558542,0
2768,23.00564316015526,1.2042540214251045,2.249025992033671,-51.764244912531105,0.5835305389584611,0
2769,38.6507249594382,2.4120268794398076,2.69406098722159,-48.644667554214536,0.6936532192528907,0
2770,47.28324274975013,5.262454975310239,5.919059587027152,-42.10529745863902,0.3584389011854031,0
2771,44.77566305641487,4.4371034656627595,5.052625046341281,-43.2422617320858,0.2789150915125336,0
2772,63.88197043931614,5.017949952518019,5.564433536837035,-53.808881384990734,0.48578538159992035,0
2773,43.481698526633835,5.523044298494917,4.833157912157279,-36.4490379309417,0.2953565469266471,0
2774,70.92367996206184,4.220560935138982,5.052802844866578,-49.26298481212687,0.5580952100574956,0
2775,80.53514055482113,5.605789330739673,5.29931471540855,-48.142648332432984,-0.373303189702682,0
2776,85.73334275132618,3.225326888834796,2.799104088583183,-49.0252291948766,-0.01327475234552375,0
2777,89.74346377363587,8.347342184464695,3.3379184038417913,-45.61254317558386,-0.1525425213042993,0
2778,96.10965730587337,0.6433373419367578,2.924289927018889,-46.24874453628329,-0.5371060870934742,0
2779,108.73266180128037,6.418972844947364,2.8393769655696994,-45.56876068088741,-0.6554264073578514,0
2780,117.44245066754145,9.242593266547964,2.2571918004274893,-52.95335247761262,-0.5656986568663005,0
2781,86.766393958057,4.583198749452768,-0.6184490286159426,-39.39150174756391,-0.8176127208247598,0
2782,74.51048478284216,8.442354227328364,-0.5198388213409768,-38.273943436024574,-0.14559945781477807,0
2783,75.56149320287186,6.594018268630143,-5.232696374728958,-27.589592970983702,0.19436603558059284,0
2784,83.52298185190861,7.5108166663704665,-1.8121362798791456,-35.74175492427684,-0.2918628789592736,0
2785,82.16137931110109,10.41256039069082,-4.758064822837786,-40.00296938836266,-0.20931724944291927,0
2786,68.84139476241035,9.16775033515617,-4.7802902433560694,-42.855156049850976,-0.1942056643951205,0
2787,52.5187818364349,4.931958238562442,-4.42413665079187,-36.64978018307675,-0.0079083269748145,0
2788,62.73473991391082,7.254355398335876,-5.15077003236271,-33.227133286799706,0.21790665916154583,0
2789,68.18375725307118,11.34140122987043,-4.733733131341221,-37.27565285388303,0.6720300352150097,0
2790,68.5088680873157,10.448666544969932,-3.078801410458742,-33.72808854861327,1.1249234941355288,1
2791,36.947260418979305,13.18323162330281,-4.60098388690261,-23.80704431942802,0.3543607350533291,0
2792,30.84265119811555,13.16422267962693,-4.685848053334192,-34.46169445227938,0.28655157203415593,0
2793,11.18482729392623,9.201912029106689,-1.0241430225513317,-41.20933459475702,0.15968758593174073,0
2794,19.40925553263106,14.95564184035446,-1.436398874148109,-26.62962612848693,0.37463700271543365,0
2795,-6.8115017358247005,10.036021776584557,0.9117847901821352,-28.634657670281086,0.21910451599142325,0
2796,11.637173125243912,8.074659119797325,0.8461682511581888,-37.94834768634298,0.02280440272068067,0
2797,-45.526911779776995,8.720655425954664,-0.3473673844664449,-26.450531011357207,-0.23411656163208902,0
2798,-26.888360091525595,5.437459280079053,2.5763812561436996,-32.751993792531536,-0.008314669228563665,0
2799,-23.36301097028622,13.10304974864535,1.8248353551366499,-24.71888598387023,-0.23717772785907823,0
2800,-35.10425175647286,12.991920572490843,3.582024728723415,-16.54123255832414,-0.3208912820381029,0
2801,6.071433221897323,7.6602656925362,4.122180288250288,-26.104018212369027,-0.42450764674356684,0
2802,-49.324043251505046,9.100172814854774,3.0361758386573694,-18.934349649412997,-0.5253899961912266,0
2803,-84.36920810471132,9.587932424458433,4.111440204623496,-29.614936380213422,-0.5759547283743776,0
2804,-73.52312792873667,7.293300276938935,7.203534709433643,-30.182000982042474,-0.23567736594763616,1
2805,-113.748954628628,5.498061146279541,5.111553191194593,-11.601424686805846,-0.1314224605246256,0
2806,-85.66461928763803,8.359292857258394,4.378129888362815,-19.2438987577863,0.04028616126235615,0
2807,-105.7025157461999,7.887646614261996,5.865623793214689,-16.6860079841178,-0.23660148084736043,0
2808,-74.83268721773288,7.481460328124928,2.993936115026205,-13.187682561899049,0.2867639868011322,0
2809,-107.29976732840376,8.411550866031682,2.5010334785338304,-20.657725646320934,0.28024359915224206,0
2810,-100.85046194879344,10.513082840431547,2.682186158374187,-12.956720099329239,0.2587783536665252,0
2811,-112.44815150697018,6.716651743886105,0.32214685059075543,-12.771398694411985,0.6338916160879404,0
2812,-65.18527960564458,7.314213561304179,-1.020957793224847,-21.66350578506406,0.5337587293481796,0
2813,-105.61368360406988,8.060129304672158,-3.514572233011385,-6.668841709136577,0.9347156821884587,1
2814,-60.77314706640417,7.331222273426148,-3.1334281468963865,-6.73805895382434,0.4849357888662501,0
2815,-78.40328106703238,4.595083434515191,-3.9914869357165093,-18.724232228781613,0.2180811827492608,0
2816,-81.36093576266913,5.603121999484777,-3.61400900307982,-10.332576231814961,0.12056365027659424,0
2817,-79.03429675942792,6.078361561722801,-4.959749785047314,-11.513236076961723,-0.24016821682509804,0
2818,-73.07633337547638,2.2870378049304745,-2.5945958013415367,-2.2859859991864298,0.09288998062927045,0
2819,-113.24020214483888,6.619920075246796,-6.024095280493596,-15.446518451520388,-0.2240822750271188,0
2820,-73.25264433565347,6.494891464160812,-3.5816738606674487,10.606038899470828,-0.3288091314551357,0
2821,-43.08385692931773,1.7159473501477276,-4.5797923920552055,-7.288072553352521,-0.6809293242254328,0
2822,-52.677629484528744,3.0707399818663217,-3.6186533839774477,-1.7304751853571636,-0.3433232633342754,0
2823,-70.99958604213589,3.4831414402697947,-3.1288620714815645,2.5099103420860702,-0.6726557463415417,0
2824,-34.7113808633462,0.6170462787115474,-5.388092138921489,-4.410687361949952,-0.5394356361095196,0
2825,9.987668212153526,2.17692215036063,-2.350012050053443,-3.007137171730756,-0.3083533736335675,0
2826,10.652985637613087,1.0425919751162727,-1.6760632750884894,-3.947346371836716,-0.3246319797682069,0
2827,-5.5726059345343035,-2.7191591980765746,-1.56582385399275,-4.860710934736608,-0.22329129854363203,0
2828,24.692071884944895,0.6350546437772246,1.0250258509676826,1.925895380888771,0.07455599891751079,0
2829,8.271974340639318,-2.9827899436555483,3.2576449963305762,0.8900220547540154,0.42843716167768875,0
2830,-8.692179757510981,0.5986193245343152,-0.21763307710281454,0.018613756407495963,0.5270769602079903,0
2831,16.425428400935118,-3.1162909972870283,2.7372789011404928,1.3087681405794451,0.5800794080917782,0
2832,75.35316309581904,-2.586088434266223,2.71192613190454,7.441432895287862,0.587200354951346,0
2833,47.35557911304553,-0.0029508448755430905,4.557633138670172,1.5673016786963823,0.4024296785548503,0
2834,56.179899927211885,-2.2318691427311945,4.509560150325067,5.3129272094516455,0.684863120263813,0
2835,62.652987119426705,-5.852644137224535,4.38606691630505,12.031100723203988,0.03550226869412809,0
2836,113.64872874675046,-6.183360984855094,5.638808566912306,9.760888822446736,0.35725089012973493,0
2837,114.24639071011431,-5.801583309192944,6.345727607268953,4.260553057222457,0.30239995505062767,0
2838,131.44744122851694,-4.25163440677558,6.943354776202245,10.368778749216265,-0.03225184542036677,1
2839,88.36556349945344,-4.749668103994793,2.9441856266730944,13.64883178880466,-0.3057185085487826,0
2840,101.01888658620045,-7.5641546809998035,1.1178556078728208,17.381088892784103,-0.3013336946740224,0
2841,67.38320324770555,-8.609359566714785,2.6356861406835685,9.623865131010637,-0.5518474637327285,0
2842,128.88805367005435,-6.093080225563355,2.7419498969831295,11.568780254650568,-0.36812274467508155,0
2843,76.63441901787655,-7.384636456481626,0.955022638304225,11.840554947911919,-0.310403780224538,0
2844,103.96709908598467,-3.0536052047823823,0.7519127327951345,13.037553580169691,-0.3941648316065945,0
2845,76.3316291339921,-7.62353406607835,-2.041624355849267,19.232471996264593,-0.34683809005366767,0
2846,84.16447693864376,-4.377702278268207,-3.3150118251758514,21.11530515791046,-0.17506575411608383,0
2847,75.90207975311473,-10.636430334059831,-3.3714439271018897,24.32553116171867,-0.02559398650773137,0
2848,76.26963658130238,-11.710809383610343,-4.459864575454957,19.53566518953364,-0.2121348208600434,0
2849,72.54096638186176,-11.051867637657253,-3.9440263060850604,13.877454649280683,-0.21474176817059543,0
2850,66.42178312234162,-6.6587270234301394,-3.9314901399135183,25.15558858467856,0.2894765555381825,0
2851,87.3443489203051,-5.727484860586809,-3.9519141574632677,23.499401489310348,0.538925179494891,0
2852,41.16473856475868,-10.983653993352418,-4.388810920589932,23.889894658206142,0.12639110916516,0
2853,59.625053770922634,-10.49649085820007,-4.357663273851301,18.049958280049136,0.505326441622443,0
2854,70.9739567942841,-12.04545092209351,-3.329614476653826,24.354938399490713,0.722306796651738,1
2855,27.285635564941515,-13.438635431701197,-5.443176131815649,20.22285247349803,0.4340643340525782,0
2856,13.750791327474689,-8.461865700101923,-2.4870125674258747,29.447483931613327,0.681444859628787,0
2857,13.777425399629294,-9.511240280320067,-1.754960223944341,25.723906728024506,0.5301520723533024,0
2858,32.07744483379898,-9.970008694921912,-0.6321559859309774,26.100273792771826,0.08948073103624454,0
2859,2.375357309949215,-12.799829250175232,0.06303887830432069,21.825258466524428,-0.09614302820024821,0
2860,-22.105761776318573,-6.703540245081857,1.5724102890563203,35.44780131688749,-0.2390622628169173,0
2861,-11.663904323696844,-10.948951082989101,1.5103739246258177,29.80866037418944,-0.2737103625638578,0
2862,-53.03400522003711,-8.808918339208239,4.075800878846614,32.313108765163,-0.6400093564251557,0
2863,-26.698073416695348,-12.694542296720059,4.163769045648912,28.96472498622083,-0.7454051765264096,0
2864,-41.087302169377814,-10.051259710292467,4.437533534581875,25.14021423110733,-0.9541352402588542,0
2865,-63.85761831940604,-8.948079776217117,4.015156425584374,31.472518890734207,-0.4855233185828168,0
2866,-82.33863163498086,-8.713475502067373,5.7659358002914,32.9968456397731,-0.011979728004399559,0
2867,-90.51087793331479,-8.871711914900388,5.197858978877943,37.02831657401703,-0.7188286787060121,0
2868,-68.56409026250378,-7.982399339349256,4.077312887477735,34.48509322340252,-0.22987662130110698,0
2869,-60.37206035503553,-11.000496619015145,4.425063402279038,33.349746169119875,-0.09096043318178565,0
2870,-102.54024975138837,-8.090877791725639,4.581063996967432,30.091252568012052,0.07069121243029082,0
2871,-84.57159223241288,-7.983065293020509,3.8162583232480736,38.5016334385663,0.49265676744270837,0
2872,-138.48848580578974,-7.451670773305008,2.9342444788923294,34.912678164060324,0.18225369817069295,0
2873,-110.48224568704451,-7.454977770477145,1.624754072352012,46.12006730015179,0.0571695338142405,0
2874,-100.46593943545619,-9.811750603680576,1.5819445003718793,40.871517549443354,0.3861720767598606,0
2875,-118.09568297640797,-9.54842188187871,0.795652809857934,43.520000275586675,0.3620295502423426,0
2876,-117.69120808426112,-10.971577615420788,-0.6854628654895284,40.0379613250007,0.007711394276480377,0
2877,-110.38695126448982,-4.52183689439311,-2.9341565759568105,42.84421247486622,0.4207439213759038,0
2878,-88.28827983905951,-4.100066506714513,-4.235131103430069,37.92340625017533,0.018998547894003126,0
2879,-94.03895187315497,-3.6523710993711616,-4.424713507546361,37.00811027556562,0.10124998936787329,0
2880,-130.31506174158153,-4.29663601406179,-2.4761071444859257,43.47992225576385,-0.10355826684458642,0
2881,-122.36771400979563,-8.734925648933526,-4.52045742305929,46.74392648210211,-0.39188532959600436,0
2882,-85.69541734555327,-6.069410080794272,-2.8566542543136153,34.63305449080033,-0.12923036056431747,0
2883,-57.27381654075626,-3.212422264507324,-5.08557685466692,42.31899676825018,-0.4664662591786438,0
2884,-113.58335748554514,-2.810599814328969,-5.008520638733049,54.459600434704335,-0.4654988009624256,0
2885,-60.247732364644605,-3.0478124817710146,-4.4187361337883875,48.061504333958005,-0.38269949399824627,0
2886,-51.8958415306176,-1.3786574503259532,-3.8586176409927044,53.75170788663963,-0.421246256176889,0
2887,-4.308520193231306,-1.6020741140550026,-3.8117022175279103,43.27293932490751,-0.386129530781381,0
2888,-30.159617796091858,-0.8886596742622278,-3.3373898001158366,44.51474497814177,-0.4790686273776813,0
2889,-4.958902953302768,-1.9103294340521244,-0.7504448865205943,51.9803290386276,-0.4077107181089067,0
2890,0.1730407731736694,1.8314052085098802,0.7897838008693456,50.58779481122679,-0.008174720221551302,0
2891,-35.27035207836706,-0.49424650359513467,3.1770983557575136,47.302813307180465,-0.08305964918906635,0
2892,32.624852776005525,-1.7950060252769526,1.266450923561156,41.74759103679321,0.40751381174116935,0
2893,31.315906184961424,-0.1788757370698928,2.2477749518147645,54.110640362687484,0.3398107952442891,0
2894,46.650761732492406,1.1596129578258128,2.6257967971970952,61.12440184973131,0.5798657358512849,0
2895,124.12300598507447,4.3333335727881455,5.183920463652282,40.94138207433875,0.2972035278746234,0
2896,12.573253323958056,2.743712556114903,5.372560081797905,56.0267410337607,0.2661734293951737,0
2897,96.86460222417466,2.9318035235278694,3.9983215994633805,46.85546903624346,0.7860783347893501,0
2898,64.11368884603898,1.2743659912472074,4.096380569511967,47.69828282490755,0.33607633678116333,0
2899,82.40314292949118,5.800823631902634,5.875138333120775,50.86272925612548,0.4315886758688143,0
2900,81.7743184861833,3.373547312404563,5.03361517609405,43.61601600852687,-0.1727008624394733,0
2901,79.40167844949555,4.913297877695351,4.951205656981034,49.567183974242596,-0.0959823157750509,0
2902,80.81345636937637,8.496841003462329,2.6852920043584545,41.78595136757456,0.07555303577064065,0
2903,102.2026664744986,6.96328446213414,0.9233318457350834,52.29203903984878,-0.626867914638281,0
2904,67.71606624608275,3.0836713569328205,1.0474186281450277,61.12967987998903,0.04013916237300669,0
2905,114.53839343512927,3.1797334852563663,1.6548379405300686,46.792871581832955,-0.4383328303659111,0
2906,91.67575290499023,6.95191417748569,2.0842626774531277,49.15627612859122,-0.6637708153540677,0
2907,76.87192178247722,4.999137317514319,-1.4490575583087653,49.39206640161422,-0.4060752901748887,0
2908,88.95281454629647,9.047237832368296,0.3041120235695045,54.891269597465566,-0.1885578826560373,0
2909,120.59710447288424,8.140824932225012,-2.015467174908682,51.9362749137613,-0.4727586237969572,0
2910,81.294720809272,8.673086254168938,-4.998429716630422,54.439666861462904,-0.313832673000219,0
2911,94.79854952526182,7.193996819467081,-4.007738232188735,47.21634936466547,0.018467755008607874,0
2912,67.7628414888963,12.333902734689339,-3.805863716807076,51.80506194862558,0.21011569420844034,0
2913,91.46976046137308,14.75785189252305,-7.357215114647596,32.66802491874754,0.2161968582187045,0
2914,83.18835717952781,8.714347065235938,-4.352562678582673,52.69440094092405,0.4518677610129576,0
2915,98.92305477850141,10.153273123057089,-3.690359104402065,43.098416857407976,0.6244490661768164,0
2916,50.29328221557077,9.794094359271808,-4.136402943228259,47.36002901795257,0.5302090020393476,0
2917,58.493742844356674,9.207957843192009,-4.088376115595151,52.5152734466688,0.35479487366624296,0
2918,37.947252576200746,8.166949268510749,-3.5304353012545864,40.88007326169409,0.4423987218240258,0
2919,52.409033223622956,7.740340257340434,-2.785831581919088,53.7597673757446,0.7114380222004444,1
2920,2.3559503490093174,7.693497200166689,-2.825649371223018,47.4238358908374,0.30823343458189223,0
2921,21.706518284379776,10.804680741415494,-1.3665865927678902,55.024476437981015,0.3495126764268428,0
2922,-7.08172738891504,8.959380396162702,-0.09797791055350674,42.939114347803994,-0.1506196958660164,0
2923,-14.433887243498953,4.821680698397837,1.4170871574315016,38.06485195633169,-0.14017567138166748,0
2924,-21.146024557938354,10.822579416568445,1.6797845979980015,46.64066154860401,-0.16157912613768138,0
2925,-27.537597566601686,9.786110002633034,2.2113104992933996,49.358666477505146,-0.12000472655635341,0
2926,-44.18276498041312,12.461096717493986,4.561243575438404,49.39729314980823,-0.23567493266180106,0
2927,-46.42146593816634,10.394699366163628,4.741566941822778,39.966073664120216,-0.7236990466723359,0
2928,-27.504179128153385,6.547695125038913,4.2269475850788165,37.102998083990556,-0.24347830078137997,0
2929,-47.11818389924324,4.87851912621363,5.477667304042111,43.229102793549785,-0.06832441697839109,0
2930,-56.537008025189465,7.708417911062664,4.525249064925399,46.91958615203936,-0.4159547597079182,0
2931,-89.38522745597255,7.683774467571111,4.850016738988034,46.19520929147393,-0.3484353788152093,0
2932,-103.61151492176755,10.584604019638052,5.37969985655344,51.238270319307645,-0.027850345515879775,0
2933,-71.41539661470429,8.423098877673223,3.2430190738709004,41.00437540877027,0.1615659331917279,0
2934,-76.79072136698812,10.429675157113277,1.9630947357038455,33.124033914692596,0.19305697046944553,0
2935,-67.70616223705818,5.213687973615464,2.1541151937627205,47.79177414539273,0.13962891717094747,0
2936,-111.11632044172862,9.475284487829022,0.00786436094645393,42.227621553337904,0.7516880305588493,1
2937,-104.51527115143958,8.649277699912696,0.11128989334318112,42.089287456122555,0.32460471040737604,0
2938,-132.6031608611537,2.8153603491773396,-0.8899878244380613,43.92423198819429,0.39024183898126835,0
2939,-106.55477602393792,9.124467430483383,-4.04683034150501,45.80139512604672,0.4645673413511523,0
2940,-76.67958871466402,6.277357202365629,-1.9631918825403554,38.74668165556009,0.05981228164968133,0
2941,-102.88124636842728,6.470514768733666,-3.4877766270430475,44.107599950579015,-0.07555377431578061,0
2942,-76.74734868429215,3.53840597533457,-2.802686838348338,40.33329388521913,0.006882025211787657,0
2943,-88.47778912597133,7.387296913353987,-4.289694980347822,33.62744284447765,0.10901233089763779,0
2944,-72.45139691847541,2.0216134280903995,-4.110652877012849,35.05714302682672,-0.16283340439835592,0
2945,-95.36250793321379,5.603036315153794,-3.8040520306651078,38.61054724012999,-0.738729518060184,0
2946,-63.4571502014119,5.115756342679344,-5.074538563398524,31.271984780221366,-0.14617327760757637,0
2947,-117.08564710754588,1.0532111030029454,-4.695320671789948,38.52375961119477,-0.3239268501442658,0
2948,-52.53028710334152,6.487795424954205,-5.832561908313588,34.14410097272653,-0.4613632418481425,0
2949,-72.44374789309649,2.4973061456770234,-2.414208506829115,34.50965320328336,-0.438259733372848,0
2950,-6.358300778093973,2.85015080137063,-3.048507885918587,39.03942697470765,-0.2658660104576215,0
2951,-5.2694241331604115,-2.0076147249602174,-3.041879376941777,32.8423387583538,0.17104367827751066,0
2952,-1.6155293386140457,4.783732134519875,-0.34858985222654026,30.626744265938584,0.014495713693998685,0
2953,29.449196054718705,-2.4005668839429184,-2.2768694642215106,29.054815836302204,0.04467141524026313,0
2954,-9.961537218988378,1.5984733878351565,0.4687321743614105,27.980759798057658,-0.11163448138716828,0
2955,53.86168602471723,-2.9395613741017597,2.765611426703048,29.390366627307717,0.30308666557772607,0
2956,47.26689556750618,-2.6843394543898635,2.3048278164632032,33.8091787593242,0.5371078017939059,0
2957,33.314608557024975,-0.3615825200084062,2.800540199753655,23.086579903884576,0.4375083443996687,0
2958,69.80062706311494,-0.37186722285348583,3.7379498530637054,21.85061504313288,0.39294874121889184,0
2959,33.53437371917116,-5.451357023173915,2.61420684181516,30.845424920283342,0.6007549584282768,0
2960,47.18584182590169,-1.2023896051287775,5.625296279921433,20.712047688226566,0.24116170102296405,0
2961,58.88398088768129,-1.759461798421849,4.876874604237182,23.736396863453876,0.5219190608727792,0
2962,67.14590566780582,-6.181796899592147,4.6180541549875915,18.801013284844004,0.13965179147126158,0
2963,62.48738434850442,-1.554299705193972,4.317364298464235,12.457952684260228,-0.33954616965333295,0
2964,113.13778713711298,-8.099138446697937,4.1129362029764405,20.933533437698745,-0.155410406434777,0
2965,87.67060384278864,-6.855835796123207,4.10170879466431,24.59730273947233,-0.21953262998290446,0
2966,103.14165382670323,-5.055140015873651,2.608151202248153,17.78263647679031,-0.22266733652773624,0
2967,86.96827469215579,-8.11210273537764,0.4044671476950523,9.74882846282561,-0.3410535600670175,0
2968,63.264050071087205,-6.253147806757811,1.3770997887538465,16.759822117958908,-0.7435782091819092,0
2969,105.38214650816514,-6.657501199073744,0.3036767182807895,11.485574611588568,-0.47472638041378545,0
2970,61.041805994136254,-7.854823859957309,-0.9780728466374937,1.2125625616088698,-0.5750161326185049,0
2971,96.2280888031231,-6.138198413922587,-1.0498790192746688,12.944701947849282,-0.46750505353866195,0
2972,67.57313854191284,-8.562541812406465,-2.9515402900025283,14.971234634300108,-0.48702755850635776,0
2973,131.0750254020552,-7.925298496313068,-2.608461818404654,17.30008120354818,-0.16381197848961285,0
2974,105.03429173119264,-6.357030702813688,-2.9022476281533995,19.220003191354827,0.6203302848076598,0
2975,83.53229776140273,-7.308575430261627,-4.144961989267289,12.710409404477124,0.5131556881358229,0
2976,100.48804616870936,-7.535666421378394,-5.704563190350455,13.139787420240367,0.077477390336156,0
2977,51.332771193506716,-11.601048850825237,-5.11916480130976,1.061953819297182,0.40099559176049915,0
2978,71.49183417217792,-8.424841259405136,-3.5824016307926954,14.603746957261428,0.40095618120521015,0
2979,56.37589368014018,-11.379479624522752,-5.959555784224987,11.838657976644843,0.5266795093352483,0
2980,48.89416454127828,-12.309316440501,-4.316668853969685,2.6713180937406573,0.6715475269619662,0
2981,59.85913652332469,-9.989542471545828,-3.574001280570563,6.91843189668238,0.40881563504568597,0
2982,39.5163781898123,-11.729753253627791,-3.2737570759086276,5.41730393344949,0.1997996494417064,0
2983,20.847020794469103,-8.390162803634352,-0.6171564096942549,8.86385756320724,0.45053661047029403,0
2984,-27.969789695522557,-8.367639380313873,-0.13530616492109615,-0.24252695192888152,-0.17015675430542282,0
2985,-24.068792257005832,-13.802288261394436,-0.22484881132596735,-4.218134579138086,-0.034926524429337226,0
2986,-17.269232292315948,-11.628978973396622,2.070669606500168,-3.936751756389569,-0.5129430260202599,0
2987,-22.74676628527835,-12.842359602566475,2.2272764190733207,1.9980261754313413,-0.5446023269781397,0
2988,-56.77151132708464,-10.773655378444221,2.320924010380749,-13.083505277053508,-0.2837787254061065,0
2989,4.85426334975601,-8.839040188931515,3.1956089385641295,-19.46632629267777,-0.6233084949183734,0
2990,-21.829791056765586,-10.11059402700001,4.886166537460868,-1.0047276078455205,-0.8738955869156453,0
2991,-48.372565534809986,-10.65810258250807,5.753301394739137,-5.094768552088642,-0.6097374169541475,0
2992,-66.62780846835324,-6.707105794176419,4.499768726418578,-7.366714989429646,-0.5562147301606871,0
2993,-79.28622043531882,-13.722784139735431,5.504426243555623,-14.974017095751908,-0.5329340895899688,0
2994,-100.30411031256395,-6.422159025755196,6.31744807175757,-17.979606662683807,-0.03559125120211214,1
2995,-85.12785039425245,-9.745077293216186,3.0637351900914824,-13.582905203693564,-0.30711200725200316,0
2996,-86.06807707808707,-8.55167987769538,4.092858801241552,-9.577722270736974,0.032321122704278255,0
2997,-119.69253516745533,-9.1681654011031,3.833437872446131,-15.28635998551072,0.3108573863747241,0
2998,-90.86020806748095,-4.725360011360612,2.053514167563905,-8.823521206751124,0.32450045842928343,0
2999,-102.36070537286936,-9.951266940230337,2.447168545483085,-19.055430273117317,0.38599219622670156,0
3000,-138.13173514766277,-7.125291556847775,2.41974927992065,-17.837256420908755,0.3543604100704344,0
3001,-116.90442081175087,-5.735473154507033,-0.4325125768690264,-12.673827264566633,0.24265023345023878,0
3002,-106.6938311937976,-9.63696981613354,-1.975306418660368,-19.017233386134983,0.3031119734556822,0
3003,-58.40957001016981,-7.863340373539381,-1.6611458918667554,-19.70538103616005,0.4675805250060583,0
3004,-81.81303116029082,-5.913425128846866,-2.587297986143421,-22.21481922204377,0.12484410133445674,0
3005,-115.50582886643053,-6.969882415580599,-6.602717914253809,-24.063227679580375,0.10171545894135908,0
3006,-74.04035327640018,-6.394231498457967,-4.578330942623211,-19.060817083838064,0.14232921084884986,0
3007,-108.83512740956019,-5.0173637526379835,-5.279488731532655,-19.318019854059663,-0.10331533589761288,0
3008,-49.58495350185704,-2.562274386174362,-4.602732331713378,-21.49696228277628,-0.6007693002360978,0
3009,-73.29920027757011,-4.081019644578466,-5.108333244607671,-26.60072286152664,-0.3472948415129041,0
3010,-57.749128733692324,-0.7643915513909745,-4.719155415998096,-25.404957088213074,-0.27970060679233066,0
3011,-20.80187115769124,-4.435117766673589,-5.031754310331579,-17.285757752686962,-0.6143201908858881,0
3012,-64.02969077238521,-4.455707248336951,-2.802387962550088,-33.22867680063763,-0.7791768300409294,0
3013,-56.81485314827587,2.3934461983253508,-1.1092448629916791,-17.541182802682684,-0.47308905156537395,0
3014,-30.842061647683348,-2.2788954026019215,-2.7291255343161267,-27.30863136784633,-0.23585029430611962,0
3015,11.491457278692629,-3.0861307492111503,-2.3206674917214114,-29.533331420443517,-0.01906384394115844,0
3016,-29.676401949973897,-3.448581681374746,0.09105338227459758,-24.679823950655265,-0.09349218503603181,0
3017,-45.95305237797004,2.6854772500185202,1.0342245866678705,-40.58528387041821,-0.24919006125637072,0
3018,11.539610899043529,0.35106755621993935,3.1832694377167,-24.137494354594004,0.03577108093952408,0
3019,41.26487596721032,1.0220797054111836,1.6523725911073521,-22.52818656207556,0.47018321108168415,0
3020,63.60051809905065,1.7030953909832571,3.097964255704329,-27.14194854678224,0.8679102881854318,1
3021,39.30165601753601,4.534331527849773,2.0976154448086297,-43.845204615156604,0.4949987609921986,0
3022,48.82070701177866,2.6300632268887902,6.060454114577805,-30.251570601461836,0.7469673486857218,1
3023,88.04159259441658,8.150436338304585,5.189371978864722,-26.56742011068887,0.21473541797972204,0
3024,34.8339880742299,4.1944017957408635,4.531855847640724,-27.794753771220556,0.2002686463833799,0
3025,71.00196420888037,6.505186892002685,3.5303322947299476,-43.24582582950445,-0.2640502608646035,0
3026,88.33734757604664,6.435882022855744,3.285984727677775,-31.805995649725457,0.13392303666538374,0
3027,98.42514974296034,5.18423162274482,4.414527659164728,-28.577573388119927,-0.26810352013140726,0
3028,83.26288433137833,4.501768169634456,2.2171579143672124,-38.0607207336325,-0.11094657742364354,0
3029,97.23226969088633,6.744035557721483,2.6203699524253086,-46.108896655361036,-0.4520044948038092,0
3030,48.89670341613127,7.489505619123101,3.6507714467862815,-35.323931154052886,-0.036551033057620086,0
3031,86.63227268023117,5.697166615334684,0.2876020469006987,-34.80392149925909,-0.13226016249027162,0
3032,109.00426457775455,7.530944715010174,-1.3242146976138618,-41.35924063875278,-0.9577108170488032,0
3033,79.42655064460288,10.008613292476582,-0.9642604664474079,-47.190540833289944,-0.3405318802980212,0
3034,98.4005577796646,11.995198583384198,-3.5018853872572127,-36.88479265103408,-0.5281901286444335,0
3035,103.33536655256033,9.863507348430623,-1.3951944196647827,-46.17870981258743,-0.13700731228880278,0
3036,83.78078292975282,12.159371008131568,-2.4264522307643785,-40.871510963308715,-0.3981927280271837,0
3037,89.36933012078927,7.433105903773764,-4.556443587410546,-35.5738492060602,0.30730738718040973,0
3038,61.17480669715786,10.331896411935835,-5.676659196278932,-52.147762556802306,0.37200045573470303,0
3039,69.96301115300066,11.819132826522024,-5.401691693177153,-39.78650224899373,0.015096965845046495,0
3040,79.22500376983507,7.540538571544628,-5.2697689374841765,-45.81205301933766,0.36696490425057077,0
3041,62.41593474429819,8.529808289073449,-4.390415895795691,-46.11831885646023,0.5050667753389115,0
3042,39.20937433128691,13.120833789244989,-3.3439067621739147,-43.06129441455677,0.6435969155766484,0
3043,46.57887636731009,7.814754768779306,-4.854849915686064,-49.88936835277046,0.4798496463166496,0
3044,47.120697841333985,7.178213334108511,-2.0900008549471307,-52.2887031233013,0.578942722130515,0
3045,-17.76438133644494,12.987311417502385,-1.642174429873167,-55.697175717634146,0.30927772778475077,0
3046,36.58971685420907,12.37092639245834,-1.8365056673840967,-40.96127287213887,0.3186569042296632,0
3047,-3.2770385560312656,10.862753799012285,-1.4313124851942878,-49.303484500225565,-0.2219341721199981,0
3048,1.963223706937872,9.903214094147843,0.7694858528900671,-44.901481251503185,-0.10283579225792175,0
3049,7.469143552549983,9.088727500721278,0.5654752359533848,-50.463303589656185,-0.008167628751594186,0
3050,-53.6738681307757,10.47590591683736,3.5557689905579757,-54.114691017294426,-0.07525236874665109,0
3051,-49.93162815574754,12.99307888296136,2.214283427272319,-45.29274902456554,-0.41020786490585676,0
3052,-50.65906562213009,10.207475478130629,4.558868298398765,-47.14350170203112,-0.5122547085986742,0
3053,-69.25993875024687,13.936819227428739,4.443629271070235,-50.177300161593685,-0.22244561489821135,0
3054,-27.047511142635777,7.65557193810433,4.296336885739686,-47.673217426922506,-0.4755520529054411,0
3055,-86.42611082145876,9.237025899627955,4.8932146592797565,-54.15534145448612,-0.14509832667667186,0
3056,-87.25370136056763,8.332015434384724,6.01593713603039,-44.20040022018662,-0.28056116059407404,1
3057,-78.14628861854443,6.686904440691944,3.4868234498629027,-43.17210562038718,-0.11330505271379579,0
3058,-111.54670761491992,8.307936462217775,3.8235110079760934,-45.948382706725035,-0.19348491980183144,0
3059,-99.8126709550032,9.184148159096441,2.8716480034702934,-51.69576381025924,-0.07608704320321891,0
3060,-89.02710612439637,9.112466167658923,2.8280452520496007,-49.61009682321814,0.500183764133078,0
3061,-104.55752688962126,12.099270602756762,1.3109675274885224,-42.11368227090253,0.7527048442912689,1
3062,-101.31401580861366,8.362269746294603,-0.723006992854742,-43.583084658752995,0.49640866714720877,0
3063,-110.58524636471859,9.38999751037517,-1.0023012802766667,-40.03062662970904,0.46669888502567464,0
3064,-129.84118278732166,6.860580874281635,0.696246887100548,-53.893623362086835,0.6844786251014454,0
3065,-91.67839642049535,9.706354584381632,-1.6515893601443103,-54.313151783624875,0.48456390089747403,0
3066,-60.58979796446082,10.753120655129255,-2.5670850265306187,-49.24131602395377,-0.16269051257515887,0
3067,-91.94253807596462,6.609483593112534,-3.832381195214358,-47.80980117207319,0.387277233126727,0
3068,-83.50506293237503,3.1392211531217895,-4.230197873862008,-50.46690123314102,-0.22411129232455934,0
3069,-68.97629448302223,3.59134631218328,-5.0706015198075,-51.59515147754281,-0.10821285127819254,0
3070,-102.2101463546787,4.805522188927778,-4.391064576785151,-43.181169324954965,-0.33384746917097446,0
3071,-35.99843471807317,4.696744952852518,-4.898322898832736,-49.823414994708585,-0.49142903626377993,0
3072,-58.52743967517679,4.7132370492861835,-6.052239001193247,-55.27767369087467,-0.43920467791628276,0
3073,-21.83694646513071,3.761130801333558,-4.314496423228582,-54.512244104643074,-0.3150901436503254,0
3074,-60.490526155612756,2.371953570570352,-6.532092432424132,-47.57105424702094,-0.4886638101193013,0
3075,-0.3664927180198987,0.596941423508538,-3.0022292616958794,-33.56616875124703,-0.1698510151398493,0
3076,-11.755514863250324,2.178297024063085,-4.031994603566429,-53.21277407289507,-0.061571100641090115,0
3077,-6.456357433730142,4.589238077481556,-1.8206858275060556,-49.64171729818875,0.052967117855618584,0
3078,-2.920178806719661,2.4201657338668587,-1.9524957538687262,-35.75838838125494,-0.12430131748367103,0
3079,-2.5788056371233776,0.9498110095278895,0.24193145110061598,-49.89976888172656,-0.0597944373554295,0
3080,36.37093676948874,1.439930475084929,1.804830681642966,-44.87802328806957,0.17488830635527955,0
3081,25.012537804825378,-1.8593902272221094,3.6679243943117057,-37.43387464109436,0.5362466490082198,0
3082,-7.512885277271291,-2.6290586848822137,1.475969203393336,-51.21019767106279,0.6260123257655669,0
3083,18.789928008165525,-3.59933434354919,4.724738063299121,-47.619900886800345,-0.04123114336932737,0
3084,46.31089674010385,-2.840314807740172,4.462884693878111,-48.09779612941006,0.5611696227000511,0
3085,64.6220846305689,-3.9132577778090827,4.29083923173765,-52.84954018303824,0.003923163463271595,0
3086,65.10089401151104,-1.1245294087479731,5.722108388819709,-36.97922712483641,0.4085819426514539,0
3087,97.76086352465614,-4.95470777801106,4.749243208558755,-47.30114220563746,0.20462672910493707,0
3088,40.77499121825613,-6.062478360608698,5.526871832997935,-48.28566349584808,0.013345809378941892,0
3089,88.2870624680095,-1.0137142898685623,3.4495115988838427,-45.639357971879015,0.20473916023034985,0
3090,53.82055298863436,-6.231208208725874,3.26414447107197,-38.268418624020185,-0.2435273729893202,0
3091,109.23816704026092,-5.437671561736832,4.14073501392084,-41.826330624915414,-0.25473972349818147,0
3092,95.07887470278767,-5.243994727031211,3.8550692606972725,-45.81039674314969,-0.5554956673834033,0
3093,107.31550360101005,-8.806575114807075,1.4126993993479904,-39.25084262939955,-0.43749737707435554,0
3094,82.61249116215811,-4.432440268633514,-2.3192115437724077,-36.66162691708099,-0.303117921757347,0
3095,125.44822585729119,-5.982133733197389,-0.7292865860421275,-40.255142600011986,-0.6692389978840091,0
3096,119.66443996364487,-4.474430646149006,-1.4749869826015143,-40.705789566780226,-0.3201785091402101,0
3097,108.48437604262256,-9.265495356982555,-2.657266470710574,-33.832458225611674,-0.3513373973564517,0
3098,91.23935995541548,-8.00488919943609,-2.908577637216766,-39.17205292881163,-0.2352464599531457,0
3099,101.50555011357363,-8.400014996394402,-4.412884662420724,-29.584148003178782,-0.1750084871216626,0
3100,70.95091750583899,-8.205342839046432,-3.631247518095271,-40.7472091929127,0.19891082504851554,0
3101,96.53006765201485,-11.874914394816141,-5.992765781967079,-40.18274833794469,0.32361836491526397,0
3102,105.94523002342908,-8.954167667186987,-3.7527384482906756,-40.10180029754126,0.2910316095347514,0
3103,87.17553264133505,-12.215988951952308,-3.4041238837497154,-36.06745141642037,0.45815715426772763,0
3104,43.321895981017526,-8.810210914609677,-5.634369569771328,-34.13715273930692,0.6288147636049619,0
3105,56.714258659643306,-13.92418299779937,-5.213793057278917,-40.04064709327482,0.6082248292654233,0
3106,14.700601498043454,-13.485901931646737,-3.2969461837604332,-32.17811116358752,0.41363865282521256,0
3107,42.683462247979755,-8.23702261857752,-4.154498206775381,-29.07149220096154,0.640725260497038,0
3108,30.60785158311092,-11.034508592452664,-2.601220965648685,-38.449327665638606,0.47662072330183236,0
3109,-25.656194091769862,-11.958412557813098,-0.06336748630334954,-32.93888544485637,0.5951134924566475,0
3110,-21.46849833151019,-7.457918354744443,0.560916505744198,-26.694625284495043,-0.287417243530895,0
3111,-13.886210604167672,-9.336276532289403,2.799754350021301,-34.166363443292376,0.01815785454096143,0
3112,-24.149073007212095,-8.214294326999681,1.9539172314690456,-29.47488558612551,-0.029638007054454296,0
3113,-52.04869443585196,-10.233013613308161,2.0647822680752546,-21.618643369272597,-0.17360911800505832,0
3114,-29.528499328501503,-4.458580663890115,3.5126824317205725,-17.23739217199833,-0.5063060725714875,0
3115,-41.354749982644535,-10.919634873735381,3.958672583831717,-23.15698973218066,-0.7688037090194495,0
3116,-58.88229723168789,-6.090113694126524,4.456702551723473,-25.335949730130213,-0.18432879372655087,0
3117,-78.17592603490574,-9.546391739995846,4.8703359227049585,-26.11999536994068,-0.5407237700590641,0
3118,-49.5190593083711,-12.553681075168917,4.068138989099126,-18.173111851403682,-0.4158844666254223,0
3119,-44.11382060910657,-8.076856583207155,5.18855905799845,-16.164636978265086,0.1759652064656793,0
3120,-92.85037725515119,-8.188321065237485,3.208513295455379,-26.709902211509515,-0.35131517348143343,0
3121,-100.54857208143709,-10.673741906845729,3.4271129562596867,-15.463272588021345,0.21637471578723846,0
3122,-82.72484988453647,-10.147365640901922,3.3866180085158635,-22.13031572239328,0.046430705487203516,0
3123,-103.02864119488065,-8.06339818743212,0.46774757243722886,-22.464902850457108,0.16901854667310387,0
3124,-101.01716611856651,-7.005552251754522,2.609367655081401,-18.00011815801423,0.4557158279999965,0
3125,-84.81585365915599,-12.31816082200356,-1.1730731456781756,-11.331711557916263,0.6177678590620044,0
3126,-138.18047366287072,-4.923939481331636,0.5542882337677234,-13.794116083081233,0.6897410036352906,0
3127,-73.01264011584212,-7.654954669425934,-2.3988929428510852,-12.97471306734029,0.6885666701897675,0
3128,-96.31745184007026,-8.948568600768986,-2.4576904746251245,-11.663637448569615,0.26133903529437674,0
3129,-103.41640479570955,-4.00634602836835,-2.3984917348424197,-10.121659793111665,0.0683675752348247,0
3130,-93.43563210448366,-5.5244024582414015,-1.4680170629099543,-12.059826328366727,0.0964239490096347,0
3131,-87.95102304839831,-2.619832250176681,-4.1520807115663105,-7.35415129303467,0.0875934892606353,0
3132,-116.50102766621276,-3.738628803725068,-6.683362196169811,-12.832325681261725,-0.17150146042668019,0
3133,-45.837540561736404,-4.168397931402603,-3.9918404090048627,-5.295382589287114,-0.9935072782415002,0
3134,-68.0123638532989,-4.011253158256934,-5.225090724664762,-3.2785801931398604,-0.7455930269174231,0
3135,-52.393589978810155,-2.271529536743804,-4.771840419987848,-3.077884745842096,-0.5072509313628699,0
3136,-34.02536721626085,-3.5870886631628984,-3.939433622358111,-1.8258550071329682,-0.32610032254098315,0
3137,-64.75222018165685,-3.9813437827553604,-6.198931161465643,-2.2618700861249397,-0.6716459377553432,0
3138,-25.689221027133918,-0.5668635085796367,-3.2848598821457307,2.277651585931263,-0.29384421816625833,0
3139,-30.98987510429792,-1.5816748115052153,-2.887716544136869,-13.949560836844794,-0.6500761893534028,0
3140,1.0761249014725927,-0.7283501326092089,-0.34402272911275733,2.6763455069186612,-0.17879788927326407,0
3141,-48.467615537097586,1.8824762427224777,0.1358469498495416,9.284647923407071,-0.03586000375498027,0
3142,2.090451666754521,-0.02409409162519638,-1.2201059726381749,-2.7021354706682104,0.15469778398366818,0
3143,1.9706399056640365,0.7331604866166118,2.6514629086266472,-2.2614887025089008,0.0032296244317708,0
3144,32.48687370673336,0.0014697588929288852,2.7649346998675606,8.838011493876696,0.020993384044289798,0
3145,42.81884258108288,2.556923499413781,1.6024324951621798,-1.2289869631715047,0.5718400898653508,0
3146,28.507883878794274,2.8855365803571713,3.9141241103154525,1.0680196380670615,0.17939811095986902,0
3147,37.23311880034551,4.472404578622223,5.4480729586375265,6.246554668360112,0.34515752135223643,0
3148,57.56514588917694,1.990894456237629,3.578136585271344,2.395068235160864,0.7477810853973772,1
3149,49.55017934563344,2.7039447660026514,6.357642294499061,11.755403167431506,0.4315933656701428,1
3150,91.35300036478381,5.665233016682532,3.4567812109372307,4.413774403854447,0.364019574844107,0
3151,73.41497248348507,5.036563468102127,3.9694131406043556,11.155109108913658,0.28194027947248684,0
3152,28.137824079338046,3.159552468613934,3.4192081076685943,11.754771388345096,0.12751768952867398,0
3153,83.39756216229786,8.012520733650174,5.166548978330563,19.62808333252118,-0.14272816340119499,0
3154,73.83135887146196,2.4164396190270314,2.5750554128108245,18.106912892665093,-0.4545519113283324,0
3155,64.73971670906846,7.781308095640939,1.0574762521928955,10.599614446938208,0.15124746011105544,0
3156,74.40685676013153,4.066183739462096,1.731209753730845,7.886339990631258,-0.5209462862241766,0
3157,102.14298759182196,10.73556598269288,0.9616167684375465,19.35451277030431,-0.4317587394431529,0
3158,126.32834784837036,4.224764288574741,-0.02956865071519077,12.847515258844199,-0.401006904401477,0
3159,104.82320959515894,9.950158738478564,-1.9381930677278145,15.37944104236912,-0.543007508385187,0
3160,84.24866704242741,7.794972245252064,-2.315616553425737,12.695218678388956,-0.4299540207760107,0
3161,102.35304893942279,7.517727898297312,-4.021217088665944,22.318751676530308,0.07523291113581043,0
3162,79.97781610963709,8.893795388018484,-2.3626249780528585,16.612992109801425,-0.22793899137953583,0
3163,70.30141873485596,10.037568724012571,-3.398704690944588,20.584077001393304,0.15177160180080737,0
3164,55.29874367443239,7.193803160825152,-3.7843247344534117,21.567294426973138,0.3916964558949269,0
3165,36.75878485358558,7.577363012991472,-4.203494186470665,23.479471534490944,0.2939529150773822,0
3166,56.688895292347844,10.691464941160348,-4.408966427944057,26.7576952554495,0.41217672146454826,0
3167,59.696111178266115,6.137410304605941,-5.90766012600287,23.11385571086747,0.6780108186923173,0
3168,46.08536049042959,8.519603760597235,-3.5786833524176798,21.489543625733173,0.47136698667303417,0
3169,30.70150951898865,15.881186480954298,-3.478487771565554,16.757603994553484,0.05104270593583515,0
3170,10.71905763579662,7.951042841322955,-1.5669256050466747,27.41669915486799,0.6932388492051651,0
3171,32.11594053424718,12.245218029046786,-1.147572477538833,26.956018587944737,0.08828742675783247,0
3172,-16.273927811510987,8.815385733669588,-0.4513738115437467,25.015016387793995,0.19208450042537809,0
3173,15.606359523252472,11.01808936936234,-1.6928049190101708,29.695083025203385,-0.26226864523437293,0
3174,-29.942305770886673,11.296427479830756,0.8959355644960943,34.46542171703045,-0.24870594976850058,0
3175,-34.83153957977438,12.2083824991299,1.381293769579509,36.53606261733346,-0.3685552593680134,0
3176,-58.80574453908157,9.487843314796294,3.0684926545052527,24.0796587032565,-0.3560279155748379,0
3177,-48.890834653093435,13.77928645792196,3.1652490737823467,30.717061178163213,-0.6409780922850494,0
3178,-28.360989365939513,8.5115115748128,3.9267670937394605,38.079507519632884,-0.10208787404017267,0
3179,-46.08084996210204,10.0230726395438,5.116113399654721,41.99429109572591,-0.4823081862790245,0
3180,-44.78767835706549,9.885751181566699,4.4936449429028915,30.653866941934872,-0.2560446354071292,0
3181,-61.23295346189053,6.968343481650706,5.11970273151523,42.3440035276192,-0.3404503917514555,0
3182,-100.35272378961959,8.434591714368,3.3517685157656123,29.399930661151966,-0.015399170873250434,0
3183,-90.71649338213585,9.100908575428305,3.717649553664657,42.575398395963916,-0.49196391176949505,0
3184,-104.68576667122318,7.663244710807744,4.703569045345565,36.09402432825735,-0.06334741808739948,0
3185,-66.56128546128667,13.1376256721315,2.15344574105607,45.97075210405794,0.11574616042916934,0
3186,-120.2686042694645,6.286186193343946,3.8305803512632104,36.475047335555644,0.23697055302750303,0
3187,-80.65639954466812,10.01003383957309,2.657422022090832,37.86879985991933,0.5388910357992447,0
3188,-81.88431520109287,9.032731914741058,0.44586332193980543,39.358573648762686,0.6059251363397639,0
3189,-63.36742483165513,6.94241968594944,2.7154293085554357,32.93155964117737,0.4833829706558357,0
3190,-107.37123141357321,4.872635783861598,-0.026304805090509253,32.37947449839278,0.45353299594430857,0
3191,-83.15777827249511,4.682948991465523,-3.1541841692588832,44.30116006886,0.8753001569677119,1
3192,-49.02467585312172,4.784385364450348,-2.3063242975504332,47.234552492916734,0.3413348378795942,0
3193,-103.31824866791607,1.8351499608822097,-3.712535497078851,45.855063590435364,-0.3040984116234892,0
3194,-117.06502626642771,2.9725004694751367,-5.130378039109986,37.05510702587488,0.14690239288050622,0
3195,-118.50030542930583,1.5748311015806804,-5.825275553699116,46.21640842628524,-0.04265415578908474,0
3196,-60.37342050463643,6.780539853840496,-3.972592085565591,39.33739883488226,-0.05630008930403996,0
3197,-105.2725666528419,4.864500502220468,-5.579511927092305,46.781921470017856,-0.2763700128937015,0
3198,-67.36231256057334,4.72924273504549,-4.898924524902912,50.83749601381291,-0.6495032324328321,0
3199,-42.87737658918349,3.8567856682126553,-5.342312632918272,47.43760511566734,-0.3211996664297956,0
3200,-39.112032071846876,2.5281878304583736,-4.617420428077446,53.343971421049204,-0.4653955533030111,0
3201,-25.070749252433885,4.6252595779945125,-3.289912191593615,45.633995706501686,-0.21873350912673406,0
3202,-19.562436419538756,-0.012238927691988533,-1.9424230490392556,45.66476465538861,-0.022867228804079764,0
3203,11.380378064688394,0.9249905783658517,-3.993672975230969,47.43014736825284,-0.23160445304543403,0
3204,-23.290119368747117,1.7063550495917372,-0.40707705548087136,40.70672834934551,0.11165537635212101,0
3205,-7.7881455111445295,-2.9301254264105148,-0.17189749360596185,45.71275393799394,0.2926264873161176,0
3206,0.23664770736851715,5.406245590516666,2.9519140664219545,46.440328647751585,0.2593727580626368,0
3207,42.07498454373152,-1.2270589946053818,5.405856228026861,46.86527420279583,0.7406349582160598,1
3208,53.00593247383334,-1.4942601298943021,2.919180549074566,49.87669571205301,0.6483430702041224,0
3209,53.19959143717435,0.24591319290777136,2.2408851874846523,41.36414678530277,0.373138781932203,0
3210,76.58069988598388,-0.9218676177115639,4.606648043473643,43.24876930654796,0.5494246706552398,0
3211,37.55708320916817,-3.1526796456184023,4.632006065008657,54.828643967799565,0.6322029502462123,0
3212,102.05878693675807,-3.4375638012286323,6.963597080681199,39.30384496021959,0.7658418816596065,0
3213,106.08891067032556,-7.165864101429067,6.614621700947028,52.57399614426123,0.3935429428938375,0
3214,96.49080032010579,-5.71985120496194,5.5719308183822305,47.756600918833314,0.19074911138654635,0
3215,122.75145834518236,-4.010336926786913,3.6907497275320305,50.53742115598442,0.2372376891117322,0
3216,58.44970672947176,-4.582200124723235,4.355570149484095,57.619818038831895,-0.20641147755667547,0
3217,84.64484009261746,-3.439210630711517,3.196547294044173,49.24599448206783,-0.4929950109388588,0
3218,83.02882002837114,-6.519399782797925,2.3097302038831917,53.08147264014088,-0.26037393696369,0
3219,113.78902743485095,-9.434133504405235,-0.4354176422541711,50.28001050524573,-0.5470541587056161,0
3220,78.98841119514968,-4.910616994222355,1.1942497710708762,49.452943668513804,0.04354857181178717,0
3221,114.77383472407182,-4.49886000506969,-0.7553755530128772,48.82659761537121,-0.43256769139740703,0
3222,125.67195097275963,-5.903086635400427,-1.9252511253958755,53.470419111312474,-0.28158494951004476,0
3223,109.82078873974983,-8.336135276915622,-3.313058708801852,46.259785917628214,-0.4517855937604954,0
3224,98.28888558886385,-6.209369986635199,-4.286856299182674,44.190380732394644,0.05336906225250987,0
3225,68.62816554902324,-1.7088542559223772,-3.817054356734616,50.135633435216825,-0.060545982885515826,0
3226,66.33726027372695,-8.583491478016809,-6.35972686809663,50.62003583898834,0.06925833808903999,0
3227,102.32325585645472,-11.662360486215992,-4.113507794968703,40.40832046277975,0.21497144667923226,0
3228,86.20179141462526,-10.413955685264996,-6.054087080993792,49.32985863131344,0.09670663492171333,0
3229,62.412794682239756,-8.169833418842826,-6.956303929791066,43.081343392998505,0.39308382113417073,0
3230,46.781962471421686,-12.786246817238771,-2.7781167438696697,52.1636901260158,0.6010351892032814,0
3231,6.020022055727246,-9.369748213538463,-4.977099960704414,39.80518576288113,0.18740645461179567,0
3232,16.05018315255344,-9.055530900859747,-4.195960877964617,58.223595852223326,0.6611497701619033,0
3233,66.25230508493931,-6.8290751616716605,-1.5555626782999978,46.662392641558746,0.32267452772691496,0
3234,-7.308502040564541,-7.337300227856105,0.05527643648035574,43.76440229494445,0.31119628903124874,0
3235,12.184038201709313,-8.26200261614364,-2.3694828864475572,46.39094200454936,-0.3220693090762395,0
3236,18.55327915158382,-14.32503975316151,-0.796628341827758,50.28462918424877,0.02107153205318755,0
3237,-36.66815305108848,-8.141091011925102,0.266521577412524,51.63409524535511,-0.3790774792297551,0
3238,-17.73398895925919,-8.530733237767558,3.0278477499990375,45.46978608831899,-0.3720363770885192,0
3239,-12.31428299277103,-9.363584775142234,4.592580760451782,39.28875249113275,-0.7195804581685821,0
3240,-40.156535507491064,-13.244947760224766,2.6158539393300533,40.0429885617617,-0.6505317343529967,0
3241,8.031339575702589,-11.222625141843816,5.706157604809961,47.14024121328114,-0.5325802650625227,0
3242,-91.145950094141,-11.86312902032317,4.006598856502109,50.23048414518285,-0.5352804936802557,0
3243,-44.459379337926585,-13.396087772210567,5.287979166770255,50.44865359811524,-0.24212530042637323,0
3244,-76.29417697050764,-9.185078308489667,3.7192109774382183,45.25122514701893,-0.6933161325619083,0
3245,-63.87615677281594,-10.565126021455244,4.7085806246118995,48.778981317869786,-0.2020882847081234,0
3246,-76.17234961823033,-3.486685357710729,4.366667453915198,53.018374384417854,-0.06660925683772181,0
3247,-104.4962725352658,-8.820816445803672,3.6313760266213393,48.90512959772989,0.010847403964860544,0
3248,-89.19029355887628,-5.620538540461015,3.6429236093604493,47.043162494951126,0.05982131356442549,0
3249,-133.9284021950329,-11.05049934938095,1.4324557680760126,37.86279640291932,0.5812931294645112,0
3250,-86.73867733398913,-8.656960287202853,0.6400427058203549,46.15453207664519,0.8565613034998346,1
3251,-93.88649901965887,-7.068477181862056,0.9851697779766073,43.07691199769532,0.15043639005367837,0
3252,-87.12484108052341,-8.725920749667393,0.8910455634917829,43.43698562759272,0.3105812374995476,0
3253,-77.78590582728377,-7.384083706908798,-1.454111323193438,45.88622379076743,0.2524614992322503,0
3254,-89.65744497131176,-6.589307834590905,-1.8508733975922769,40.754584798950795,0.3144496970638042,0
3255,-91.14033255419052,-6.219565367375007,-2.425842456759419,37.814582866128326,0.5062252485962393,0
3256,-107.87552957152175,-1.6254792467576529,-3.055862633112825,32.32817402867266,0.22210888198307244,0
3257,-99.74883023839583,-4.149894306113756,-5.3874006813622755,35.530039527425934,-0.06309033206360562,0
3258,-56.16564283865749,-3.5056929232264658,-5.581629677067502,37.397195945190056,-0.17505487711693093,0
3259,-44.77120966666976,-2.9326122126063305,-5.673892516650286,37.026812114601775,-0.37220803760894966,0
3260,-71.1233421463354,-2.3238490037751283,-3.0356935044255184,36.149622700364816,-0.2632053127755972,0
3261,-57.64123560527033,-3.243184817292043,-4.238731684937896,39.005344668390016,-0.30468925402184205,0
3262,-68.26861012306239,-3.2395207591536934,-3.8769613175386435,37.798490371192024,-0.381731079073366,0
3263,-17.834872561130556,-1.7785193467997553,-3.3943605495882827,32.41170894287943,-0.9178706255105641,0
3264,-18.68280371000461,0.6926122610279748,-4.3517858638958895,27.723234469168652,-0.4117573709469904,0
3265,16.451722725920625,1.1266882140046448,-0.24236204246277193,33.100946154741244,-0.3504999925114953,0
3266,-30.09703348283922,-1.108563756205786,-0.7639932878442777,41.627982426529954,0.014237124774610727,0
3267,-10.123474522738267,1.4075110326238591,0.4669126847872038,31.202488669850904,0.009405246134959078,0
3268,12.058469116573992,-0.017434860536558294,-1.0246195497070512,27.30479702128695,0.22197077258699918,0
3269,30.277975014647712,0.9384572441004008,2.4881573443557103,30.640226152260066,0.1507211530459525,0
3270,22.780127780663904,0.42047472490549764,2.2517997532517815,30.105171245154246,0.5545055826280103,0
3271,19.1088458924743,1.4976184614570758,2.080754723548564,29.204337280502138,0.697484597014464,0
3272,63.30542940527353,5.032304826918914,3.1096112197524146,32.28956749752554,0.16915749702729121,0
3273,68.75280493182608,3.017350042999512,3.296323930551061,26.48954382327634,0.23497489574180946,0
3274,44.11458614687197,3.57885603169815,3.5954358238243596,30.310229427607908,0.6022138178354186,0
3275,97.03501413639026,0.8813697177379756,5.059330348040305,23.948955079762047,0.33058257491186227,0
3276,100.11754319698723,3.6153941758598163,4.534296562873619,29.465773299299173,0.45353191171865725,0
3277,85.42041323334152,4.198746398492498,4.981218430648036,27.03369437038766,0.15674720479485904,0
3278,89.52069920260037,3.458882447450221,5.863947488002608,24.697352152029453,0.09786892558992961,0
3279,103.32560111985717,5.583503195523951,3.432329239296425,23.11458540145823,-0.33560373404272004,0
3280,78.40441202542111,5.090963199776777,0.5488059551356885,29.74887952926421,-0.24702034648901833,0
3281,98.67754273419504,6.503604677734175,1.672223520149982,22.68971723526842,-0.3471394461382669,0
3282,56.48772988280972,6.9650484451714485,2.151750265606288,12.118459995873717,-0.6170011457006922,0
3283,117.52847648661685,5.17216156288284,-0.12161616842108175,16.64641770358799,-0.29963266583309656,0
3284,68.23430134382369,6.630189079964345,0.5010437499164004,13.139034471937133,-0.8551237519161701,0
3285,128.0035515112259,7.907698463457945,-1.5269609645814408,23.824918409398038,-0.36808110888125767,0
3286,88.82520651817218,10.427527676168877,-4.69085547902868,18.79424230102168,-0.56541071693506,0
3287,87.73324109479806,8.858202950340402,-3.501963089321329,21.72631264914321,-0.3806410697409821,0
3288,75.03197527307569,7.285872470164926,-3.929522724817134,6.791461439064864,0.16716884483164207,0
3289,76.57081168924364,9.651210700530884,-3.5926487220577297,15.120447594775419,-0.10117893217047245,0
3290,104.62452181981013,12.489628920432905,-3.1135505121424347,1.8062247071107453,0.02860021289678391,0
3291,19.658123823485674,11.106592444783736,-4.088973523010841,-0.31844806093326294,0.4883548868660823,0
3292,87.42044200343827,10.543702798922755,-4.420528581460186,4.667720151303546,0.2321404636971473,0
3293,60.490145392641374,11.051683623878413,-3.855336379131418,13.222002793443266,0.6993649978014205,0
3294,20.900935142760446,12.608268632296536,-4.189390141250643,-0.297585781889123,0.6217884732925678,0
3295,14.396774106865195,11.983155579058673,-4.813799992350592,3.5849263721157514,0.29045662862283084,0
3296,59.9338052524124,11.044389560220814,-2.505374198166837,8.615228585290302,0.5553399541210056,0
3297,-2.2651096210880297,12.102348033613534,-1.2759924046526054,5.904040318001634,-0.14726165211853642,0
3298,-16.349210582067858,7.831048729071799,-1.8739200425836637,11.753198906200767,0.19465893784089233,0
3299,19.469740095932867,6.994127071739272,1.6541007856858552,-0.310851423323792,-0.29832421343180116,0
3300,-6.467105394826908,10.292170095786567,2.3175761643872175,-3.5357054243516775,-0.2985923778789096,0
3301,-41.826015272515036,10.069709696320572,0.8727778526260748,-7.799278418038523,-0.4132056564631281,0
3302,-28.33386218265147,8.774077954487998,4.4532629781544575,-5.165257306496147,-0.16399998847249164,0
3303,-62.45388182455051,11.41850357648844,3.4989216229709297,-9.840306936397281,-0.5818087742967418,0
3304,-28.775827736540347,5.92155933010711,3.5967672452986834,-14.29986420734832,-0.5155345842676186,0
3305,-37.91076453145567,8.434117065022773,5.848131559555823,3.5061264157999332,-0.5610565798395867,0
3306,-56.253098792075974,8.36637135698029,4.92127535576062,-7.056976927191509,-0.6012717279229406,0
3307,-66.74666551322728,5.872963902258798,6.876759894291871,4.668069506937151,-0.5059712118703046,1
3308,-45.103605636680705,11.921455356956962,3.9314911439038873,-13.470145362793293,-0.10654240843988402,0
3309,-85.87851847243012,5.977691343388381,2.6687881779178646,-12.398475195549967,-0.026910303393127423,0
3310,-114.19659732812276,7.261778598532829,3.5606420510995878,-15.107904547276915,0.27945873268519994,0
3311,-85.35166962216012,9.975691309072968,3.9178057100835595,-15.406974875866752,0.21579010800618728,0
3312,-55.45961438259539,9.152700480657163,1.3642163644365906,-8.802429777153984,0.33591795224039567,0
3313,-119.34415674591516,5.325490970409332,0.03268583964098215,-11.300814610382645,0.6108950557587352,0
3314,-107.15696918908766,8.569198678285124,0.6088105114437061,-10.711720472771601,0.4223287396999344,0
3315,-91.4790953810579,7.428162314701493,-2.0818519558809463,-9.32770749139755,0.20346474728328628,0
3316,-99.76916670592253,11.141919662513988,-1.2848756228750187,-11.44617267128784,0.6116310293405779,0
3317,-116.23410637030443,6.894798302544652,-2.8421441439582464,-22.96248610158196,0.2179388233198941,0
3318,-71.08276695951062,5.400288636717517,-2.817279622658007,-21.469051908942824,0.246424511405471,0
3319,-43.11657879726316,3.551419201895494,-5.373771066588933,-19.164927019158373,-0.03339279220801429,0
3320,-80.697805007907,3.3444289033714227,-3.210908855852542,-2.047647651820032,-0.25193766799258205,0
3321,-96.95934152726531,2.7377901953348296,-5.031473765191151,-17.731012521168118,-0.5813982477864432,0
3322,-103.3266051178472,6.676967728035922,-4.230991911227001,-21.95713112859034,-0.26002420715122165,0
3323,-59.93442262444872,3.506316768124338,-3.9815988816134777,-20.012767570497555,-1.1035571568923879,0
3324,-35.112545860883415,4.1278038889120525,-5.84887807070347,-27.273926115128006,-0.22407839605958618,0
3325,-39.21146377364283,5.545245830662114,-3.372101750413996,-23.81573993301284,-0.29310551944707247,0
3326,-39.800879132756805,-2.6870272298554774,-5.072744298560597,-21.21401739696319,-0.6525509375056504,0
3327,-42.17902210079903,4.095725312334949,-4.265712137623755,-26.98137299187474,-0.08209986684364157,0
3328,-42.573965774860476,1.1530041913819031,-0.0640346167136614,-31.457492887544003,0.11901795501318607,0
3329,5.83436358352265,1.4139347128300073,0.03221136813312375,-28.89135940719108,-0.21501112112192752,0
3330,17.393315816323124,-1.61270018391175,1.9854559463674044,-30.915734297622027,0.06896371173528161,0
3331,-21.809352196019184,-1.9659844899558006,0.5365280956591576,-36.90762371424227,0.16232283116716711,0
3332,50.79840666695688,0.023253235813782802,1.9679721984944558,-33.77183438507171,0.5740260782117135,0
3333,40.189577109851655,3.3184398053951445,3.277326355663551,-38.65785926673029,0.10477571227733423,0
3334,66.11972881147678,0.06317971285528268,3.512571426802458,-38.644814442972404,0.4155883236178936,0
3335,20.324003422431264,0.09976541771046277,3.4129050202039792,-38.919623182047545,0.6815165501647437,0
3336,28.417525107139593,-3.2970395431253836,3.731422548835976,-29.188419486371146,0.6524660647801501,0
3337,60.76519605654191,-4.587920953823561,5.125351574378024,-27.237044077833524,0.42957122655887653,0
3338,81.1739300315235,-5.415130892780564,3.932806013773056,-43.076588511627484,0.6258315455482506,0
3339,113.70852723345553,-5.286445128387367,3.793657976656567,-28.19443452276106,0.27227199758673715,0
3340,97.78879318633209,-8.861066735060039,4.976059169417813,-42.4130487867567,0.10637330766340168,0
3341,83.86351835422838,-6.639058466173138,3.998604193891706,-33.715690979138834,0.0736281038040356,0
3342,72.3532563418256,-6.730673657223006,4.379040769136749,-36.81233258496357,-0.2214973610657362,0
3343,120.71611589662916,-6.367409261857911,2.227778961529832,-35.56566016291136,-0.32410599905089377,0
3344,79.0970995305093,-6.144879662689208,1.1765359006266305,-45.1979281476484,-0.5866073603521309,0
3345,132.25259031726495,-6.059147501762183,1.2163691115771016,-49.03954713383491,0.10087558720146267,0
3346,94.29153563041075,-7.172612750696159,-1.015792354777257,-44.58486003675912,-0.5937481220994121,0
3347,131.08792007196251,-8.646507760156597,-1.8503548351341317,-39.012304415650775,-0.3218971532395739,0
3348,111.16001865826401,-11.732493299088887,-2.751610796741695,-31.92199835693144,-0.012899408929066769,0
3349,92.1715962843931,-9.259037279586542,-3.198745595085822,-47.398326740083185,-0.5548538979203828,0
3350,80.90536745777429,-10.33569856100849,-1.9533302964960344,-43.270186382007665,-0.030127332669277987,0
3351,79.94475374339486,-7.720068388557622,-5.6907444491857975,-47.030575309187086,-0.00019195920717376969,0
3352,89.93195520423298,-7.073405692474628,-3.434653029284009,-43.86317710379531,0.5020905260638112,0
3353,76.69848295479981,-7.232391632128458,-4.220002265592626,-53.90532963354635,0.09648403984124357,0
3354,56.31792909836152,-7.790412484116992,-3.420787181899236,-37.21784281881247,0.23819531663845095,0
3355,57.238959805329415,-9.742897668105991,-1.6822104965526283,-45.0266531439956,0.45426802021383667,0
3356,53.87554790628818,-10.667600888413583,-3.0264598413558437,-40.98172112369774,0.39968012569626765,0
3357,0.9591403721774157,-11.241684612583771,-2.993539313448417,-47.13104905645622,0.39614176024416636,0
3358,43.49202394316298,-12.86190266486679,-4.536749626324511,-45.40100065230832,0.8397060853170544,1
3359,5.186075900329087,-7.938011023151018,-3.586981746210653,-41.07533962467571,0.3666819639441198,0
3360,-8.081907490767083,-10.321154963600748,-1.1213648057146828,-46.40799176949037,0.06110460117723576,0
3361,-28.707628764701578,-12.48950379951538,-2.2013617212418826,-46.55609205862826,-0.0026704125604843088,0
3362,-40.83442477763282,-11.649909436441126,1.1104875023253902,-51.67341946902529,0.0068732321976743005,0
3363,-42.01183342312441,-11.705989960219018,-0.6612758269245422,-50.665841791324446,-0.1494499939139373,0
3364,-38.88070636979403,-9.836185525378138,3.5457276439978322,-53.32861504947919,-0.45581756095869336,0
3365,4.814288782091687,-7.712689822482851,2.89622107812006,-52.20613250879288,-0.7590086742993096,0
3366,-53.97687062691219,-10.444381717763841,4.040657096061454,-42.49200094923932,-0.4978333731727377,0
3367,-48.67842739306954,-14.129880812411926,3.7057853880353004,-39.91770327805592,-0.5140002412311002,0
3368,-52.47605503604897,-9.855528595483511,2.9181555971256254,-55.39014393064007,-0.593935389240171,0
3369,-65.51227934131735,-9.618221883481743,6.221875697721112,-47.351269409282615,-0.13347037890136343,1
3370,-76.6495843395853,-9.561080964456671,6.294557079331421,-51.069213918794695,-0.16444144460037807,1
3371,-105.22334093595144,-10.148795898621055,4.381349257460737,-42.629751124487036,-0.11736991341867105,0
3372,-57.70316800034908,-8.21939841522762,4.980064648923344,-49.05428468138551,-0.06855951712227766,0
3373,-55.11554464562107,-8.260766173009515,3.3403913063607495,-49.860065338918844,0.4977847582447773,0
3374,-128.53857542028928,-8.160502608195715,3.2841657456540125,-53.620706008520045,0.05437638472564932,0
3375,-118.04383380779588,-6.983079952786553,2.899780130338585,-57.60997419719382,0.29456125484261625,0
3376,-104.86250942616438,-8.346032177525569,1.7553502872699993,-46.18061637839944,0.3768321963379438,0
3377,-119.26826298309503,-8.118829708684784,1.553008615028786,-48.234657251749844,0.5587802450334673,0
3378,-89.57045831941859,-4.026843203630225,-0.26576000961815527,-48.106571602866666,0.61827427466332,0
3379,-112.9714085176388,-5.292846187078521,-1.7219546071813994,-52.96467314837639,0.1624699461704967,0
3380,-52.83779832605402,-4.366106554890447,-3.4070881896918803,-50.65113864342575,0.19815902398302873,0
3381,-69.1003147018295,-3.161184314837103,-3.914330116751605,-45.90123201315517,0.29997427612127786,0
3382,-84.50383401936581,-4.140869372669878,-3.278953364446396,-44.86037235288324,-0.06601801576118711,0
3383,-63.17280364373015,-2.90236543406277,-6.080995588601752,-55.55773442835018,-0.1627639241861392,0
3384,-55.715306783903365,-7.472322796423834,-3.7809690543864765,-52.70669206013984,-0.18993845442168727,0
3385,-82.45536663522785,-3.449032573555373,-5.280707019654445,-56.34412885670981,-0.5424601751336776,0
3386,-80.13269213830151,-3.756843744510071,-5.731639322405358,-48.223392495987355,-0.38201091167626233,0
3387,-54.23986444800687,0.4383716084258924,-5.7293605807343395,-44.62333458160699,-0.3669957705468475,0
3388,-30.006819288043644,-0.5800042899687232,-3.489262743652706,-50.234297954007154,-0.4900786754770072,0
3389,-35.42314798940255,-3.2083975452563696,-3.5452751983450366,-51.93116211344912,-0.17646449769986428,0
3390,-60.327374494668554,-0.7092629030395131,-1.1681167067304332,-50.05010071380053,-0.23901388157277634,0
3391,-35.1393879851522,-0.6231962392487039,-3.1362974832007566,-36.579388564609694,-0.28052948898994085,0
3392,-10.66714061340884,0.44879217216555634,-1.4930459152758258,-41.86943459400768,-0.20054907711095693,0
3393,-0.7139793685253046,-1.9977179836408863,-0.01229043996850844,-43.87307819178545,0.3629328172512069,0
3394,50.229205645011795,1.259737638259087,0.31970039906536774,-45.607702947405656,0.02687969962912584,0
3395,-7.070061178888064,0.5817907811834251,2.026582630254251,-46.93284553076131,0.23770047815608156,0
3396,40.42649311246417,2.0987870867778686,3.208322033219474,-51.044647780120705,0.31703997059988676,0
3397,69.45908650458611,0.5770773872656312,4.126494618920345,-51.44368385852275,0.5497905306829542,0
3398,94.07149759537364,1.3426179693071187,5.75617116284746,-48.580076419320584,0.9504834224053696,0
3399,49.03421276436684,5.341044395256035,3.3850910062630373,-50.096418136187715,0.5333944419857916,0
3400,74.85966307065924,1.363399438289981,5.277964929523649,-47.935448844563794,0.36101319542498,0
3401,83.68542495328639,1.9754555222621857,4.347952596476865,-44.95676950734616,0.3665282122507633,0
3402,82.73669627305544,4.282446215686881,5.280468884630674,-44.10692833791839,-0.05978211320030366,0
3403,82.59938750671176,3.285510647673207,4.94397542503114,-46.59786420862138,0.02111384597224747,0
3404,98.19997086323245,3.4908460879980776,3.0080067440596716,-40.51804969189909,0.2501278229760239,0
3405,42.84565370184987,5.889517730862777,2.4167915752954485,-43.42007189350409,-0.09954981621296549,0
3406,110.20795061492665,3.073501053846934,3.020328818405894,-40.86549999484616,-0.10629392502787743,0
3407,101.20124313935418,4.456769363410778,1.6228187182535685,-45.10912315529904,-0.2388710328476291,0
3408,95.35335657231488,10.953767700999528,0.4067572221414848,-37.35243262129123,-0.6329116825110555,0
3409,140.86807073223196,8.120298978774116,0.28635899142785026,-42.90532388436803,-0.11449242945884874,0
3410,85.56164296316632,6.045994860217835,-0.6231006345292102,-31.586528287740272,-0.81345239516131,0
3411,89.13852207299897,8.694480547598515,-2.8136281325854373,-40.136611138807886,-0.31216236307058143,0
3412,134.19963572556992,9.291999137763703,-3.974174273538364,-38.85182543114428,-0.6771862730964844,0
3413,73.95297185750023,10.425065719495205,-5.097694111480027,-34.761862596935444,-0.470817651822437,0
3414,74.91233328928543,8.439737317234657,-4.363054763058004,-33.006862547392934,0.2075048378365117,0
3415,77.43614080015631,10.883126682860166,-6.205127973835428,-31.7896276485349,0.028851650694638326,0
3416,90.85025232161234,5.06699945124562,-4.877356090190179,-26.81658386598658,0.547893546731862,0
3417,71.11078736694982,7.222182494548662,-3.7563559139333815,-31.677747061909848,-0.03086014647126195,0
3418,33.35241521569728,9.830115678043644,-5.124795133237282,-34.60076336764506,0.45531930530465115,0
3419,40.22017982338835,10.305463075810675,-4.915464216982764,-36.17901086942432,0.25658650424956697,0
3420,29.866879559686453,7.942344104098374,-1.814752462195252,-33.451461211961,0.41618137100334207,0
3421,31.20017477494115,10.380051645490939,-1.5842364955682782,-24.600663356539492,0.7306205875954409,1
3422,31.664923131365544,8.684186255581396,-3.0165317071224345,-38.18119546513117,0.6807742502350581,0
3423,21.684331692440807,9.423779160026678,-1.1811386816438834,-34.55452454468227,0.29766226837930243,0
3424,-32.160943091315886,12.04813649824927,-0.007061357704228333,-30.75535430495873,-0.2686103610079459,0
3425,14.643622220719422,11.812364174056826,0.8657179636903685,-33.01107078716083,-0.34028069973943664,0
3426,-11.512013430300701,7.971287790992119,3.4481339847791768,-30.070886803053103,-0.2073516663649249,0
3427,1.3645537031601727,7.796916455887538,2.626972508657946,-18.16217718946161,-0.5195818224768186,0
3428,-26.941776039842132,9.010310136347863,3.582008047553067,-27.83926110431705,-0.3138281083895509,0
3429,-22.940979790383413,9.67582535106545,4.7051204714299955,-23.435459938275752,-0.1574718894658796,0
3430,-44.32892928985383,8.285863774266002,5.717939383870749,-32.91939673079762,-0.6924176174246169,0
3431,-34.891565629642905,11.531289283588643,5.795962498503189,-29.265457507522477,-0.6338268658169617,0
3432,-58.90966742297214,9.96950763845241,5.534476206609174,-18.205210801173067,-0.6092052754969539,0
3433,-78.15861542342873,9.888439742127616,3.3758293720997004,-13.634697198282808,-0.30894416932283697,0
3434,-36.83587812289172,6.322047484856,4.187805104131808,-19.96520730352572,-0.1095664087794027,0
3435,-69.76593187441244,10.946428996683984,5.050362601323279,-21.691333862722143,0.033105177283433845,0
3436,-80.45915025738324,2.7067072026641013,3.8676643754489706,-16.761372454922046,0.35455509861468393,0
3437,-120.92891684058657,9.72948977101233,3.6855096283975213,-31.30258461836737,0.38420768387408055,0
3438,-123.68453716494952,9.624187113940085,3.874667875696022,-16.235710826977595,0.3971663196482629,0
3439,-93.60126334513826,6.56556116525036,-0.1405759969853564,-21.67082375713015,0.4838613838814816,0
3440,-97.08860999525227,9.632411836318074,1.1818652894513448,-11.522183168395323,0.5170589516331408,0
3441,-111.82578892147657,6.598911370052178,-1.2805927929872147,-25.500323090676545,0.46801432225240697,0
3442,-95.27338317490225,6.471675692931241,-0.9711813115744531,-16.721073562003752,0.28093177443427086,0
3443,-63.890084949978906,6.631711946040742,-2.828046294792334,-12.81900650926337,0.07532843440589579,0
3444,-78.36833105128936,11.916767743964535,-1.429013492708021,-15.452971387027844,0.2157636384454642,0
3445,-110.78831267693428,7.809593127878335,-4.053356358259583,-12.546668175775343,-0.057917873567351355,0
3446,-85.01113236304289,6.087295958050729,-5.284602099264089,-5.168037567824128,-0.0021496523471594836,0
3447,-92.86597882873,2.412022684361812,-4.499712704197216,-8.829776585637582,-0.23231329135559148,0
3448,-77.73931394810579,4.066817537234748,-4.675015576280012,-12.373804927208607,-0.36122847460310725,0
3449,-70.77702520117448,1.6859488009759593,-3.7409395983289464,-2.029416704264933,-0.25228424370100927,0
3450,-63.952493389433336,4.4806990181147714,-4.116550433038789,-4.484336343803549,-0.774945118972745,0
3451,-70.85361638697935,2.6346018937989615,-1.5931288052713528,-3.282331326336373,-0.14088717078795276,0
3452,-39.198201829069575,-0.3840677422076968,-3.521001757936738,-8.2109540412762,-0.8882537393718125,0
3453,-38.385314378992376,1.5338709907662,-2.7146918528062147,-15.488563159732905,-0.0773100086028421,0
3454,-76.01868363655223,-0.8239952488275829,-2.3201775691325692,-6.282216669246139,-0.2106881381681121,0
3455,33.54733435825042,0.6783033563374297,-0.663419669985025,-5.791233497835462,-0.21664246402182658,0
3456,24.255949138576888,-1.8421919775455216,0.4790383984931901,-2.8184047525381453,-0.2571494594464333,0
3457,4.922418845638625,-0.5686603078060896,1.516370941869063,-2.9613268842782086,0.06297046893580141,0
3458,22.66831099777035,0.3792646837832414,2.2402872740606967,2.8108162392968588,0.2794884745345163,0
3459,8.479606119575333,-1.723014886053527,2.414582945110906,7.650184398156256,0.45267295831371523,0
3460,75.12905260492582,-2.889881863479591,2.873470147153673,9.623779253016686,0.7673206494729934,1
3461,88.05046831696497,-2.187478148508859,3.960987270389631,9.424509349120687,0.5146795492713365,0
3462,61.62803881497755,-1.6791068849955033,5.88585532011705,1.7437078091164286,0.5410598351380992,0
3463,86.76979260870723,-5.759598122618774,6.3201330364906525,7.517226635661979,0.48166359411814397,0
3464,76.9474912904193,-3.4868174970829373,4.907512067675841,16.036552898034238,0.24387445779316794,0
3465,53.11601717450398,-1.8259281549737914,3.8653215379854124,1.271768800452599,0.14104558983109847,0
3466,77.22498875279669,-3.755425651737131,4.356522680944285,16.917629441994787,0.012168431749071569,0
3467,92.85704302768568,-5.21670677458976,5.983236566167188,6.172930836468652,0.009924071955311892,0
3468,84.98312361076485,-4.468887783453955,4.18926914542411,13.594781024588666,-0.4365729945653753,0
3469,92.61664963984555,-5.245149700271486,2.9125869351939793,15.157537019607172,-0.47123513743792084,0
3470,97.10827206764858,-5.02934805618327,2.401912817504172,15.005596195709094,-0.38154051364567243,0
3471,98.27670285171513,-10.954483186978372,1.9998006939378283,26.155192836979772,-0.7105456821669953,0
3472,100.8993416569157,-10.366338969834203,-1.6919341504818726,14.459461285537538,-0.4707204489585289,0
3473,77.60425967928198,-5.58443035491627,-1.9079189111658477,8.710588599733873,-0.5567090422381815,0
3474,82.45088677006453,-10.920327690871092,-2.960978455049763,19.62790751269134,-0.2606589162349457,0
3475,68.10726741110655,-7.4026024477569665,-2.6645538008143297,17.925978421208953,0.031216829129260548,0
3476,109.42579856149297,-9.185179486044689,-3.7813349331012054,22.473180334709028,-0.21254941433210672,0
3477,42.9291373607509,-10.72766083638304,-3.7177791518658116,25.024767044699104,0.19709640500292686,0
3478,102.43675937949433,-8.268351345491027,-5.335254544100793,21.352713577044163,0.23078768351988127,0
3479,100.62182840306166,-8.775537910060713,-3.618200131992615,24.600977011184785,0.24198202650269518,0
3480,59.65277551278154,-5.143934438319378,-5.022329259071971,24.02990997054438,0.4196789299429907,0
3481,5.778775705425026,-10.777850304245694,-4.023833064681343,33.148129803773145,0.7401802088684857,1
3482,42.18250310954558,-6.787800200164572,-3.1002483176926887,23.206180938579863,0.4655315606141998,0
3483,39.198552468615766,-9.078802140570176,-2.586552499281262,22.48391257062172,0.7363695403277211,1
3484,10.939307523899135,-11.196865236762198,-2.5992962312462327,31.17282457414193,0.38281728191311115,0
3485,11.204687062595271,-8.342820152003624,-1.2812147299684513,22.962470168680433,0.020248522740319908,0
3486,42.25583056530455,-8.851479546159753,0.5844047946545716,30.397314480523494,0.14226691988243484,0
3487,14.97691928449687,-9.927961261016689,0.3457872712679051,28.40536166044933,-0.2728949522416263,0
3488,-26.803226577248722,-9.458754521605767,0.09867175496753344,29.55178504933772,-0.18707306508534582,0
3489,-50.17119780997072,-11.15204352063809,2.374478576717804,43.03796968073429,-0.33241653263834314,0
3490,-34.484790530633624,-11.551477945532035,2.6458377414258853,37.80259820665355,-0.012152347499083782,0
3491,-41.65959787680272,-8.298108980386433,1.1198414528915808,37.50812762596277,-0.1344361835571124,0
3492,-36.53890351432718,-10.157424438937925,4.576312298304023,35.80818897908672,-0.4792556002406851,0
3493,-65.77740467381199,-9.737995041747226,4.713411885262394,30.439609294591797,-0.24975317432554528,0
3494,-52.89901014450605,-8.862529723721892,6.05236760285994,35.932874040567754,-0.5233111826940514,1
3495,-31.85308796298815,-8.712389571088103,4.249858700276519,38.25652309153346,-0.6413097001565322,0
3496,-60.968341512237785,-11.89930994564115,3.3989128995458557,37.035129229154855,-0.13060582907821755,0
3497,-84.19018545678308,-6.243246639594513,4.78244180138347,37.19983860594395,-0.023108359397530975,0
3498,-92.00988726615223,-8.326445531637232,4.519140620434566,35.41003542093068,-0.13358413240788214,0
3499,-99.71607026377222,-8.705757821978398,3.5929910662314293,39.42081169479503,0.019751269469415356,0
3500,-72.28046425501843,-7.149653941440914,2.7405613005022813,36.06667732062682,0.5130916219787749,0
3501,-110.79209236629987,-7.229132027345688,0.7633882177398852,42.83718830952569,0.08619154008205643,0
3502,-98.71227041835252,-5.839709968591336,0.732419939768849,29.851027234992536,0.5944768494837024,0
3503,-98.96833032853284,-5.951056188114663,-0.472584307549154,47.31744048121636,0.4367578527281837,0
3504,-109.40444609788902,-5.226955360041687,-0.042034688014571664,34.54302359906265,0.5837455958377977,0
3505,-125.20168724947204,-3.5796311424919,-1.681541712758905,36.32626845425753,0.5995264568425753,0
3506,-88.69979083829918,-4.1176402159365235,-3.2028275796332752,44.25134050697987,0.12113555393184972,0
3507,-92.83546488723923,-5.794422955973535,-1.948305202044067,45.434422469832825,-0.06434000075281082,0
3508,-77.15128995348391,-7.294133253137888,-4.542058745097666,53.63665362373075,0.3100236168373388,0
3509,-92.49798442842835,-1.2749973024102323,-4.145968287004251,45.21993928300344,-0.14309679581077722,0
3510,-51.26185315371937,-4.636778060778236,-5.11375641776038,44.01200087776005,-0.20277504684035993,0
3511,-86.3099032353953,-4.6478831253637924,-3.3615479382588007,45.62884455133747,-0.198866931770496,0
3512,-26.94259906509086,-6.706206675775335,-4.752662834893631,53.064991072521295,-0.6519396585005531,0
3513,-87.93378772063696,-2.0788113722108337,-4.376994045744999,57.656712407449895,-0.31688863052155525,0
3514,-35.55393979798083,-1.974100958729562,-4.108026287236518,45.01465786976812,-0.36242868489463265,0
3515,-25.566886214363244,-4.8125421206909875,-3.0881938026633806,49.03809350412023,-0.1458218030276806,0
3516,-41.46233719925385,-0.38174739307011496,-1.2707668383035449,46.31932848480779,-0.05938844988877667,0
3517,-7.283713956021115,-1.787442480121757,-0.7115765285807236,46.56830979782072,-0.2160404331174248,0
3518,19.755968350146347,5.088785449097235,-0.5543704529058333,56.76444649080372,0.06349236923745558,0
3519,-40.175298717335636,-0.93062341699889,2.1170725209604244,43.05113957378452,0.0711823174128286,0
3520,24.16988121775543,-0.16286430359213466,2.270352566922129,36.29992568675254,0.23514927104687186,0
3521,-25.937556605468437,-0.5443751315158813,1.8850967077820144,49.83089917138572,0.10574662943666774,0
3522,14.18835919822876,4.255572999617931,1.7762186192106622,54.501758837237084,0.3824238994733197,0
3523,75.32404056899645,1.4446623445006193,3.4489999530246513,49.82986009809284,0.1260028754175786,0
3524,39.91707952662406,1.2253052076033402,4.830763280444266,51.4555539952315,0.4717731383886867,0
3525,36.372030090649034,4.567276676074121,5.391907243365041,52.90108525526911,0.7329928650936665,1
3526,63.5897862704067,0.8630121521066636,6.339987094432015,49.868600834965534,0.5523922731137297,1
3527,115.93065639304768,5.335233074269454,3.873875226364774,52.25078574276678,0.3116326243210483,0
3528,44.21776939966895,8.098894971290228,4.318762383347424,52.30272223693196,0.11531874351153168,0
3529,65.29626021881998,6.109056883583566,3.180088398319107,39.927213671893966,-0.09970225093195492,0
3530,120.87963075257662,6.678946518581096,2.4450162214405715,50.38525760943257,-0.3234531871920281,0
3531,131.78503013199662,7.5570739272152245,2.4312322710983234,42.02776975362541,-0.11164672936263972,0
3532,95.31682344379162,9.635633803767615,2.5789441347210933,49.75663116217129,-0.6934177242651305,0
3533,74.38581534305521,9.019732612448465,2.048808507638995,47.506910383279305,-0.7745262449353674,0
3534,141.8743183149909,7.8465146584039225,-0.6567843195191991,55.16920517946802,-0.3172146961936352,0
3535,131.6381332173488,9.12477422697736,-1.515174385240516,51.21704749091464,-0.44718490503653036,0
3536,112.12340035435575,5.876649118674022,-3.45504794989087,52.33678538565452,-0.4268006567710659,0
3537,80.10696516126994,9.51351638084543,-2.363412949720043,48.96941736355752,-0.3024381372401117,0
3538,92.22222943359577,6.242329309703068,-4.109677081155927,55.123457061854644,0.18079747012109612,0
3539,85.9121670085775,7.791279162706186,-2.3796280333958713,41.79185948618888,-0.06762043200535188,0
3540,90.76249582850681,2.6107735274846826,-4.1368037709890375,45.19699863740436,0.12926287552646612,0
3541,107.35084588673035,9.807395900012772,-5.040752377600857,55.98220207322228,0.6253424253004495,0
3542,89.3218497027813,7.9229246105866284,-5.638989235676224,47.22875993076531,0.3250466927502751,0
3543,42.87194158748784,11.616069239979122,-6.4218676256857785,38.51441621960045,0.7768910976068255,1
3544,83.99168839339585,10.333794652709472,-6.0279579679102815,56.32365967362705,0.06553166639671337,0
3545,54.202551223016364,11.937353294571013,-4.829333000329106,54.242387165273634,0.2663682601018681,0
3546,52.68037365154152,7.633502631746702,-4.285473312271025,52.190264928149496,0.33240877289977955,0
3547,58.879958038204435,11.96450537613598,-3.8221354126059444,48.865705497781086,0.5084337035550623,0
3548,-2.3676262671162043,14.161769387445684,-1.5697193326816665,56.436311296797825,0.6370820013212779,0
3549,9.263830710299091,11.515826735627723,-0.4787856250225916,54.14531670557551,0.02955306331931913,0
3550,-10.63210546252025,11.580698016248725,-0.4583309537682702,55.292013006678786,0.19560526715061638,0
3551,-41.34352954317359,10.326690422656398,2.928794355167822,50.711722708373514,0.29964171515963245,0
3552,-12.935687865709646,8.900689043450383,0.20063998936956717,47.51079414746991,0.03059358034943671,0
3553,20.676230578909582,11.410073000060976,2.881625052900776,44.54482702054392,-0.4724662401321992,0
3554,-75.74616558209726,6.788470012702485,3.3684102616236893,39.821253007675494,-0.2923233575000919,0
3555,-48.59081147551221,8.853576677002417,3.656816905062147,48.28285540837197,-0.4308693537671787,0
3556,-43.65587653319752,6.011206744168865,3.962641805755769,48.2878606754151,-0.6188037600991066,0
3557,-61.96251022869528,7.986362690613181,4.920339993571543,43.182470187502965,-0.34612323117994553,0
3558,-74.00027028499889,10.49464142894918,4.7723313767956705,47.5521128815635,-0.43246022696272596,0
3559,-104.31889199913073,10.015192216171043,4.4772931298269265,42.35735658693683,-0.1887783304036978,0
3560,-79.49299229011781,8.877580749113633,3.2476420461035658,47.87231549422405,-0.3461947818995633,0
3561,-104.25738284214856,8.86596842740804,2.4241927940844272,38.624158373978645,-0.27366870022336637,0
3562,-137.00343495796835,4.481541808519568,3.0885771388548786,37.241441662704126,0.16399339048730008,0
3563,-72.4647804455879,7.215622208680136,2.1751524463528287,40.779403966860094,0.4075442147199186,0
3564,-79.37776891219424,6.285621561477574,1.4776198606267243,45.57473048638615,0.21023731600389586,0
3565,-98.71649231078383,5.998666569079797,0.5966798142912232,35.0688103225008,0.5940336391658697,0
3566,-95.37577847454985,8.166116227130267,-0.8146739879951572,45.526762327533596,0.506628248486938,0
3567,-77.6797323524832,4.87870357077935,-1.4904043666940576,31.464865353397883,0.5929405860657433,0
3568,-92.89728502198906,5.006619917329909,-3.0664008425824325,37.82768484680906,0.5754812546604272,0
3569,-76.54868309502567,1.6425698031369205,-1.5355820720926694,31.364017743845874,0.544020355949091,0
3570,-96.87813221100302,4.814649869321801,-4.583949654455377,24.732514466054432,0.2603187451337524,0
3571,-60.07974002825124,2.799904643363627,-4.729007349567841,38.95177091769748,-0.06750502853495434,0
3572,-74.43215182800627,4.694232746771733,-5.4818917934208375,35.55310964767896,-0.11804109652172341,0
3573,-70.68747386569129,2.1825207414988492,-5.709070356996752,28.76474744350764,0.17657942096448676,0
3574,-92.94531697299152,3.832521556875647,-4.956155092486517,32.46095011438271,-0.1997684954709247,0
3575,-54.10568230154655,2.863709069471331,-4.896770066353638,36.53290569508535,-0.45470844718355474,0
3576,-68.18665247287501,6.018926602834432,-4.876592429627196,31.74906232744522,-0.529380871530741,0
3577,-55.50091726752,3.184355768839408,-4.147107098248803,31.849000710094042,-0.604581764545356,0
3578,-49.80348729837392,-1.9797528450397213,-3.8759129452997345,30.089582537244034,-0.6647156823839884,0
3579,-45.24670465790659,-1.3248996181247428,-1.9210183209884344,28.39698151422969,0.010171911497903696,0
3580,28.386411529128246,0.817637690374579,0.6584046912590122,27.54590960075619,-0.11031823402647203,0
3581,22.471726826632832,-1.6518983079534815,-1.28998788939449,26.601004314658283,-0.31595317648318766,0
3582,44.24777367804343,-6.228882740951164,0.9770086360997486,25.14878253729979,0.06214019628199273,0
3583,-8.680354290040402,1.907733490431596,1.6029422132269155,23.00646428749377,0.48290584562938443,0
3584,26.98209953992844,0.1518536255294285,3.139458583587479,25.361579245297786,0.2605816074659615,0
3585,9.210993137071299,-0.7406551174093499,3.9819532070795285,23.216801437316736,0.27697204695122823,0
3586,30.340849985698483,-3.4868138176502774,4.173935392822483,20.203681187383182,0.5618306580196217,0
3587,34.62363094115305,-1.9006938110094453,4.4538520920328475,28.527756728839698,0.6289016555138516,0
3588,85.97985351632522,-4.641758944730795,4.405223892368466,29.98649367964841,0.37050988869849033,0
3589,60.854210601105905,-3.29223372710672,4.227772629203447,22.938901307170283,0.26105479126063846,0
3590,97.04980653671636,-6.0027718675864286,4.849901703130694,22.378706019746645,0.36036572517814836,0
3591,93.91186163065142,-1.5782837569554964,3.4189617073931733,17.681628908164246,-0.09339679200158293,0
3592,133.23183010340122,-8.1890644580299,3.6789820063513305,25.569255681314864,-0.12449710711059696,0
3593,62.02891735371324,-3.0091351340237726,4.77863451140043,28.00656126281467,-0.18785179181074052,0
3594,120.34579857651659,-5.80730137385693,3.022853681479067,17.570517327641426,-0.14826678483777259,0
3595,120.68246456041753,-7.260787489764805,2.952982187073903,14.848729066744005,-0.4874537289732509,0
3596,79.90186163419875,-6.32886676265716,2.5837995948282715,18.22283112247795,-0.3592054100956123,0
3597,120.13502978526762,-5.560541987101933,-0.0534536798765754,16.212997135178828,-0.266449371254204,0
3598,106.33909633882115,-4.64054548819012,-0.6646048981238979,12.114224530792047,-0.5841047470627123,0
3599,93.69517378925062,-7.076122618353967,-2.134522008065667,16.0117952604334,0.2217364014892298,0
3600,79.41286260199067,-9.79291852786286,-3.5329642426655816,17.3819561750513,-0.041193786613531236,0
3601,78.19813977226126,-8.1893591589531,-4.452557001702621,7.792351876266162,-0.14383811985101908,0
3602,129.3402951343833,-4.935378756669101,-3.296151070386494,23.457201104986314,-0.09018917708885421,0
3603,83.2387294381375,-6.120536932033465,-4.405365976899138,2.1036090752473537,-0.015590301472510212,0
3604,92.91713551048318,-7.223258878345724,-3.058136648831537,4.527247685658425,0.5685048472900477,0
3605,54.73390865242338,-7.651707269649037,-4.027897676644855,8.969408762114659,0.3980243709522844,0
3606,47.52726694092702,-8.023373714409164,-5.627040431891837,18.04468177227482,0.15604048575790957,0
3607,76.70573423202494,-7.260406034617263,-3.7561818244655205,3.005386256109036,0.14961619397155712,0
3608,19.466024347912743,-10.622875281918473,-4.4190471992348135,-0.5046955726546649,0.5188125514280018,0
3609,29.080595284173327,-12.527222861257368,-2.2505485387423443,6.5740101082008895,0.48316180828224753,0
3610,28.61920365740163,-9.761939233262796,-3.1689440880504103,1.5870663331516732,0.1920696109834253,0
3611,20.44073845660641,-11.593260203527391,-2.8432909303468104,5.157420524583701,-0.04177162911694504,0
3612,4.7240705659358815,-12.10139927946321,-1.6234786715054264,0.47761054597393304,-0.26917476466819845,0
3613,6.231991565041792,-11.440202469598294,-0.576248393521728,-4.454280763741461,-0.17712251704909307,0
3614,2.199200744884589,-5.0123111094922,0.3175906128717375,10.576037827387756,-0.2442495429816922,0
3615,-6.822191750068814,-9.669031184162753,1.5285004486743408,-16.939721670446517,-0.1644516705272676,0
3616,-50.87307692524448,-9.150958249535295,3.8173023669892214,5.934865504912526,-0.4329299442351307,0
3617,-46.17085035071857,-12.2283112140858,5.498126279559342,0.5026881916221866,-0.26177906790743544,0
3618,-25.518698596389367,-13.355449326675323,2.9657738007815544,-8.887195476877032,-0.3788830690196027,0
3619,-39.95349161163067,-11.166241680785248,5.982091103484321,3.2092874460529837,-0.3779178675817518,0
3620,-93.15812146124594,-6.488122830758943,4.475374272048663,-14.0010120900179,-0.22245332228094383,0
3621,-65.86936949408552,-8.508934267593776,5.337996857556309,-3.0916068282524503,-0.5960153696838587,0
3622,-118.93312517205389,-7.7703272819709355,3.1740645231363027,-19.530379991791165,-0.297832213803201,0
3623,-84.10654980966868,-7.258003528099289,4.997856279933216,-15.827891439463542,0.434816726384878,0
3624,-51.916791177973366,-9.66361921789795,1.9357624388708219,-16.81761638536144,-0.277532974487846,0
3625,-112.7588968899872,-5.429576257785033,3.5651452641779238,-15.80196716654905,0.18406823542657813,0
3626,-113.47918547555227,-9.175200096387677,2.6889861045148438,-12.95883558189598,0.4570083233471897,0
3627,-83.53669004693636,-4.781427808617067,1.7063121537746795,-18.10947375080568,0.07222643946951196,0
3628,-130.71052744141187,-6.37461506757546,-0.19644157853118216,-25.11890580984874,0.34292900132588167,0
3629,-112.54909606585878,-10.484492273121319,0.08969225641951878,-13.570881787686126,0.8944358005249129,1
3630,-87.00656326530923,-8.032341114485524,-1.0487237515500816,-16.58831055396903,0.486858096782519,0
3631,-109.67396384612718,-9.719781982381786,-2.5723283953786273,-15.726624999902187,0.25496838672974353,0
3632,-98.79143300905663,-3.4215518669192475,-2.5189151946003427,-17.84276042611511,0.29600337629407003,0
3633,-75.33216877073421,-5.381430893212531,-3.987553786865668,-14.85478113994344,7.123071451009544e-06,0
3634,-77.02740373719861,-9.359161727309212,-3.9091968695149313,-20.919126771755707,0.3088551665178662,0
3635,-74.51052857421034,-3.709246240814569,-4.932949724264729,-16.386652875862413,-0.3777767801827324,0
3636,-80.22010938175002,-5.082182158972358,-4.7678220470728325,-26.226700917950183,-0.41401146237640557,0
3637,-58.893443925811724,-6.512561427368526,-4.388537494591619,-26.831592212569678,-0.71013650759261,0
3638,-60.96392787715292,0.28274640164821774,-5.1420398756734915,-17.238770991029163,-0.5362450953653819,0
3639,-40.943364626030714,-2.379167732386275,-5.5696973701245485,-18.211705063422517,-0.5349101868315085,0
3640,-51.147742464553914,-2.69467346362854,-3.4786581732844053,-22.98242234104801,-0.2390466199646833,0
3641,-35.55835886253979,-2.415462986475221,-1.8345326726197768,-31.147417211100233,-0.6169847835848574,0
3642,-42.08520864787435,-4.14793443667474,-1.8734056412968643,-32.39010402008996,-0.21542754516490914,0
3643,-13.142603546093087,-3.2324325166388768,-0.9164338862685846,-21.730669819098367,-0.16543879818179463,0
3644,-18.69454630675264,2.4460976453355605,-0.2895532369697293,-22.82536476272992,-0.41558860541059794,0
3645,-14.762811049489695,-0.5715935955596637,1.4888027383397076,-30.312610872105,-0.03313825019052505,0
3646,22.608869349355004,0.9192753798588019,1.5309223467421191,-19.079316646328884,0.0979213817112862,0
3647,31.433759132604536,-2.7167405346246474,2.161686957918654,-29.275953032869836,0.7041383494638662,1
3648,52.30819231734676,-0.7709123005834657,4.515336818627734,-37.875534613755796,0.5604421465156787,0
3649,37.13375837447631,3.5735859559746155,3.538005597550363,-34.473842209029414,0.5236841535845711,0
3650,62.565697327821624,3.59218990529865,5.454320205492772,-33.81124495433851,-0.365069361502544,0
3651,73.52536927866817,6.819231812762457,5.985103929453837,-34.13598080633279,0.06748537267416976,0
3652,78.88509799181199,6.465829630387805,5.565787558320601,-29.033507317837447,0.5097070067268403,0
3653,60.257439015234375,3.7764827500918603,3.6702440817434425,-40.766404448512766,0.4030397240255965,0
3654,85.77160756714798,5.631206997744908,4.671019358207163,-43.32956435468604,-0.04136753764133731,0
3655,95.25381535361134,4.487777346155033,3.9811130785755435,-34.33275910584382,-0.036496642338050736,0
3656,92.42227303457348,9.653488439258668,3.059594929199181,-40.53673747415246,-0.19603935649126517,0
3657,53.93482648883839,8.25092597929246,2.929076560970086,-26.526521501555276,-0.2821234639077889,0
3658,101.30400123648785,6.686415412849869,2.6751801262693835,-34.55473029527706,-0.4908056809870033,0
3659,143.79453373745667,7.126119137233417,0.49108476387674116,-42.508886738845725,-0.3165270193291996,0
3660,92.79822189351664,9.9765046569117,-0.21594065237009147,-34.412755827673145,-0.278733385943687,0
3661,84.89340260534298,8.58972097206159,-1.2780359280574451,-37.40390032050663,-0.6675737087105886,0
3662,105.38413211983584,10.873009963984877,-0.8241839644205351,-38.44997649861982,-0.6477316275429272,0
3663,101.64858559324044,3.674261383631542,-3.1169761639373927,-42.77554300390466,-0.46476462877088676,0
3664,115.78636968025376,9.269667370739116,-4.85208752688607,-40.591065030640564,-0.1651897225922631,0
3665,62.38639741994689,7.5811310499948465,-5.804697471245307,-53.720027976188064,0.04242765093333617,0
3666,96.90875143864392,12.368021169324754,-4.313426740192979,-37.114429117179554,0.27778969322084857,0
3667,88.0048474450229,12.169193431907363,-5.695308125662989,-61.35734638389657,0.4524542110284052,0
3668,66.50740601026902,9.340512275941006,-4.327643977635795,-46.84713797819774,0.4456681547949166,0
3669,68.58508799597274,12.521364944170548,-6.19014112408554,-53.05670933269252,0.5007704794787367,0
3670,74.24389766444035,13.167974019395626,-5.066676102396109,-48.00601566994184,0.825674312206045,1
3671,62.40836152153294,9.87820095416871,-5.346667925578099,-46.27774962560285,0.4936414727139011,0
3672,12.959727587680632,14.776579384027244,-2.909714304152479,-52.27817197966341,0.5633908903626252,0
3673,42.72343473563596,9.84877710385058,-1.8903757378130206,-60.53511450534266,0.42238790798232234,0
3674,15.263672623729134,9.536391591810043,-1.2942655604079827,-45.977259184349556,0.20464597588935296,0
3675,8.086663894026197,11.726244359108593,-1.7473962780120698,-36.911443999527904,0.06553752305668356,0
3676,-1.9013776314849582,9.291002366193043,-0.40942262012974945,-49.412162022606225,0.21398781850794804,0
3677,-16.331051473169243,10.148356774195811,1.5550473349542824,-43.15216301684256,-0.213205809645807,0
3678,0.6802349016428089,12.750700468053552,0.5647306898760465,-40.70077133199215,-0.3930167542463011,0
3679,-34.424651315364784,9.89959931507999,2.8532769508101636,-57.97747442906338,-0.5684108045019095,0
3680,-64.41036167088106,6.375808246955678,5.329892608451049,-50.99885958271662,-0.3974026628686702,0
3681,-58.7393388617151,10.380755307236356,4.199595296567918,-55.31012655872047,-0.6021998813626392,0
3682,-55.63588639269477,8.109691804336364,3.282970925601292,-53.15572773808592,-0.4066327355799731,0
3683,-42.37491947265065,11.065232959218646,4.365845767668072,-40.79077900834382,-0.3684153097422562,0
3684,-61.977721545215786,10.536149893271682,4.3460341569296395,-48.339215370168084,-0.3843215370137138,0
3685,-97.39094154345332,11.872796310771543,6.9221003498138955,-45.650487699580275,-0.44614981579363794,1
3686,-36.21392561163409,10.508965030458793,6.0619007977821076,-49.93125695611285,-0.2261463116504851,1
3687,-85.30124420531443,10.616563587248052,4.566323811872969,-55.861796334703556,-0.04613076508510003,0
3688,-68.86274936161233,6.818970296588283,2.7785742761797234,-46.49580335053346,0.06452692234504731,0
3689,-100.23574700791588,9.465836944202977,3.4840913542370853,-43.68089982242221,0.4697744557507867,0
3690,-88.393962815873,11.475826099116372,0.22077912871354544,-48.39432359703866,0.8841139273667185,1
3691,-83.14168075056918,5.823839888490376,1.4476019313911817,-47.55299905586381,0.3947021245419405,0
3692,-75.43858170961792,10.444833375602869,0.30099634160629396,-56.170055201572445,0.414279875654825,0
3693,-77.52934159157772,5.373763869143513,-1.7513311401670133,-46.439159756364646,0.3245813640313209,0
3694,-79.12105440697407,4.379451031508762,-1.3700209327994037,-43.20084973498659,0.5239585974823043,0
3695,-99.79017023762296,6.2715185627472305,-3.765616041603345,-47.84546070396545,0.3171390703601754,0
3696,-100.91269211268295,6.692467826161003,-5.2603742428811735,-58.769826840084455,0.08727461584829162,0
3697,-77.92092441375162,6.652527681920971,-3.534937814021289,-41.50537194175989,-0.3013828283608701,0
3698,-60.16079031462738,2.4618129788272753,-4.935844743973784,-54.28537500345115,-0.39642473445596804,0
3699,-76.74046604292623,4.799767340568097,-4.393142011950665,-47.48023364897276,-0.2938033074970018,0
3700,-43.7230546417899,2.0951026579757497,-3.1192250218247417,-44.49243168060778,-0.38081805568002935,0
3701,-28.06487774232531,0.015228219350438277,-5.410608023313254,-43.677664384693514,-0.4873044028425167,0
3702,-66.96365342110931,0.6549799079082674,-4.393065916223039,-57.874853377320406,-0.36646249770563943,0
3703,-56.40970432797984,0.5237517916572738,-2.071962780710891,-48.06774718545419,-0.71471458030015,0
3704,-33.11646422395567,2.576780002447161,-2.219597436298806,-48.15852867412634,-0.33823082835261853,0
3705,-14.491545335922165,3.3422209905267124,-2.719695223979963,-40.95893424344229,-0.24246432830585868,0
3706,-21.263708616223873,-2.4070095564026923,-2.025985959569409,-45.58163493553028,-0.35067323315446663,0
3707,26.250749538873873,0.743587662380066,-0.6074085476556726,-40.33669234513639,-0.13287850639551985,0
3708,17.675023926029127,-2.8135681900889704,0.17706028946226404,-44.56069037580833,0.27497702352154224,0
3709,19.877758116175386,0.29931185686296524,2.111128916499746,-47.295203641691394,0.04470264900181012,0
3710,0.07502797863264377,-2.700610617751308,2.8358193796328215,-45.600400631448366,0.8769104881809566,1
3711,11.893611111061311,-4.050460870557256,3.8102984687032055,-38.57841101570608,0.5727283540800822,0
3712,52.86504046440182,-0.8362586898922615,3.3231515070828466,-52.28927469850713,0.486297219057975,0
3713,13.155815976147167,-4.091130116682136,4.560029878495507,-40.86474165469208,0.439058834029619,0
3714,84.06573735702621,-4.023618300730279,2.857445563829993,-48.10433564526282,0.5951296989209858,0
3715,68.01757464763658,-8.297596605733457,5.144561606622086,-48.73240669153297,0.26413996608548235,0
3716,142.69895975697648,-2.4208017033021303,6.062089393317336,-38.938827607422965,0.15032333180840898,1
3717,129.87415163007915,-3.1175908649118558,3.15418103323064,-47.98972208940225,0.3728371641567846,0
3718,85.1291106186872,-5.182099658671783,4.572085999878881,-41.18980947022111,-0.1614127205722855,0
3719,90.78677582311865,-8.668804836032539,2.8243723613715996,-45.0035579072532,-0.18331115721440883,0
3720,116.05220888640544,-3.6015010188833063,3.4476587834637913,-53.8101790446682,-0.4871905593782786,0
3721,132.4704886557624,-7.74431510734763,1.9081219101991485,-39.086750795502326,-0.37802298039970195,0
3722,66.92966258047674,-7.69401806225868,1.1887493749698257,-40.27696988279698,-0.369995590852636,0
3723,64.24986973176965,-2.5217811336278686,-0.14781744602248031,-49.87586148615285,-0.16240326191207294,0
3724,86.82487731421338,-8.893839267235913,0.12748119390629742,-43.219159642371295,-0.6547434192957242,0
3725,109.21669067838712,-6.324131069815646,-1.7937752780662948,-48.146035583738644,-0.683399596991883,0
3726,104.82096976972184,-6.986833775282857,-3.7015822938678795,-34.82184472066916,-0.3385547991646054,0
3727,112.65244145660894,-7.612867896855413,-3.6329689639943146,-30.894155695975286,-0.27451562892593195,0
3728,62.72476628507744,-8.090426521067817,-4.687320030010294,-32.92536309243425,-0.006581718298103546,0
3729,34.991079335062665,-8.141234244083167,-4.570631516462697,-31.55099111098803,0.2488178324909954,0
3730,92.25701806707184,-8.56748355115701,-5.378702544397031,-38.395021530502774,0.7324366369609767,0
3731,51.56524452425226,-9.40978114904129,-5.6639479734289875,-32.3661351834019,0.2991859745353152,0
3732,20.11112437234562,-6.454697867082197,-4.617248007133832,-34.42698428435817,0.02266197214596838,0
3733,55.129563278645556,-12.250216696092144,-4.398094111507285,-32.72218224985917,0.4508929612922983,0
3734,59.31736103025531,-7.705553599265302,-2.8497291256434805,-28.11525217139799,0.5578109312467807,0
3735,31.80408705193669,-8.202993345110052,-3.6324158109537183,-26.265466488705762,0.23943108667719085,0
3736,15.537477384049499,-8.525473768730825,-4.373818766247626,-33.31932292553543,0.3870350505312776,0
3737,11.709677145500224,-7.738106712404724,-1.8369407442738244,-37.623854621396376,0.2443383354108373,0
3738,-2.461101897114853,-10.182132943949247,-2.1208790815873795,-30.72550898094024,0.12598599295340315,0
3739,-32.00622161807256,-13.734763761712834,0.9195573688690089,-30.075793479552313,0.08284205373618288,0
3740,-29.28431488543221,-10.116295553350461,-0.19176713672093482,-26.73578701398506,-0.2346613224548561,0
3741,-14.360743079128824,-11.904069210614486,1.4129172485416848,-23.161883047687308,-0.23183197896038088,0
3742,-27.90075325786699,-11.310570701698428,2.862379584754466,-36.056928312678195,-0.7938573425249161,0
3743,-40.178053655204515,-12.232251133700679,5.463531207141646,-28.985148832186706,-0.6804928304582529,0
3744,-72.21211530917284,-10.578297553865855,3.385295736352056,-29.58633272309399,-0.566682594625273,0
3745,-64.18644911992718,-10.668997268173126,4.831462283596892,-17.63882710683489,-0.6652418932502134,0
3746,-111.73986762077874,-14.05934714346301,5.567784718636822,-24.05199779099637,-0.3872701630750967,0
3747,-71.58979669398461,-7.708965591275359,6.441771365459445,-24.682204695452096,-0.3469997907388829,1
3748,-52.791971914482374,-4.451198848615539,5.507759949396645,-18.525075088979186,-0.2340843520147744,0
3749,-116.24855140001857,-7.439576352788491,5.4075577485810395,-23.27192565882527,0.18167588765047765,0
3750,-103.01430863462612,-8.796481207056901,4.589671810311674,-19.46505565445577,0.16921273300092346,0
3751,-88.33126899588837,-8.217736426070479,1.7794371980027714,-9.393158261947214,0.06962208138681886,0
3752,-72.52585791909672,-8.64755932507885,2.492303228647724,-8.59910997558119,0.27403522337583963,0
3753,-108.24149478336757,-7.3033384717520144,2.0403025557516843,-18.62751855193593,0.6184220733787951,0
3754,-113.82435790046148,-7.2165672212575815,-0.7533351971384878,-16.55580527145751,0.5390129362285574,0
3755,-139.06120239168285,-8.46592462971898,-1.3731708463467305,-17.786280698430335,0.7249716410393624,1
3756,-96.3213682026319,-3.042371690364698,-2.561548535302799,-23.36173024469584,0.598415797115107,0
3757,-55.272919567963044,-8.990760605146422,-1.880578410278893,-7.587230040278562,0.2562776500419812,0
3758,-87.33123699661446,-4.17305471577852,-3.511552905639586,0.3078680217957235,0.49633785590801455,0
3759,-89.15994135106037,-5.391357352221111,-4.414955555345947,-13.042036165908398,0.36925391770865335,0
3760,-77.22226650581663,-0.9535730599890933,-5.864398220889571,-13.930374258930549,-0.4408063400951494,0
3761,-77.99936159359848,-3.6278964689125215,-4.9560422848018755,-10.228317818048549,-0.2193008709103454,0
3762,-87.37429046815504,-4.573053899304973,-5.5672611439649895,-7.452986295721587,-0.45740226845425014,0
3763,-47.27433860668711,-3.8826432790049736,-4.668036804371452,-12.566848602841748,-0.49027158815553495,0
3764,-51.213771975205425,-2.832935242123052,-5.7702460718233635,-8.189816286305566,-0.6530076517848636,0
3765,-46.808977145175525,-4.716569415534501,-3.980800110763523,0.17119524968890154,-0.685912365194208,0
3766,-57.62958293334988,-3.476890266126609,-3.9632901384342576,-3.270293635248749,-0.28079259476254403,0
3767,-2.6322189087915184,-5.020345478557448,-3.9987650024326555,3.442390372102943,-0.6168564179797639,0
3768,-5.70165313182188,-2.8000922727383983,-3.1922682075685236,-0.08687968807723045,-0.2525560015181435,0
3769,-20.157656441247674,-0.2676215992012444,-2.0831696171577505,-6.355720217987074,-0.4048092490837105,0
3770,20.924642319526626,0.6447577987352515,-0.11758803577446544,-2.7912542380569483,0.2672019399338865,0
3771,0.9152393642637922,-3.414520423261289,1.2012260916568267,2.3307899579038502,0.16644025179412647,0
3772,5.096521131795521,0.7680867631736847,2.2984085378564156,-3.524738222424352,0.44227357605743983,0
3773,15.205270319966665,2.6650955409422847,3.2036187927814854,-3.1747472453419427,0.4388259185228408,0
3774,4.336963212021153,1.704371834601987,2.8895665762740954,-1.8767427851985552,0.42003218530022124,0
3775,58.15093135264688,1.249465078607383,5.313078877950272,7.659056833581554,0.513186917977327,0
3776,20.572140675966175,2.173274933800277,4.249416071937365,4.24257778405728,0.7851911575513327,1
3777,40.5296421999127,2.3891329357346915,5.391716040916706,12.977299553131063,0.24524121074276933,0
3778,30.839796344755527,2.6615861076355674,4.830330876670936,3.571477077069689,-0.18208073342957232,0
3779,77.16028753504432,4.737246287772536,5.223913163002262,-3.2481560780469163,0.04419820424616927,0
3780,81.61723736431702,9.448555992150528,4.294483386657955,9.366970520038036,-0.1844700037432574,0
3781,82.98615598125603,3.7772795704958426,4.383213766634934,19.23591405351352,0.10160404333701217,0
3782,72.67050497639661,5.046735049891199,3.3039055369349826,12.144229664857027,-0.26827306404574985,0
3783,73.1449209279537,5.983760756242932,3.314839635615397,6.079371649603496,-0.1879407844883502,0
3784,107.97943907957446,5.101369364598785,0.7723117395412369,5.78173440677141,-0.43578554254879226,0
3785,88.79735072792862,9.045284615777048,-1.1523248563975415,20.850345418376506,-0.48966432764141693,0
3786,106.25465091203812,2.462658571803387,-1.3538416698946742,11.775426316305747,-0.46395096533147756,0
3787,81.34316348474458,6.479919966043191,-0.2944478587977726,24.467036303316792,-0.16170321797435744,0
3788,100.8003885425519,9.49742359987518,-2.4464540065035063,20.96727340038187,-0.3404849802042126,0
3789,120.40470913270045,7.571717434398276,-3.0369911750527936,14.780630588684485,-0.0422920453175768,0
3790,102.27987350718543,6.7969425418840705,-4.895102881055342,25.38837524556064,0.08216482853659524,0
3791,77.62087905943322,9.577756220471063,-4.335178200650811,15.849601305270731,-0.010935455607896282,0
3792,85.4677565388888,10.744815356533381,-5.8073669340968035,14.140610195034967,0.1535863246889794,0
3793,69.16252671958684,9.566960279863062,-5.853412848290641,17.94322684293452,0.2244227832529828,0
3794,67.04634494020088,7.733949713010544,-5.37475007627539,27.011384635502868,0.6614322337155576,0
3795,52.62110104740087,10.416162000359614,-4.323575385610117,29.739017118801648,0.2852385658608927,0
3796,47.50035820927373,8.843267251981429,-3.823119382932648,22.94090730347995,0.3552148391273928,0
3797,46.175222086275014,11.257236716413217,-3.227800258929007,16.441380420977342,0.42627977007526296,0
3798,12.793489508884186,12.828465751535575,-4.675040561993579,18.8506851988642,0.19059998976044298,0
3799,2.7440608829327573,4.721229765690873,-2.250665025335925,22.13721672115883,0.20313544266538458,0
3800,-14.538663989641375,10.200127733197267,-1.5083652167489312,21.835397448658398,0.4210623769674275,0
3801,-28.734896978240037,6.527194637120007,-1.8590599673135488,30.45114921434731,0.1792690410510361,0
3802,-31.069468713549707,14.877917956809288,0.6868436240700737,39.62154283614396,-0.1843972988841676,0
3803,-13.461722578451429,9.02878934667855,1.3914249829987746,34.70484077477547,-0.07996568103944302,0
3804,-44.26750985448735,11.403575119698848,3.0589147495744813,25.86750799833179,0.05705390606718852,0
3805,-25.63635951933479,9.761213228505179,3.4326166669498823,28.80688466881179,-0.38340389938318775,0
3806,-44.35247573918987,8.122121600861341,3.4724210439574423,30.539500299487987,-0.20881075732465876,0
3807,-93.10484465062572,7.756312822039225,5.457541863002677,35.72600078878003,-0.32539351798194854,0
3808,-48.7863584016643,12.619909369200833,2.6399160057540794,42.36666836931876,-0.5131468947590442,0
3809,-53.20266372135045,11.184942793113832,4.932455781502275,32.89005383130551,-0.33277047850863384,0
3810,-96.13504860647592,12.961572659908215,3.1698378867282986,43.623512869797665,-0.15169394666874836,0
3811,-73.9311800472157,8.963967682509864,3.7605967723619935,47.13738052095432,-0.2677121388623157,0
3812,-104.71952723600802,9.185428739782397,4.751015578229885,35.54184406972565,-0.4917309289094639,0
3813,-90.01554058044479,7.810215361120203,2.336930894218657,36.07179191404059,0.00945025897530008,0
3814,-120.71937855342377,7.4845859308927984,1.428372762670965,36.79037530055464,-0.12496150942558365,0
3815,-133.79850263983656,5.668985637933524,4.361293920319305,39.53394230983053,0.2593836824325584,0
3816,-107.1211326847844,7.595411189304109,-0.33159215490578653,38.042929067356965,0.13459815484841864,0
3817,-102.4739638294751,5.504964313341866,1.685594727034096,44.851111029377265,0.6759940617210377,0
3818,-107.48841398916515,7.605637088337294,-1.1311496958797158,33.266294941204976,0.242677039184058,0
3819,-121.75634747344789,6.683400375409494,-2.4395677960475375,38.90116485368792,0.524437175855418,0
3820,-103.63469340607291,6.524449571965715,-2.2274088386786097,43.767343526713866,0.46822928943909914,0
3821,-86.85622255164418,8.890181295671983,-2.225661962183115,47.00223950188664,0.32637407819488684,0
3822,-88.82373089761629,5.041474530032175,-5.334368881421457,54.14152893111606,-0.3330527531878915,0
3823,-79.08107614353,6.194563837303813,-5.157621289124383,37.21599865526824,0.11605755201154697,0
3824,-90.11200545342813,8.33662782509735,-4.074296288742471,40.8794700354201,-0.1638000439604103,0
3825,-46.48748985887735,6.388760283424348,-4.710774875313912,33.268551268831835,-0.2042696740693969,0
3826,-85.95882559949251,5.614345940545668,-3.7751693684268615,39.49430148782889,-0.08378733931888166,0
3827,-44.57383017443129,2.218842217814114,-4.045859179875502,36.624065571512105,-0.3353599836470583,0
3828,-22.03409370133671,2.808637793578937,-2.254799534249302,43.269063741868145,-0.7310729817967613,0
3829,-26.944294466770536,-0.7759400237159904,-3.224507426592592,45.12223180636809,-0.32002580728784447,0
3830,-31.138161646637137,2.365051677760982,-2.385686659680268,48.981335014088856,-0.6672877889906285,0
3831,-27.90818770654582,1.4193362013941435,-1.3862255094097051,45.49241720487924,-0.26229534173423225,0
3832,13.298214576867315,0.41820348050152256,-0.8827943541419263,49.66765776063868,-0.2111806301995568,0
3833,-25.890155077831015,1.9259118010610783,1.1049366796073319,48.20197413810115,0.04053633631018657,0
3834,-6.865931938939102,-3.043617298358891,1.480805988032749,42.75956621169278,-0.1178007543254734,0
3835,14.427346703838227,2.1436380127678873,2.969275040456881,39.77022281516241,0.0343875258142704,0
3836,56.74992731416569,0.18223628305351935,3.9759717760234086,51.376130453911834,0.32456563785742976,0
3837,48.89085306492773,-2.2537140670262885,4.189448275863818,56.92698204748129,0.43408393477601753,0
3838,30.8206223651231,-2.8957782831235024,4.842292644338304,61.588661711198185,0.4148310854952463,0
3839,52.360023283610964,-2.116475232167887,3.7367841779065967,53.786715646827076,0.7668195192434621,1
3840,54.07918048027007,-0.507681112390904,4.4140455696619565,56.575080566167735,0.4956115793936288,0
3841,59.306225917506445,-3.8089824425340315,5.827152874109908,51.75315104779105,0.3875726128380541,0
3842,99.48175158825072,-4.1769219741636645,6.22808370694884,51.09446979495448,0.10178043241016045,0
3843,58.07267852702954,-4.870372586951481,2.4931670427830204,50.258165217338124,-0.24613679492298537,0
3844,122.43237583641573,-1.771923112338976,3.3181253321392434,49.272968508313866,-0.11748688339413427,0
3845,110.66875443661728,-6.489762189730227,3.2070781951774223,52.91633599292828,0.10632010126582808,0
3846,118.82853828985296,-6.212658832830774,1.4747378358117036,47.33695258010754,-0.3259387812092231,0
3847,89.69035399146269,-3.613039074473759,0.6082003170386696,49.24173519080596,-0.23073326278306297,0
3848,96.8995020636464,-6.615809093134923,0.9253092083867334,44.10813458312833,-0.24755226424983323,0
3849,71.18630141206776,-4.988362439304108,1.0334790756518992,52.37161937271464,-0.3813255574626089,0
3850,88.30944924203862,-9.419537254063442,-3.5561637577975924,45.18052022330406,-0.40292327529156574,0
3851,106.64195012462447,-8.323070677955682,-2.6104890249144486,50.10376504625037,-0.5583414064186625,0
3852,119.68938780241346,-5.239348958915429,-2.7951295951420745,52.37655437662803,-0.28407282656150223,0
3853,67.68736350072902,-9.836111600587357,-3.166690504053186,52.722665905247815,-0.17449934637864223,0
3854,77.68519770670913,-9.040041219527627,-4.158921046214809,53.54994465785978,0.1128818790463631,0
3855,76.2849035451871,-8.45624459165552,-3.0692640943960394,48.505261265195124,-0.09091538523497622,0
3856,44.918227233706766,-11.157676636526462,-4.961794870995422,51.86152668342778,0.21231329470296434,0
3857,77.4563860754809,-10.19379674640717,-3.6397799756047924,46.83779854242167,0.4998838796072026,0
3858,43.28923728522403,-9.304301490672406,-5.361800184060916,39.236565651428634,0.34053177446978,0
3859,45.42367038535215,-9.575790756931003,-4.233119900929959,51.54285422453494,0.31674457006232926,0
3860,31.362019644025203,-7.22386170454686,-4.908415527949343,50.16456615822847,0.3158437045756735,0
3861,15.280093133265677,-6.7926065588606725,-2.0520977016627624,53.50009270518753,0.3515527072622021,0
3862,21.281409875213374,-11.653962235531615,-2.212941412915067,48.049008448812714,-0.17446572709462926,0
3863,7.25151971453738,-9.760677692556015,-0.790792581878243,39.88234246858787,0.021131281253894046,0
3864,-5.847585439321678,-8.651187515733183,-0.47230576846473216,47.143554034272945,0.21438619255847235,0
3865,-22.969681787037914,-6.958464600079406,1.4235041938014956,51.719119390210395,-0.06004542597171286,0
3866,-11.916042984340173,-8.520681640604723,2.1971509290203013,49.33198536475922,-0.17832021781225083,0
3867,5.0426347836506835,-9.317449165877635,1.6959577525482392,45.864903112055956,-0.7419399850289294,0
3868,-34.675076512816005,-8.483061604441003,2.5374678798920907,37.90900566363341,-0.5396925183717994,0
3869,-26.619151412525976,-8.360944444557006,4.091585913764957,40.706402750976764,-0.5196702110853407,0
3870,-82.94962131456072,-11.431979993418263,5.259822262858651,47.8140335731848,-0.3989133903047847,0
3871,-60.042628688285234,-9.03508672830635,6.76064013689639,36.67523471197931,-0.2209761673671245,1
3872,-92.56644641480327,-6.322948424825105,5.302974097950113,42.96497729880595,-0.16397862055531007,0
3873,-106.87319864308803,-9.453471687201796,5.910419747804309,44.285672281037066,-0.3520710435454351,0
3874,-98.06504553883185,-8.554760413249792,2.997479828214027,49.362969842272264,-0.20657324021514545,0
3875,-64.55046557354073,-9.051552601744008,6.1469296912949325,46.188014763519156,0.33764924965338294,1
3876,-73.61582236292085,-12.92569286035334,4.098494640306444,47.41465046684411,0.12761982125403606,0
3877,-91.05834132430046,-7.967507067946252,2.6627912554577904,43.577853548024066,0.10967017826858352,0
3878,-128.91635848851192,-7.095799566673799,1.6591523968432496,37.292697768076536,0.3821804251787471,0
3879,-103.55006695088275,-8.395821766496532,-0.2446097578614288,37.886008743381915,0.7530568993810779,1
3880,-93.95714576536592,-9.333137190454377,-0.9543439028600781,35.70919011212551,0.318627379120211,0
3881,-95.84803489451727,-8.420548519923791,0.7870359448311586,42.72842128633995,0.3856143912147038,0
3882,-134.6094848172465,-4.749787804878965,-3.05796030531057,35.6910254739623,0.22836903479914394,0
3883,-112.93830181343883,-1.936248789857335,-3.940297063162226,36.56109076280626,0.48620443471916525,0
3884,-92.86130489489236,-2.7048667700221896,-4.380432473794619,37.99859235506593,0.2200059132962188,0
3885,-76.38670159457138,-7.733189092328839,-5.4759367184218934,45.432588283897644,0.2006108373461081,0
3886,-125.69744687778828,-2.8973974768173942,-4.691452737253653,39.83669556348696,0.18005950896709735,0
3887,-78.862672962011,-5.483617633641677,-3.8592085053369,31.99713895047585,-0.571868163496994,0
3888,-65.84894907519907,-4.862076724016427,-5.6027051596218564,35.91668032507225,-0.533712652352306,0
3889,-44.12088886996348,-4.15250158106242,-6.210607156631253,42.695974298757946,-0.5469089159434903,0
3890,-39.04855894299391,-1.3393545769639763,-4.197644404004567,36.78351028878201,-0.4836503150734732,0
3891,-32.518249866727096,-0.34904252708728456,-4.018520469364591,24.971067403470233,-0.3890190525089813,0
3892,-50.99112318763694,-1.9740045335723313,-2.27527981316692,27.627663119916946,-0.537481907962403,0
3893,-63.625360981654076,-1.4460330540134452,-2.9170872044932468,26.472832698004236,-0.48734045625326733,0
3894,-23.544937523869255,0.14189579378201989,-1.8091349769267602,37.85223669974409,-0.03621037582162173,0
3895,14.286898146436169,0.8485834352283215,-0.7231549813100094,36.13381208829959,0.023412802672101968,0
3896,32.118905736047346,2.564990182998168,0.513601677613972,25.919098791754045,0.12677007283156572,0
3897,28.413888026276172,-1.856792004471667,1.0133307084265257,24.991643027125964,-0.22183829547563824,0
3898,32.600902489412476,1.2496402941311675,1.776494603589967,27.616974043625696,0.5738498802855184,0
3899,41.1781182445159,-0.43185280337888576,1.3130722085071702,26.924874324123717,0.4648069549944422,0
3900,31.698616116661242,2.09266212181383,3.304257101615508,20.887293152761774,0.4528826983252976,0
3901,49.02759776803725,2.2270616123145244,5.1367914888641,23.59038390413238,0.3353289288402099,0
3902,93.30214880312033,3.0640816525477517,5.647463678300666,16.69520132483806,0.3419378585628498,0
3903,48.7628444086054,2.028370849844217,4.51050512399048,29.442416626574584,0.21781163450691193,0
3904,106.92724979350353,1.1144853531488579,6.266902739274655,13.387523948275577,-0.11141981097242154,0
3905,74.4630853278755,0.3511776668270308,4.726476033026359,12.431467438630934,-0.00904316758219137,0
3906,112.87590252623255,4.717332425033638,3.015523071607543,22.554834674341496,-0.3127779165267413,0
3907,62.83161896485415,4.544883896743853,2.1256196238083342,13.278077483062916,-0.153123265913178,0
3908,106.37774061037095,4.468689754229079,4.270278755169764,16.032670428038927,-0.5066436751200527,0
3909,82.67018330210472,8.864792603509393,1.8313598201908945,17.920981319778306,-0.2412682175443016,0
3910,70.87292719903498,4.8844038982248446,0.05476071699608642,20.04220114707973,-0.7962903684253521,0
3911,104.33068040197081,9.804028268305032,-1.9765732950626584,14.614200334888732,-0.25925194997265844,0
3912,119.93239656874567,10.567705154611192,-1.1104060697585325,23.663096203141798,-0.3211498640617623,0
3913,81.63049457438868,3.7495780625652997,-1.2788395018166494,13.806761867559494,-0.6483580665738723,0
3914,66.35089425711033,8.148378781484361,-3.2830624719803647,18.799126547662276,-0.36173526861709193,0
3915,91.33369865751109,7.45655485686888,-4.437326858954993,13.268990213774433,-0.3908997096260083,0
3916,87.3303380700096,2.7040363541791015,-4.597255180070576,21.558568081373927,0.03820752551056568,0
3917,95.06383952950472,5.8887434730518,-3.307108926648737,15.21628392800266,0.43189476623749207,0
3918,97.2674668472809,10.556339435540025,-6.264297958394515,9.159792748550336,0.45114724576634,0
3919,70.48329656098278,13.250795491304327,-5.639828755890887,11.100998060212747,0.20120040738067124,0
3920,101.46157231118181,11.20065684109781,-3.714921790689522,5.663983170807629,0.45522536882017983,0
3921,60.873127758536924,10.201985712131577,-4.162683746729295,4.621994097401224,0.7916873920321629,1
3922,40.93341501854972,9.647594389334364,-4.023258414150164,-1.5345205279167473,0.6035023168595075,0
3923,6.625889492722635,13.166902766091535,-4.228822677610837,-0.0547270240028106,0.6675411907849427,0
3924,24.21108914018249,14.184874287130018,-2.785123727753494,13.29389071094217,0.5210514421448752,0
3925,13.049186168382429,8.776813630654743,-2.4764593860170354,-4.029865848059416,0.29643495460089875,0
3926,29.098062034345173,5.987757910216381,-1.8437311508842629,-2.2867114222812646,0.13255050725835607,0
3927,9.157842366654389,5.803624019361073,-1.0708744677053832,-0.4777763975026527,-0.24355823058807297,0
3928,-33.66209123457693,12.631034055823616,1.786440533843957,-1.311160967730704,-0.30223841101742366,0
3929,-16.511836600858498,9.855465136647748,1.895140405556349,-0.09001324423085544,-0.46381802008573425,0
3930,-16.20911343063327,10.25350741190326,3.1453004124986683,-5.352970302218875,-0.46278748009700965,0
3931,-8.465771760435377,6.218450567946545,3.744845454004332,-1.7780064388220955,-0.4466072998854808,0
3932,-30.273042805010366,8.181609413384994,4.653228256095714,0.7111193216863434,-0.520429857779216,0
3933,-41.32308110993456,8.961045373571206,4.408796314190866,0.33843448209378835,-0.4434362468593305,0
3934,-63.29025721453392,9.807828487597327,4.4471436983812085,-8.323807783798555,-0.29806060399867185,0
3935,-64.0333173919988,8.411636874574068,4.18231111720706,-4.918258772535964,-0.41983172066175,0
3936,-53.39964243521281,6.927820530811433,3.4531744101893898,-14.691181280157938,-0.06484448745591873,0
3937,-110.85222697343013,7.204489423300325,3.4206248160482513,-13.551046562418989,0.15843730589269014,0
3938,-96.15113875759003,10.939490972184709,3.6716532699035214,-16.789109642146116,0.16326246507973186,0
3939,-108.68851962763247,8.740331958892803,1.7674992302034194,-12.122774373671515,0.11358907459751721,0
3940,-88.7972799879745,9.182372043107573,1.187347791935777,-17.158998131066124,0.5342172878481111,0
3941,-73.95609603769152,5.84771551535603,2.7084253836250882,-21.43007537348756,0.5329911644000547,0
3942,-111.69543814193074,1.4061111980611063,0.920687226503945,-16.714809063886367,0.6128184230539119,0
3943,-147.76072411217763,5.917564000354689,-0.7528743015948833,-24.379963485349826,0.8049941876234002,1
3944,-107.39902232863408,4.863240145661176,0.9849929885432416,-10.047046135660688,0.6042734757355864,0
3945,-79.09438339188671,6.910526914349697,-3.869083142863075,-20.40992102533041,0.7003607304430348,1
3946,-83.84768309208062,12.384542906504329,-2.0909364811017337,-13.62797072881866,0.24449251112904624,0
3947,-82.32776457514348,6.789490905128011,-3.901474591713408,-21.939712352031346,0.052098889446274235,0
3948,-91.8744062304584,10.443647494062423,-3.577326558203536,-26.37109634621812,0.22000164005469325,0
3949,-106.37617889193884,5.669408142665268,-4.651870867614975,-15.427661383355385,-0.3542282030045206,0
3950,-64.20341913993205,2.820910541803774,-6.841721598351677,-21.762115519836726,0.08733947270356607,0
3951,-84.16421082621072,4.315129855789806,-4.884550672363806,-13.662557243751394,-0.1372889234940533,0
3952,-16.091685398798624,6.710143221747222,-4.456452560284367,-26.31195000890499,-0.4519526772058986,0
3953,-40.06128308703984,6.329689013519065,-6.604948735003885,-27.0766271655656,-0.25908937204104776,0
3954,-54.267915005995306,1.0349118641254962,-1.913939237931817,-20.690721287720578,-0.35214092959512056,0
3955,-45.63998145337412,2.2015139426765664,-2.83799824450901,-21.50832655006244,-0.6845888954894288,0
3956,-25.69464376633951,-1.6580642405612234,-1.6428875065983946,-26.641725692027453,-0.49371036539825697,0
3957,-18.811122171759813,2.3521291870625105,-2.553787273288214,-11.56336131200004,-0.14765397157997928,0
3958,18.270361715900897,3.3100671408530737,0.28432246237866954,-30.462035354702493,-0.028951518516741,0
3959,9.65740880010701,-0.2169858324155205,1.6813699256363193,-36.21445340490039,0.3501451368751095,0
3960,1.2326083655001945,-2.1305540253630912,1.819998411657914,-35.675871793248035,0.29040339674269655,0
3961,63.45169432009726,-0.5727361397289623,2.46917471418599,-32.82048857762945,0.09717627150485486,0
3962,36.15046953398128,-0.9520602834736593,2.3982624186072186,-24.624032346696545,0.3314357101529377,0
3963,59.71116861870531,-2.1142044711912082,3.7577122033863133,-33.907856194826934,0.6393466814484491,0
3964,40.89694272519135,-2.402885630146236,3.985530569640646,-25.890915887123374,0.132607708266765,0
3965,68.52071050656453,-3.58486997153198,5.413893156349159,-32.28060227598207,0.17684872572401905,0
3966,75.06544918913104,-1.7141633911614513,4.143327854306172,-29.753652213211694,0.3055673452125388,0
3967,37.947255947821816,-2.6931880812716305,5.510097483674228,-33.93835867347705,0.45246612954865756,0
3968,122.1859649628639,-6.581007051873464,3.861544826040187,-34.66731568269185,0.08693690677745283,0
3969,113.01545041825963,-7.073605151333703,4.005866147989987,-33.47473168468288,0.07399839593752877,0
3970,83.70945415686964,-5.986167537889724,4.281791002031564,-40.73166125768194,-0.16407510574697493,0
3971,73.14299486931428,-4.415048520271494,2.213336038691337,-41.32136198479276,-0.325316116573915,0
3972,104.72356022857534,-5.989193265211797,2.7027585237698433,-37.4243181422267,-0.5334674745094433,0
3973,101.11331143319734,-7.952484240842784,1.6584898522129483,-30.080086207572208,-0.30433659892729625,0
3974,107.1068002194383,-6.507359567879795,-0.15625394383453756,-48.08708649652357,-0.7505575588837174,0
3975,103.43993176363858,-8.038658810566307,0.2811083692391835,-51.110772462764174,-0.5292005874821799,0
3976,108.35291217228524,-5.944267108722203,-1.7631523253727084,-42.8487021505269,-0.19291095736452366,0
3977,124.81245229118012,-7.34806632942357,-1.6255296404820119,-36.924274731273265,-0.47694543348911733,0
3978,103.90878355996716,-8.933651460556018,-1.7124617181164323,-42.35332602668467,-0.508372599881665,0
3979,67.3092944043035,-8.108216014107233,-4.385577908956723,-48.97150849605087,-0.4758727029180252,0
3980,110.42705792616637,-6.1878922416270985,-3.9724529060166294,-43.226795215819806,0.2300359790013591,0
3981,110.03042352304716,-10.181942937661612,-5.544025336652892,-52.767083879285636,0.384147265884505,0
3982,133.53006027233297,-8.439461247544614,-6.032716368356096,-41.41994732611285,0.28801279348540604,0
3983,40.58553620223792,-9.564681194599661,-5.089475850755997,-46.554562309496724,0.19021072336249256,0
3984,59.849519532983926,-8.725223955287735,-5.95562172597214,-45.845671312927664,0.4630561506821895,0
3985,4.73690692938488,-11.019809025986454,-5.046525207779762,-43.70789445288638,0.731780106680379,1
3986,48.36546339586611,-9.597224455626318,-2.8695712392999724,-45.20535329132375,0.20186688075424475,0
3987,16.889359527783533,-7.684925311017713,-3.188759963341771,-49.31157891691322,0.5862175290547791,0
3988,56.594864989571825,-11.832516118678269,-1.0720557383517142,-41.79005853905507,-0.07906712718337261,0
3989,-7.274875197046461,-12.650351574068186,-0.5195513313189617,-43.30751896013072,-0.1052451495261546,0
3990,-35.55686723208232,-12.582518057699517,2.028446829979641,-56.47874555832656,-0.004731544292346266,0
3991,-21.17139466992394,-12.324003740806337,1.6908179876551999,-49.054638473364676,0.016579964501877376,0
3992,-61.11142531650382,-8.750152358478534,3.2233828019278983,-53.58179887193672,-0.009536440780979039,0
3993,-16.219394093297126,-12.685791739585074,3.3696476823484343,-54.77832368332103,-0.20928476297790652,0
3994,-81.8706038261167,-10.37845645232929,4.019439461613162,-46.0006587862313,-0.1645412534193541,0
3995,-48.921999527711854,-8.430228981515697,5.4652338529314015,-50.99145714180876,-0.46351048777842013,0
3996,-99.47509657618365,-8.693469307740468,5.390305730654411,-49.80827540953887,-0.6045119255136218,0
3997,-72.17381919199752,-10.134073222346045,5.164347696781332,-52.62247114773397,-0.18075448823241266,0
3998,-40.092172159232106,-8.793873120471172,5.195202896513769,-47.583089567178476,-0.044947939521139624,0
3999,-72.20966006307991,-8.751260723229397,5.364124146651165,-46.182379829489555,-0.0031864966968877806,0
4000,-102.36180806321633,-9.181454883236318,3.7984747215252224,-38.84315838128714,0.0783728335189571,0
4001,-90.53511331832713,-8.900236114498439,3.2218034370642585,-50.699745348248705,0.3834096660458452,0
4002,-93.47145224787634,-3.7321135115838757,4.6698634295561074,-57.117485443537255,0.3131834965301332,0
4003,-87.36239269521087,-6.288245128214483,4.288379473088829,-52.45544107148755,0.3585906571274279,0
4004,-126.16803332767087,-2.62970060650842,0.5779557953163359,-45.7412738388483,0.5933101943731611,0
4005,-88.00790169053113,-8.250090660043334,-0.13935662028798723,-53.86041025980191,0.5891939380557205,0
4006,-153.9777003163381,-7.0731229085999185,0.6738452018788027,-57.4084349627156,0.6721095449309014,0
4007,-111.5201127096621,-9.19721218682285,-0.914788356643022,-53.737499601013624,0.42581591118278483,0
4008,-106.73205235167555,-7.76553620255431,-1.6937714931193915,-52.60586426435452,0.5508111338536538,0
4009,-81.3753348519433,-1.9406554376442093,-2.300997173850192,-55.293030973440544,0.42428406418357223,0
4010,-89.72491489790312,-6.372271238577837,-4.138251340368123,-48.71299801280456,0.15665195946208232,0
4011,-113.52342951610642,-1.0600432507573458,-4.112088173236287,-50.096269850952716,-0.18503850668404254,0
4012,-99.49325728932764,-6.943489601074976,-4.557314028479367,-45.6335303016528,0.06731077291353105,0
4013,-69.4037516916672,-6.110722784870031,-5.843706026284372,-51.672421579685285,-0.5524298451143126,0
4014,-67.80949358484729,-4.223259419117307,-4.647086962272395,-46.4940878717963,-0.6039878764538883,0
4015,-69.99969405502937,-3.1964589323448163,-3.5036043147537916,-51.56734188676949,-0.44394788405885965,0
4016,-59.6392672965424,-0.7432758165624589,-4.665564087762034,-54.55598418727817,-1.001579747005227,0
4017,-27.204802008044553,-1.2019286021224835,-3.5962969588669425,-51.40538999919327,-0.16919187611394226,0
4018,-42.176644854493475,-2.444861408090115,-2.8101371848207077,-56.54452674441029,-0.4099501923450621,0
4019,-23.96128689115719,-1.383594225745149,-2.449218410658332,-39.25562844515339,-0.003214776451038015,0
4020,31.04441082380621,-1.2570283467566075,-0.5490664501583202,-47.208445712003716,0.17926316721994034,0
4021,-30.859392311691426,-1.9486029383668815,-0.9185716837868189,-51.60304896960871,-0.06672520380733374,0
4022,-29.430175320511566,-1.3953161249054697,2.0911095851500257,-49.20025562558725,0.38297013167773863,0
4023,33.19488806670123,2.935331421024485,2.3514021782139567,-59.23145084349067,0.040062893453276904,0
4024,13.691564034016004,-2.2800107788639448,1.6863824211065974,-39.45566988905399,0.4550918431204679,0
4025,30.36858806943308,5.104351829793476,5.114538358456445,-39.57435052774975,0.35719075784016147,0
4026,30.21209704894945,1.672288229211747,4.241801569887356,-45.330533742881755,0.63423805315575,0
4027,49.28313737029955,1.296007249610444,3.8455184584193685,-43.86373761248919,0.6703161651112672,0
4028,94.54948044132448,4.796189744188537,5.985656045852778,-51.37405499306091,0.41657066025943373,0
4029,86.09559951903799,6.754461080869701,5.493814471086739,-50.56712893238582,0.47219944940216363,0
4030,94.07186600891825,6.47719144646679,3.145924624407823,-52.617532232445555,0.4344126662611849,0
4031,54.50958613704762,5.692926705406825,4.114904859499557,-44.45751211361042,0.14334442724975283,0
4032,64.99013278537564,7.298525015142086,4.457338672619899,-37.85065457199568,0.4644484103043238,0
4033,35.53131571404853,2.114568984275788,1.3897775195716284,-44.55830289418483,-0.21605424312186994,0
4034,79.50259399808606,4.912803137221712,2.8640159918776122,-40.37309243078762,0.014127317560548747,0
4035,117.2454907119009,4.528136123298684,2.0557391846510398,-36.66989987105831,-0.18806251379986988,0
4036,109.89127691650286,9.177892845585033,-0.24257585994987085,-49.12044542570877,-0.851954742796742,0
4037,95.5683068202283,6.322980450850475,0.21720576658415774,-31.19158816905893,-0.20134106320473755,0
4038,98.99963920556227,9.124349558951527,-1.0381999735873926,-34.036119391735255,-0.2604490660430204,0
4039,84.12137881778679,8.830270317251527,-3.1874952952047426,-36.64063521545713,-0.3852595997964361,0
4040,99.46953676386438,6.339570196330943,-1.9475957770226524,-33.961320110219226,-0.2307114489382569,0
4041,107.21424508225941,7.175739024664189,-2.7859531888855655,-33.082673002476,-0.07512648375180764,0
4042,55.18306287676863,11.201892412009608,-4.52572498141952,-35.815942125880945,0.24769327088554294,0
4043,88.22359245811657,7.3063621624169715,-4.877874658948899,-29.463927674770876,0.03877718982516937,0
4044,94.78755483678253,9.32799440374004,-4.209786180027217,-38.18015342381342,0.5765103051353516,0
4045,60.98431605958764,7.711417414166973,-5.19668530121707,-32.90496363445377,0.1572520238865097,0
4046,75.75551247762766,8.823649997599782,-6.787726761524075,-27.888888495535397,0.103377025185097,0
4047,109.872866859704,9.510660904448976,-4.037052377052591,-47.22238574239121,0.6147609729070274,0
4048,42.79584841519798,8.164679731908105,-4.824061466095896,-30.83234858796096,0.7442172339288464,1
4049,43.60331843485451,7.912625840269305,-3.727560385962211,-28.641710355514622,0.4088578095966021,0
4050,11.473434857550005,10.484594739353376,-1.0736976925482344,-40.036606543144906,-0.09543713215857058,0
4051,20.094871662145717,8.27632660770795,-1.7584720257426238,-29.302366409665318,-0.06007542307803271,0
4052,15.745991507971876,8.373330359910582,-0.6509204755722564,-33.88477969031627,0.1848055567796649,0
4053,0.44276530836547145,8.120401821354076,0.8548693159857166,-27.125035228294912,-0.053739793816949884,0
4054,-33.808116356032315,9.821563590395936,1.834631320357373,-28.765236727499087,0.060470474253654455,0
4055,-19.11307264836789,11.818716273070077,1.341200053506303,-32.19173898159043,-0.30891500705366165,0
4056,-3.59027793749172,12.873480487723874,3.041084821730125,-21.070654034901406,-0.569834533768798,0
4057,-33.127301618518985,8.31305133111211,3.854879014895019,-27.85902445599962,-0.4204469269930411,0
4058,-31.70544387179524,13.945566244459833,4.655855958955191,-23.555300812911273,-0.29660788541498306,0
4059,-64.02157032312104,7.491484752427075,5.063384147858073,-17.4628403967158,-0.20231113747737167,0
4060,-52.02714994124761,11.500194048325342,7.561605798883148,-27.734896806201043,-0.42537542070579887,1
4061,-68.51392858176001,7.69857873954634,3.800002918156652,-22.220263653517673,-0.28428994301076166,0
4062,-99.4512549909926,7.18614958567267,5.759280484422475,-23.837327270540676,-0.009922294450133401,0
4063,-79.59271500040357,7.202192948976474,5.575359667124338,-21.81322742814141,-0.16869190909126028,0
4064,-110.46824783407483,8.328794263775674,4.322468295438174,-8.75536016706187,0.276885433215126,0
4065,-107.05751142043474,9.314538573692932,2.4643919582342564,-16.327549733375168,0.22005301275977784,0
4066,-93.43571847884381,9.194852637238508,3.940224861826265,-16.11166439423487,0.3644742248174824,0
4067,-93.1283649284854,5.648035159998284,-0.8462958246697025,-14.120318115922888,0.4593452758673034,0
4068,-123.71895830033114,5.218739156635807,-0.3210977443615221,-13.643887577195006,0.522964472168503,0
4069,-78.71714159620672,5.008841490242192,0.5358945296042104,-23.972366475874026,0.8736400853900652,1
4070,-87.22214226804347,6.246369483623621,-1.9785090435515267,-2.401670622572798,0.3470746460063288,0
4071,-110.63644659367033,5.659557164747894,-0.9204209574934503,-20.243944290360588,0.26797816823209764,0
4072,-124.20856932654591,3.775111029126462,-4.836837987448999,-3.2905786076459407,0.5200340690709074,0
4073,-92.33617030904952,5.796077222369467,-5.112724314555066,-7.890145125178819,0.17822776741984764,0
4074,-93.44452261615393,9.35027589502958,-5.048357577355334,-9.098606929752025,0.09342781379879907,0
4075,-76.50585647164522,3.371915465992397,-4.435349766879035,-10.548206103498648,-0.4101392923397219,0
4076,-79.48698564024546,3.0595797743460698,-5.217335041317254,4.99035052187376,-0.28057753655367207,0
4077,-105.1081315838064,4.5813691208859515,-5.429132548947261,-4.024461369441686,-0.26409860332333546,0
4078,-64.81122628756039,1.8712026482960677,-3.2648635592813235,-5.967107112733021,-0.6192882268248657,0
4079,-54.67199523094915,3.8460829152140703,-2.731555178361968,-7.738077088652543,-0.3736849900915489,0
4080,-26.916526400634588,0.5841181795698314,-4.049885322572829,-7.34169640067423,-0.5106238814682051,0
4081,-44.1883066105089,5.1934404932721066,-4.590842633257708,-2.815465984105632,-0.5272284847209954,0
4082,13.016605472839732,1.7229267014890204,-4.169268562625756,-6.722873174125894,-0.08834093983384533,0
4083,-48.91687625433754,-0.7050765673803316,-0.8230010174005262,2.327887343659666,0.06976080294789161,0
4084,25.518859116273568,-1.1421586384173712,0.585508286482483,-3.298661479602381,0.0151791144733806,0
4085,4.795743183774166,-1.492207358703126,0.9872027592526255,5.954274360369138,0.22777326354875344,0
4086,36.367689588557454,1.782220143072299,1.8111040402013276,6.842008339935031,0.5384549565960132,0
4087,30.47429118847149,-3.9970448444589453,1.960246820916606,2.6506960801434745,0.3059102282469837,0
4088,61.083099550314515,-3.288041713048109,4.192323087852471,6.827017556673368,0.5318028662031232,0
4089,39.575875966523704,-3.5632156495870557,5.847059816768834,8.07338773644224,0.42061995935309554,0
4090,33.90899625708193,-2.952908167190079,2.4173280362715346,-1.3959966371614723,0.2855242372044572,0
4091,92.29143148469066,-3.938087007830448,4.837284642837051,15.565853385896641,0.35791326981291344,0
4092,68.97339250999615,-6.844170773655765,4.029080598625431,6.61763404197827,0.12045924344593706,0
4093,82.32399802806246,-5.117555689768659,3.394294614851519,12.360025915515997,0.3083064396249203,0
4094,108.45941056943558,-4.962414373568582,3.445376408263627,13.482528893812898,-0.07343088601856392,0
4095,68.15986526052248,-6.45300556014635,4.463211947868762,-1.6049667620279795,-0.34783161245364175,0
4096,104.8561359128442,-4.243766476401139,3.833890285658928,8.532043136090703,-0.06319369338670791,0
4097,84.36708180335961,-4.184967793304991,4.097904302862946,16.987777108067135,-0.20060102265412028,0
4098,95.7794001306913,-6.5719689220860324,1.7499330944176885,14.061324996486823,-0.4965631389588363,0
4099,101.14276890633703,-6.329488572903645,-0.9829492946820899,18.15353923262642,-0.3457881506228456,0
4100,69.97101336182433,-11.471087072376186,-0.4596840807632648,16.12327192888018,-0.6601148262213177,0
4101,83.67804907165346,-8.3317152384941,-2.5958493985624633,22.75483029455591,-0.541261209290818,0
4102,124.56386606193382,-5.801681053373219,-3.3560042355209303,18.117930024554614,-0.31153650870431043,0
4103,112.5792387713395,-8.960488102932937,-2.422705158784748,25.601026452760735,-0.07734104266245548,0
4104,89.9678662874248,-9.870148977191345,-3.5434085126984685,14.505866483340853,-0.2263102152329587,0
4105,91.53692317901913,-4.1012737684747345,-3.735343128496969,19.685475277545304,-0.121342050666964,0
4106,75.37737757713089,-5.2578861155199785,-5.093380147747895,18.26621483829689,0.34219651277633734,0
4107,102.16972377016214,-8.178044078050805,-4.169531431881204,24.077437055818706,0.40307308072904896,0
4108,64.05707740966142,-7.029747848460542,-5.399895608921743,21.633107657820087,0.42006176205705714,0
4109,65.04696944256581,-13.930551000352132,-3.697445864629255,22.761856821553312,0.701456235841434,1
4110,75.07313109099422,-11.201202374698754,-4.105201625337403,21.259012863243477,0.8879911426372051,1
4111,27.826408296992042,-10.689374333235191,-4.115148201695763,23.342671209886934,0.5605934056683558,0
4112,65.33755441785459,-10.320409309022974,-2.9985633927464868,26.44820939241016,0.3147168186770837,0
4113,-6.000857853672247,-10.902711683832079,-2.4030235032815566,17.23551538898059,0.4387831017090163,0
4114,47.4019338747209,-15.072448864113898,0.1315262617341988,16.665131765743286,0.05165405204789994,0
4115,-2.591667059859205,-9.224993885682006,-0.2401718893126273,29.29012145366861,0.3211303784973277,0
4116,-9.987954914938326,-8.909394307107506,0.5111082762116154,15.957352242085973,-0.21706894581962582,0
4117,-52.87871092902799,-6.76757787083122,1.2521199858164456,29.634446113679104,-0.25794915695256804,0
4118,-33.96826993715211,-11.49774362826052,3.252259005962261,29.499021466226747,-0.5098470726905663,0
4119,-55.21385773919356,-11.586403413045067,3.939409860149948,34.86715887830062,-0.39829015537436196,0
4120,-55.772115002796056,-15.106388003183037,3.6512470564434487,29.55614453149288,-0.4448143007019395,0
4121,-55.13103987891815,-10.209533666463424,3.306558438185914,41.509911115274676,-0.3497374717081161,0
4122,-41.471208930548705,-7.672106404450686,3.9194492496506776,38.63578799094701,-0.4397910522258258,0
4123,-64.11142949362119,-10.526114773473166,4.804257587308697,27.552382291661374,-0.3784962265903008,0
4124,-69.06435246291022,-4.820686891579823,6.305477803204367,34.39695441486932,-0.39191927993901,1
4125,-103.33111006864108,-9.402999481638176,4.476901819027016,44.145118678577724,-0.19904996806134076,0
4126,-104.42511190155864,-8.355838628072203,3.715029288922825,33.69693699567768,-0.27233551593044936,0
4127,-55.35746043497825,-11.114422691151892,1.9587157084937667,37.581664919751375,0.4324568152387378,0
4128,-109.64535342776637,-7.53120300015144,4.494976443238198,45.512656500345265,0.2685947734349455,0
4129,-64.47791720862328,-11.761450552831898,2.6936027342182003,36.419536322722095,0.7236554171825488,1
4130,-104.14884800177241,-6.093079361942484,1.979024054493765,45.35226140128085,0.44404103627762226,0
4131,-99.93535795654728,-5.690585935916319,1.1559785943362042,35.78631657077232,0.11872560079411731,0
4132,-78.26832786158299,-4.061981568561184,-0.9669089792397143,26.481064228060692,0.3953876743627517,0
4133,-72.936371056943,-8.444676103823452,-1.6820770742600137,47.62823184813495,0.42789593405166604,0
4134,-98.30613644782392,-5.69178016760459,-1.172123257106961,44.229118572387506,0.3461687432274615,0
4135,-100.61031368895321,-4.4784078937875815,-3.2691270835081876,45.09130923805663,0.34339289464802925,0
4136,-89.79174789330692,-4.300602161299217,-3.5116763526828327,37.61969156656985,0.09914603076522893,0
4137,-76.85607997155165,-6.4819282004158385,-3.7157223617482473,38.516526874566985,-0.1524348087210296,0
4138,-59.895592668136274,-9.08958179176425,-4.247572947891777,49.8168242548074,-0.4098430134425324,0
4139,-70.96693589562534,-3.1552239786794694,-5.127935679169272,45.744404623081344,-0.42966486699922374,0
4140,-51.2937503530501,-3.688049632029617,-4.943587667270709,44.3870034757738,-0.31791140073370483,0
4141,-22.888040561762054,-4.041841300463739,-3.8462663040200415,46.506843635580424,-0.3183612247002767,0
4142,-39.456713142537275,-0.8987894906722296,-3.377766229378497,53.35450425884254,-0.6322682161707299,0
4143,-31.8070816212986,-2.0286339612199766,-2.3498011719967673,49.82185984799003,-0.25911066035858515,0
4144,-58.99550410484559,-4.084453679746959,-2.190948564756145,44.20315407829982,-0.2685742925794906,0
4145,-71.523104723169,-4.812622435864157,-1.2601350085478762,39.913272181108056,-0.447523601875204,0
4146,-1.2432742839921005,-2.7089248713574365,-1.3436466736769541,50.20654005846949,-0.08435757323943803,0
4147,-0.9195275524163932,4.834873026000409,-0.48345846612261745,42.96308508049049,0.08860590379263596,0
4148,0.6592880845607247,1.9941266662386454,1.8695314374618048,41.96866179427617,-0.0511938579032952,0
4149,25.694072021168946,1.4241513371250953,1.462514376055366,54.73776218525432,0.022565681814029626,0
4150,29.275858499777286,1.1793415622010759,2.8826003422574296,52.7802517888,0.49536718559735526,0
4151,62.39541785994832,1.5397584449378536,5.033181024905725,50.58649284888275,0.380273641625287,0
4152,50.51984373532592,4.855731898569071,5.479904775355845,42.68645549474449,0.8019901079517471,1
4153,42.329404439274334,2.0206420183207277,4.996493788153568,58.02559796260057,0.8275988688041569,1
4154,84.96923706219488,4.628664873342505,4.646772780216914,54.40480503899683,0.5184199210716756,0
4155,68.07021667186709,3.2422734507602424,4.870682534868031,47.9030277381694,0.5171299066538895,0
4156,89.46697258952261,8.273902142463879,5.713773201279696,46.98727960739395,-0.0044194345399690416,0
4157,75.12272073110744,6.321643737340552,4.468466162873335,50.078027948340846,-0.21035549385846108,0
4158,76.56308909131792,7.7595680472313315,3.4259366715399073,47.39551168346966,-0.1215908735517075,0
4159,95.23683316476473,4.51785417188134,4.520409204015194,60.928986196274664,-0.4916170565444351,0
4160,96.86912785850993,8.206951527045447,2.674904622744923,48.00423871336671,-0.292844562520445,0
4161,108.30286140798815,5.85430650548392,1.0053185169473742,44.63465831724658,-0.599519539116903,0
4162,94.44093041900214,7.07211777954925,1.0876921364436858,57.93835509191191,-0.4535526646347436,0
4163,63.19686764431689,10.477603696480987,0.5818789511566445,47.15317191539782,-0.5312066919699818,0
4164,90.38039527229796,5.459403447997637,-2.37958220065145,53.91283817820861,-0.32969974024101645,0
4165,113.03451820573382,8.270035775821574,-2.5002390351066643,53.319840615192184,-0.3116487112313154,0
4166,88.36213108956233,9.038482826418306,-3.38265929981999,49.59233078403597,-0.3437785226884393,0
4167,85.59117756080357,9.481011137312493,-3.3948581126521367,44.94244227485885,-0.3992559933146633,0
4168,105.55113428209202,7.796865345903592,-3.77293275989719,49.468874216942645,0.055555877034806224,0
4169,66.03137708837603,13.106652934313281,-5.338599697984143,43.74296282178339,-0.17886825262528375,0
4170,43.059975022691155,6.557620703593543,-6.4712140680912285,49.33632279624981,0.5502694541201458,0
4171,63.61007011886394,12.2557510458482,-3.9395256380031407,53.16168089146901,0.5113641767479148,0
4172,49.3781963513152,11.935267186530382,-5.885940147985243,57.70981738823833,0.6424325461596858,0
4173,31.385607110979908,13.450311371558987,-4.099475981374125,43.485167263778294,0.3059510185422395,0
4174,38.34513962970273,6.591361102318949,-3.9330619649417096,47.45604649692105,0.5523843221482572,0
4175,42.406818503108326,8.125019380068618,-2.917520933695461,45.84872808280434,0.28618650250864475,0
4176,22.789435463797037,12.916783960780878,-0.5848261611449284,49.58653591139184,0.3501866522142217,0
4177,19.28376861515434,6.224207948153578,1.7352708480188395,40.334566169510175,-0.007066810456230199,0
4178,39.44990962446028,6.785816351237441,-1.9514518824170008,43.00688688866866,0.03097354123686395,0
4179,-13.670004135030577,9.017574847656157,1.6635662123064905,38.87765026239737,-0.37726018559608987,0
4180,-11.171569251276757,10.348653994905613,1.493990910607131,39.814808665802104,-0.27370467849413666,0
4181,-36.68167825836947,13.094686084994347,3.6028820146358154,43.353938810149586,-0.6891291693586885,0
4182,-52.9187210944465,9.46050319917865,4.315218511134584,54.641675425383376,-0.0972040315639302,0
4183,-56.824180017840916,8.51078335658438,5.436757089634818,47.637885039671794,-0.461023887035071,0
4184,-63.38481428810489,10.221955063508501,4.820489773352303,45.81912297569035,-0.49439936158213965,0
4185,-54.76609465057874,10.386288751290225,3.9736438855676486,51.804637529654116,-0.3184898121986558,0
4186,-22.501022630032352,10.153883206118277,5.924684122172105,46.54623333517347,-0.6312006268712643,0
4187,-90.6360882966302,8.716565242500534,5.049630470764785,46.55631020344971,-0.41195686514735175,0
4188,-90.71789044298806,4.940822907932804,4.43577929980395,41.32582625481959,-0.011211669685941214,0
4189,-88.89484182522772,6.7720977565919265,3.7452251407256942,40.009349940033374,0.06373944278769789,0
4190,-84.08780803196562,11.182692662648806,4.611315246096969,36.12812228603353,0.03358143449371259,0
4191,-90.18490080285133,8.430258093653928,4.4481606610095845,39.149001587390416,0.43732696408759497,0
4192,-72.27236922921864,7.104909600075503,0.7758372556624327,40.205663512294045,0.47098293452800405,0
4193,-148.00176774769884,9.66075370712885,1.6409555847519304,42.76906372810241,0.5776039006184492,0
4194,-147.73825437947156,4.820088942769571,-0.3461947628446801,40.28244768269221,0.5779322600207104,0
4195,-109.44378753731662,6.267834419049978,-2.4349351045418404,38.04547723961428,0.3425339498728122,0
4196,-76.11235433561185,6.615463148019339,-1.77523435604905,34.70107782228273,0.3997039306433956,0
4197,-126.92368600775342,5.0627604182133155,-3.6346938708030514,40.628029373176076,-0.057538282355931336,0
4198,-152.3604286954243,5.737749465539883,-5.146236031703393,35.5010462068223,0.08266867644412426,0
4199,-76.45994062615063,4.737706675487318,-4.974885841024896,39.10114504641152,-0.009782151402693992,0
4200,-77.80802795662584,1.8784990878558392,-5.678414377992418,27.09315545569693,0.015579238842796758,0
4201,-98.45686130264548,4.59254106515458,-5.569416045221686,37.654311998112675,-0.14659366658789483,0
4202,-89.56911754494229,1.1147100758115593,-6.324448322870556,39.00504247399222,-0.5164480481451463,0
4203,-81.76083099047935,3.6350456964390006,-5.270262425698617,37.65235630066124,-0.6051841959271851,0
4204,-52.03974129268418,5.576231063931978,-5.270573773868231,32.84147250084219,-0.23303166891643523,0
4205,-58.11919167017832,1.7829885646998416,-3.6822269451928444,37.658509249614134,-0.5531260798218842,0
4206,-26.598497223986413,-0.48671712319763816,-2.8030447041646886,25.960733976627477,-0.4272539743753279,0
4207,-84.09470445934353,1.1088480317007567,-2.339766908805912,31.110179003933272,-0.20860734241599088,0
4208,-34.391807332664236,-0.797950386080116,-1.935041312577208,29.807289199733496,-0.26444745916181744,0
4209,-29.856044118704045,1.556013478730467,-0.9939482563058284,35.162016229348836,-0.13956719063076628,0
4210,-2.468684793644736,-0.4288956757434357,-0.5713560336435229,19.071309902742204,-0.023232007689084067,0
4211,1.863708134248835,2.787026894695172,0.4393705325777437,23.06521601562634,0.08353105837160416,0
4212,38.42193196963815,1.1954790744066126,2.892687450148582,36.262865530544374,0.34288107752353447,0
4213,-5.105749411118531,-1.931835972685386,1.2788275191366458,14.533517472716975,0.05068721987048669,0
4214,42.28620259129428,-0.6855683337770444,3.6861151080319834,29.907530371506326,0.40674924985042543,0
4215,61.42506952905309,-3.3890799302760595,4.02144888764457,21.47250329932248,0.6080301200562455,0
4216,95.77109306548188,-3.014008821479157,5.349027393977775,25.376391411415735,0.5610614224930363,0
4217,56.796735226802504,-4.276403262923973,3.5404373164228526,30.290888861219827,0.6923354891903508,0
4218,80.0513699196156,-2.4833532424071496,4.99552721836997,23.797821164940487,0.4747679633236935,0
4219,43.88007600090177,-1.6029803292960856,5.144969727725848,28.605331244004077,0.25864910214434633,0
4220,37.71443455598233,-3.313182124122344,2.5247530374123603,18.06322322693796,0.036632583788800833,0
4221,107.19045007026685,-3.4958533527050797,2.8060655936017023,17.808182908341312,-0.20926441519672495,0
4222,94.02296317576145,-3.909561162063131,3.0848139838727695,22.61952712425404,-0.15562507744306642,0
4223,120.60307183826392,-5.054631600505538,2.8603198321660632,15.556941393844879,-0.3070091598569722,0
4224,71.49388941338115,-8.821841520201467,1.6047068187658944,19.802502014928322,-0.5287883254637192,0
4225,110.30032406995144,-3.511097154217968,1.0019974184301645,21.789741523271886,-0.669026721529487,0
4226,137.2207816056142,-3.6567105306834695,-1.6360966219713562,19.261007165896203,-0.5036332595037545,0
4227,107.18306798887257,-8.067623335092213,-3.121546900475282,6.0673995911453265,-0.21517804379078748,0
4228,102.27805036925578,-8.656596200894379,-2.3632554249474285,11.292103660239887,-0.33783002095694353,0
4229,93.90834805853044,-6.9859294278584905,-4.494494632964853,13.440020663170461,-0.23553780657359352,0
4230,58.37381210293446,-7.384156820792434,-4.817673001185449,9.838429059269702,-0.01638249857136445,0
4231,112.05994836324626,-9.143494349218031,-3.5497138516445936,10.47734232762902,0.14447307932723885,0
4232,67.03960802818831,-11.471628789407305,-4.643851295509656,10.574449414773119,0.2429089161383849,0
4233,82.86278977184945,-8.569726091864174,-5.559379904115422,5.4811990056367215,0.31237839445181814,0
4234,34.30167732681173,-8.264858352400253,-5.648565861432834,6.158543615084363,0.31816943531920133,0
4235,34.107331518494526,-8.079277638109607,-4.091549975343931,0.2294125852708495,0.6822885663098548,0
4236,77.955949539551,-8.971700558686415,-4.074566403097906,2.7517717460132327,0.41444163256122357,0
4237,33.373700821741146,-10.327711890255426,-4.904269070840211,-3.488074201761246,0.7881677467434559,1
4238,60.047939587445896,-7.888214396852241,-4.893614060424377,3.7304823497939212,0.4361274230243271,0
4239,19.770934151320628,-9.81057296031169,-0.20262702911730224,1.183308751225288,0.31114733460989147,0
4240,-25.362468597116603,-10.91331696669716,-2.3624470205869255,-3.428995124788197,0.3211056466412703,0
4241,19.342119114785042,-10.361025206529607,0.3776366931403635,9.076381164994078,-0.10813248424250774,0
4242,-20.286794145828345,-13.482909923505161,2.3565235183779816,-2.0769341398360286,-0.011337303569173063,0
4243,-4.420067670984739,-10.321736696580498,1.9555979547793412,-0.4167309102970891,-0.24040950106762987,0
4244,-27.61073753267367,-8.521773251158862,2.0976542394733593,-6.041540587423201,-0.2951010839281173,0
4245,-68.41751504884982,-9.135732028702627,2.054568033738466,-5.917854687456346,-0.5941113911759803,0
4246,-43.334212139489665,-6.666088375617518,2.6843714795329525,-3.2202486555477465,-0.6352442020835123,0
4247,-11.294788857702692,-10.10122171193104,4.980415709216121,-7.497835823004884,-0.8580469898600975,0
4248,-53.4069342743863,-8.444567527108276,6.350500205347835,-6.811993799300278,-0.5339793995108217,1
4249,-71.83229066074527,-7.65409239070684,4.604539251702059,-3.7835862035568617,-0.45592545474944335,0
4250,-55.88410918127465,-4.351143496865325,4.3454181965222185,-11.393911895023617,-0.3672933592640041,0
4251,-79.11338447380015,-8.522023863847311,5.304367127863852,-16.447137235707167,-0.11586036862321808,0
4252,-84.23927235047017,-10.652602238306928,3.443024153101198,-18.39628868795375,0.06942300659928038,0
4253,-114.48210067792505,-6.599637298826968,3.7609306243133935,-4.5471021343057805,0.3008029205889161,0
4254,-91.2665528482857,-4.274572601755448,2.746731808106888,-8.053198327636041,0.4403555092730224,0
4255,-77.56992529424703,-8.341646343474801,1.4061079033072406,-10.39448460556763,0.5544087476033575,0
4256,-116.35334770386893,-5.685670091115385,0.838302122793079,-16.812828870992217,0.6219857274645186,0
4257,-71.50000822042527,-4.563245557349541,1.6212167982481012,-22.25119396585876,0.554609269098716,0
4258,-101.18279883698094,-4.621890981487675,-0.5275194570696919,-17.94429693793122,0.4819898818809937,0
4259,-115.47016313975577,-6.023588837316931,-0.9845373248472464,-17.939942791298332,0.5860949922961189,0
4260,-75.15189221479086,-7.274653714624698,-3.85791326222086,-24.06432229762001,0.43250589724767385,0
4261,-97.27992624828752,-5.628574405714387,-2.5882861435380016,-26.680876177974262,-0.13521861610111713,0
4262,-71.87857376155989,-4.123461321792284,-3.6433268890090766,-28.90245551351777,-0.020454466295644895,0
4263,-87.55891075121725,-2.7862650707769365,-6.209344858676472,-17.874124325562182,-0.4949081641593622,0
4264,-76.75857099452644,-3.485363534122606,-4.409596605711314,-28.089615467117913,-0.6351608857211131,0
4265,-58.77416304776615,-4.453232103259764,-5.5049835983280575,-21.40868107995522,-0.4845160112482016,0
4266,-55.224863175905526,-2.113587781005247,-6.380831556328727,-25.82845875600279,-0.48632232860370744,0
4267,-92.74095760721974,-1.0270486924195572,-4.355813262382197,-21.76546128457651,-0.5823869478385315,0
4268,-66.51485135653377,-1.5040038333310695,-3.4182812402297174,-23.898834477282325,-0.8451523180304863,0
4269,-16.320898943760096,-3.4459464122900823,-3.1196845861338214,-27.591719493474088,-0.2835336953243776,0
4270,-28.022152328350327,-1.6422994829019988,-2.563983948125547,-26.62326818432321,-0.48938532112061506,0
4271,-26.070785735667606,1.1134369612929151,-1.8711164723176037,-28.65980890814871,-0.12847992995040475,0
4272,-32.82854744318839,-3.049002282970811,1.9017872197826877,-32.0062142987499,-0.22038147429446409,0
4273,-17.256177476495747,-3.969377514916797,-0.7491230086399135,-24.83884339191821,-0.03461156574092425,0
4274,-26.14515711011696,3.7325470921768016,2.2873353923470785,-32.65250955263038,0.29526191054980944,0
4275,22.07467894873642,2.2368241835599707,2.354415211762799,-31.75706053573253,0.26367890277271544,0
4276,21.700217180413453,2.9220316082360496,2.3158563259644303,-39.17157561452752,0.4628017983024425,0
4277,23.56947723490663,0.04524504642024896,3.826863606171633,-31.486029456675126,0.5410621848586664,0
4278,50.34237785442453,4.158746458755542,3.0327753507518693,-36.65632075837232,0.2136921578835725,0
4279,67.27125254455679,3.7122912169169235,4.204223901708226,-36.72137544811083,0.5636115786136925,0
4280,109.54337350752502,0.46333935806681215,4.935436839747806,-39.25492144138173,0.20765681360928204,0
4281,44.453091066416,6.941683919516768,3.4152795484622835,-36.383061981606176,0.06479267034704284,0
4282,104.1434395390259,4.861375654338703,5.258810026674622,-46.48710066749216,0.007873142898387947,0
4283,105.87402532890387,4.19137533503104,3.3852330415985565,-33.72002896890342,0.16859513452153302,0
4284,75.42291467553275,4.654641772518908,2.3204590487945755,-37.98736211749972,-0.46238138490909986,0
4285,98.75297433495176,1.7937317155599803,1.96456328220911,-40.777573349364154,-0.14740095922279903,0
4286,88.27298229003058,7.409845581978999,4.372342406905998,-46.81402982596169,-0.3201857877330395,0
4287,102.90336605575662,7.130328963507989,-0.7178317379923878,-37.523645588627176,-0.44905799132018837,0
4288,130.14509224607366,6.585383354936209,0.7099581624034959,-43.46084428409367,-0.44897678430596843,0
4289,111.84868218440602,9.880012877794112,-1.4751154678781135,-34.34288444755677,-0.5462073812119208,0
4290,108.68627583591133,4.886519475796817,-2.04207880636024,-39.00948752078029,-0.29799556994666965,0
4291,87.70115240520074,6.77275600441657,-1.989038411594532,-34.31899154223227,-0.4272231292782405,0
4292,63.45716484449872,6.558436287370771,-2.835795825859252,-41.841811086858506,-0.5437989577287028,0
4293,84.86928618325462,7.972372846014865,-4.733783058248155,-37.65492869262235,-0.09164030201947898,0
4294,108.1815209799432,8.915092400043859,-5.91179897006233,-41.23035143648735,0.2335128515409084,0
4295,47.67691483853749,9.868423132864553,-4.251169703177966,-46.28186078645956,0.31454427622870507,0
4296,50.507847593115386,8.520176616013051,-4.445985679252964,-43.556040501009754,0.7026051113218061,1
4297,66.80885286616049,7.6421089787121375,-5.209115621963173,-49.109362550697554,0.38232875164090113,0
4298,36.62196616523781,12.928044118008293,-4.211674803788749,-35.024899505200835,0.4553819406499914,0
4299,31.93347515773568,14.514635272628272,-4.643396631329679,-46.284340756510474,0.4518866352642658,0
4300,30.303413329162577,10.089029563336275,-4.401208922050779,-46.04187089260974,0.30976864288035066,0
4301,2.067046914484745,8.375495780523226,-2.804322449502106,-44.597431630945664,0.29534408697294356,0
4302,0.20741890523576245,12.90184758047693,-1.4114077169704733,-52.337907825854984,0.07230366411002243,0
4303,23.872140465742273,7.094435743615806,-0.6663854467430963,-40.633385293981995,-0.3136064316704325,0
4304,-26.328041366205355,9.330449271476594,0.5272272227603079,-52.68505272773122,-0.11875423381529332,0
4305,-42.12051131072279,8.594813000902146,0.2504657520622826,-54.1148992093883,-0.14564889216631513,0
4306,-32.644445088554065,7.63006476879686,3.5455986741010372,-48.97016550431969,-0.15840931227546656,0
4307,-15.085439846962021,9.32630851169293,2.495722396172277,-54.794777596624776,-0.5084731953997051,0
4308,-43.04659257943155,8.070523183298558,3.4804270817169574,-40.82997342285114,-0.5798057492618316,0
4309,-57.39262873264038,9.712194568851105,2.89843186926912,-50.01512322643346,-0.292807910201807,0
4310,-55.72607260727832,9.605046105537243,4.472855685544618,-65.16983115015856,-0.7525357059864505,0
4311,-99.47397773631513,8.147962697265434,5.462524607441976,-48.24701290998288,-0.4628850199160487,0
4312,-61.96723605363638,8.4660621304215,5.759818532921066,-46.64228936040399,-0.144277597956122,0
4313,-70.77615370478073,8.538840679951935,6.427042810190727,-51.66028106176244,-0.3529196318179499,1
4314,-92.43073396441565,10.391183850998706,5.059174854671566,-56.45606488652597,-0.3745835346659424,0
4315,-69.084040555459,8.2236618784148,4.308737827782349,-50.29674480140375,0.42291735338117364,0
4316,-115.81913687810568,9.89765624959857,2.9176780686857753,-52.27243559439692,0.3835459592510324,0
4317,-73.84580397706286,9.126994486305819,1.9002703251211366,-54.8055214992892,0.5119188105193082,0
4318,-95.48564273368677,8.785661385946142,2.6281575181304015,-55.29057049313239,0.4192480336949883,0
4319,-106.4931660750197,10.086420885993345,1.6387820251751002,-49.21406172885632,0.6174544879904015,0
4320,-100.34939514779687,4.7218031239572955,-1.3869152516582999,-45.48392937288449,-0.00023988255467283226,0
4321,-101.28833935031187,5.646676771776312,-0.5720660511555977,-47.675118137431824,0.3744175476430044,0
4322,-72.93790317574513,9.735619512060529,-1.5784036150522236,-58.58663310444173,0.5741707111001284,0
4323,-116.10503603847864,5.294848516171378,-4.1873668430377355,-46.81308228122417,-0.006103988359866419,0
4324,-106.10480395485108,-0.23482693484737993,-3.2553387481969045,-45.95197521264896,0.07041331382377199,0
4325,-65.50353968944498,4.561936945051435,-5.416253217058065,-42.749809413398815,0.05281626838108897,0
4326,-92.65389695873104,4.797788781196551,-7.192824111355673,-54.35179318858524,-0.31519857119778727,0
4327,-56.439378085769256,-1.1575978406819063,-5.130550988973254,-49.74958856502958,-0.28995094584985825,0
4328,-33.42428116348217,6.28302889934871,-4.721395202086238,-46.47338910616634,-0.32133955397650205,0
4329,-67.73829413328559,1.7172259059224055,-4.904536658084126,-51.7734900911909,-0.4095378712258504,0
4330,-37.7680132519397,3.3234102887280677,-1.541674092339378,-46.18122995806094,-0.5795591601599808,0
4331,-65.64844715248903,1.729289870792079,-3.473480554468308,-48.84639279103609,-0.6500884267227114,0
4332,-18.23388596142899,-0.8859329702298329,-2.995160527100122,-52.72452733858761,-0.3466559030712429,0
4333,-19.76101472629058,-0.9449555385287833,-1.87740792733827,-52.04506028937858,-0.2616206991581794,0
4334,-4.472374228091315,-1.1718036084799803,-1.8210423401364646,-41.719703258705046,-0.1455819480214452,0
4335,-16.889011409368546,2.3702616749147247,0.532036836699671,-52.656358475740475,-0.036638582895155244,0
4336,-27.203925813046446,-0.5960999185277551,0.9616855984512711,-53.203312637865864,0.15785937676309447,0
4337,26.01796896640294,-1.8439435722200563,1.890033872185395,-45.31151825363502,0.4065672261452673,0
4338,-15.539346585021946,-3.166619246480697,1.8621356765592982,-46.83756512135547,0.41385812626412377,0
4339,28.900422582745207,0.6009529674477165,1.7342001272350382,-52.87542345110038,0.4606756053103234,0
4340,63.237605025454364,0.6475864509118958,3.4779169187907186,-48.528506489668416,0.38561534119071234,0
4341,56.97468800005669,-0.39509606284365795,4.784067164805234,-49.61103011594027,0.7741621661297154,1
4342,100.29542708964203,-2.2565669281872234,4.399406188560185,-48.31296731921936,0.23398433609311614,0
4343,89.40982331591307,-3.130537353086319,5.285385988596255,-32.03924321685082,0.3386734545648288,0
4344,62.72023620451892,-6.6015553417534,4.711768679083697,-45.71859529458638,0.16418123302961168,0
4345,82.47768467628492,-5.110378200460017,5.12807489181861,-48.135869373501755,-0.23642075381286118,0
4346,86.29858450006628,-6.423976150493004,3.286761814487911,-33.12710481726059,0.05124315561622583,0
4347,60.04531157790257,-9.132157752419362,3.8525907685005545,-38.28390205847904,-0.20694743182779338,0
4348,76.40759215963568,-3.7782245074518235,2.2689607062040325,-38.57309252393745,-0.2918408727128427,0
4349,86.57571348797873,-7.680421340191922,0.5058368839602532,-45.81785775028652,-0.439263587533128,0
4350,58.66478804527081,-4.277609105666485,0.9316780697253767,-35.1334750431086,-0.3220819746357727,0
4351,100.94426992849857,-5.270061333250442,1.642134894963168,-36.43158863427702,-0.3234549518526397,0
4352,94.61905513480468,-6.266599173404244,-2.3479925609776826,-39.183378765686236,-0.7023709175754591,0
4353,64.75353027323736,-6.4823017306764585,-1.7297991617033923,-47.89024039024705,-0.06835372336088352,0
4354,103.92528594926493,-9.24746622548185,-1.9376681816604004,-38.78249992348344,-0.3711156497829954,0
4355,106.8304920044126,-4.589868824819972,-1.212222796257115,-29.39194883127613,-0.07836398492635664,0
4356,92.8013754686995,-8.487289334200513,-4.642172237578916,-36.28317466065576,-0.015119249205715765,0
4357,76.64509956970718,-8.216218509097656,-5.252808558046642,-38.59595421499568,0.11923046602284265,0
4358,88.9905111503329,-10.342730618408174,-6.074851816390476,-37.169756156126724,0.34996286377475017,0
4359,84.03030648468366,-11.108797810215723,-3.859322117139949,-36.12316832843254,0.6214541902873716,0
4360,69.13452952355162,-8.470653255675177,-5.7596038315821625,-38.61028492523013,0.6004366684092832,0
4361,38.42543210539468,-9.145438061438389,-4.960100827213562,-34.089900641088995,0.443837864471771,0
4362,51.83219213289183,-11.290443391919498,-5.952788108677015,-25.927913465655287,0.4791449069152641,0
4363,61.129673485752704,-12.695591415588902,-2.5706166662212464,-25.738965145372273,0.34247788675081803,0
4364,15.835472402685783,-12.441041739171792,-1.509344963449982,-35.38961845408697,0.5167371269548583,0
4365,59.99738425082928,-7.566637884344727,-0.928493992733822,-24.457504588258573,0.37682014335337477,0
4366,-2.3837130214068143,-11.218230625038668,-2.4155256415159467,-26.238003170843122,0.05243581627519542,0
4367,-1.2138672230550036,-10.677383660401162,0.7933195083976345,-26.071718185827766,0.23738465083548252,0
4368,-25.28402799479659,-7.081735916093322,-0.49755503864104234,-26.261857630955344,0.04056023627977137,0
4369,-17.222963366769108,-12.184616578804164,2.175254386054962,-32.24493691045474,0.059779334175285304,0
4370,-66.17017482379302,-11.327358517662008,3.1799837576084746,-28.781547064639774,-0.5663714543444209,0
4371,-51.570941384470665,-11.319277653531334,4.024181367924778,-21.738964141799613,-0.4954466658219817,0
4372,-71.41073143605638,-6.4295328985026785,4.8396612686114695,-31.07744681724621,-0.5392460131474551,0
4373,-55.28447234945571,-5.538669583226286,4.716389967639819,-29.376492661179796,0.04092101823007932,0
4374,-45.945794381541084,-7.858268226433541,2.993045034692833,-21.761483322144034,-0.41486899140501104,0
4375,-60.10032175493201,-7.607184710403282,5.524087400141693,-26.350670383425975,-0.06358437682781876,0
4376,-126.90974016585051,-10.12429353819718,4.92117202996171,-17.38511104165425,0.018836092986534825,0
4377,-44.29716389595672,-4.836151641775931,3.5632413243427035,-24.36864677506767,-0.05960093318366336,0
4378,-84.04428582991149,-7.940818715338363,2.3607211316137535,-18.460391704929638,0.11741964481563393,0
4379,-109.3924456261385,-6.49420718989258,4.777716751218938,-17.11879738690752,0.35050667882233455,0
4380,-93.69463990875231,-8.115197292473724,3.6474944509476486,-20.238987968598362,0.6151812819015265,0
4381,-95.32057203563393,-8.124176033589688,2.204324640769503,-18.088975928213127,0.414393678670285,0
4382,-113.20089276553045,-3.9270234584092822,-0.15549453019449844,-19.34627230906405,0.39217137715511996,0
4383,-95.92732775817386,-5.82052874419376,-2.9945148906382553,-15.08833229269939,0.6813194707882166,0
4384,-111.05882502798596,-3.6268469607771787,-0.6921276933353393,-18.846840896880103,0.22225941480464423,0
4385,-105.03206747731797,-5.632242724517183,-2.011329332620844,-14.19342421122636,0.41860868260733763,0
4386,-107.73721801464085,-7.437579277432534,-3.5790836553525183,-8.365680992226904,0.46364499061120434,0
4387,-118.7925355865554,-6.491130081185844,-2.778270112446944,-16.81929891099544,0.19873405043912268,0
4388,-82.44921469066935,-4.688803403720776,-3.5981306180847032,-12.593843991135618,-0.14970217590865773,0
4389,-68.0338413726945,-5.70578970836404,-4.635831297866301,-6.586075033548482,-0.3823022695737457,0
4390,-63.01931016563555,-6.214637826937544,-4.9508306662268815,-18.58083031163376,-0.07412679121399171,0
4391,-49.76306996895347,-1.1338094749997367,-4.910112000599082,2.0733713923377133,-0.44833150723578413,0
4392,-51.858299168348225,-4.154472442114345,-4.058547886692476,-0.9873198824770357,-0.6582268340748351,0
4393,-60.60017669344325,-2.308775332109044,-5.184463593589338,-12.911862655857005,-0.27222762554777413,0
4394,-24.253912208821326,-1.5068606194010705,-3.317000285838303,-14.745651052067533,-0.3171889003710373,0
4395,-58.88893311356733,-2.784154295000985,-3.9303495758755393,-3.079381600983371,-0.6224840225130155,0
4396,-40.12628136312815,1.7890494258301688,-0.8199891046443291,-7.830197057627164,0.19279362458624877,0
4397,-31.550182212731777,-2.8487536972616114,-0.6852267348809706,3.5778753931245264,-0.2884079861315562,0
4398,19.304172950861467,0.40839553967104736,-0.9178624836737301,1.740296593069491,0.12237988111111323,0
4399,26.551004950687826,0.8772826902782529,0.847837478196745,1.387149586999496,0.5118340110860755,0
4400,27.356634067496493,0.7754779191470192,0.8797436467596134,-1.0813667884349778,0.43087882904041225,0
4401,48.788462701784105,-1.2131077617587311,4.134820865411955,10.76890602454357,0.4211676427820368,0
4402,19.230275005871054,3.6156318338238727,5.0458839857202245,7.53397350790722,0.16598401577240457,0
4403,52.88604569852065,3.849613320210957,4.775067130265919,7.778880593123752,0.9033339410775636,1
4404,52.050108438164386,1.4941449222696903,6.1287248450869445,11.757764757766761,0.6666178935894899,1
4405,79.58561127978729,4.735834670618514,5.034815121808505,1.6553110865665293,0.1649912694870435,0
4406,67.81189894770894,4.537953484395348,5.7628120704476915,14.162735462459008,0.6712437300503853,0
4407,69.185360499691,1.6847233042022878,6.14099806052583,7.402339833422049,0.2565403499186071,1
4408,93.70202161385947,2.9852865911716924,4.631507666657128,11.381874960029942,0.04894638501199874,0
4409,105.57871951735677,7.4051737185753,4.244460268916912,9.904873429291662,-0.15910744037563007,0
4410,78.98009739566425,6.170090751418631,4.476739612112563,2.2725477135192307,-0.1556272939176222,0
4411,94.49445227356766,4.8314247869385465,3.418056036572414,17.418639723175673,-0.15648021932478265,0
4412,76.95975514600774,4.63695422086735,1.1340791369355003,4.474451885760178,-0.5168123363343169,0
4413,49.599481374552695,5.7011122756766595,-1.254637719290465,9.72379701610733,-0.45483046933042137,0
4414,104.00725063701954,6.204108437073081,-0.23784815523575203,13.24598601397794,0.17621028515520798,0
4415,111.61437387751106,5.74458008174685,-3.1512615110519535,6.689536749152749,-0.3796823930055216,0
4416,103.12227736969545,4.277829179905822,-2.9953584061864156,11.89542385190212,-0.21413596784357,0
4417,56.35638725920302,10.346835883666182,-3.7487150121351895,19.5566007237527,-0.4950821619024386,0
4418,84.84463152165543,10.293365740115432,-4.198562974960438,17.52587486038889,-0.44391537334013087,0
4419,43.09081248819929,6.070000679008448,-3.420261646945242,18.857293602132614,0.26686843432967217,0
4420,109.57408830328713,9.13201056991491,-3.6447360590972577,16.51388191435674,0.35849812440325907,0
4421,54.360156912966424,7.275644113456682,-4.428717554991028,22.22224170214387,0.6032195991236228,0
4422,94.33032446320274,8.755023040069911,-4.363153093341442,21.258719630606713,0.3590272616269102,0
4423,80.58900300348108,8.763470732667036,-4.198580205389524,15.564603745959873,0.706814856829927,0
4424,35.4929585923729,8.74855428016829,-7.0170296498434475,23.639800942279543,-0.014623834244848088,0
4425,22.147620199058316,13.737330143949706,-3.9952948774056223,19.299941265497452,0.6004232077527841,0
4426,42.661617177772015,8.95367434873231,-5.127557833091565,30.852888609717052,0.650769588315802,0
4427,9.262380622933868,8.296107117561004,-2.0147657790575852,25.251226616728562,0.21881531293179024,0
4428,18.431931947204315,8.441004533792038,-3.709199406994432,40.64985654275481,0.44810710643994733,0
4429,-3.204620892538185,12.082343702478628,-0.8242873413181717,33.69900465072329,0.060283987821640385,0
4430,-39.16601110721062,6.69422575388994,0.901831643870346,29.02385825876342,-0.06899382984385342,0
4431,-58.111578027562615,8.451834343044172,0.2200992639888606,33.37144078241154,-0.24933001822659168,0
4432,-18.792997806887097,12.824438110300793,3.230032372070745,20.81170394149519,-0.008250974521016696,0
4433,-44.14923033156225,10.347655251017093,3.6149671635187053,36.84674632521325,-0.5133039054593812,0
4434,-53.242357843231254,10.147773257674082,4.205278365471086,28.694732697898054,-0.5979460612643447,0
4435,-37.10431659554909,13.908063802306424,5.0860950341627635,33.993068225130955,-0.6711307220501469,0
4436,-35.883988821726234,9.992204017506854,4.417593697616517,30.641091017919585,-0.5458362076923418,0
4437,-72.54193585713104,7.915129195450679,5.126977293692084,31.893701023830374,-0.363383535840832,0
4438,-80.97087113498993,8.57601691693386,4.985034766824765,34.801722117532435,-0.16898571650268426,0
4439,-70.48292071629697,6.655130257674356,4.764022134128674,36.78435363290965,-0.3151774043591268,0
4440,-113.1471898318722,11.201382462194887,3.7157010706843097,36.94385795380334,0.05694188166285653,0
4441,-86.20874611630752,9.58042607811786,2.581436066770377,37.731930956362845,0.25321121893837356,0
4442,-83.3914538226584,10.400851338197056,2.7708963221985123,30.261761020535676,0.08103241880729878,0
4443,-83.63843005351688,10.278335478460924,1.8756968826238285,50.68338750219233,0.39308247429739457,0
4444,-137.82032898101667,6.704663812994448,0.6004000788277214,40.800397313649995,0.44236817977044757,0
4445,-115.16459372237047,5.305468634037153,1.2053639286276185,42.42983291419975,0.5119592573638747,0
4446,-117.35642442947182,6.735453389869127,-1.8168027511845661,39.12744488782089,0.38463041876829407,0
4447,-96.6500110537452,4.720169107926859,-1.7883135586716312,37.02570080897157,0.41314101383406054,0
4448,-86.9037936046904,6.40625577648407,-1.3582160653721338,42.704168738807354,0.35674234955890605,0
4449,-63.49102931156628,7.935998872930849,-2.4225317293574316,43.93111140263686,0.6023133547872073,0
4450,-99.29762523785774,4.916812345799668,-2.7896496882097894,49.51251467789632,0.0969262949262389,0
4451,-94.42960534806284,5.121238351012267,-5.111302313249951,53.89310133464331,0.2062771448017841,0
4452,-55.72047695187524,4.189662862478355,-4.070592836438476,51.37426613835967,0.07751753272991044,0
4453,-66.23165706382514,5.52797405797367,-6.05866180193591,35.62305562751462,-0.5946581245554536,0
4454,-39.53841331685243,2.122314688220235,-5.213213352066151,42.602373979408185,-0.48510680620708957,0
4455,-51.19675733300178,-1.4082953806537484,-4.863907057268721,47.014353534916864,-0.20150795635474877,0
4456,-71.62428504886684,3.4455925887101397,-4.816140714110455,43.74650942205854,-0.4630939637233529,0
4457,-66.17073940643846,3.9925231067098013,-3.9912163454515786,45.92317478425845,-0.49256308879032046,0
4458,-61.16988433028217,2.417561062442761,-3.367187321572635,35.792542523063034,-0.24733103194019454,0
4459,-7.228924378613971,-0.2515013465040199,-2.986044450439258,51.44659695472484,-0.07638975669769238,0
4460,13.176182747851064,-1.7394893436727852,-0.19719715048940767,37.83681437427397,-0.16243136255211055,0
4461,36.37156574235714,1.019779063692519,-0.2440165445127942,39.67131655935305,-0.0648855274153127,0
4462,26.232657831534176,-0.18608589053458574,1.134368580866107,42.76107099851798,-0.3338011988892773,0
4463,42.51992355625451,-1.2192844830383955,2.0540144304526167,47.62828275883475,0.28406206156808367,0
4464,17.36295512568406,2.180990771049049,2.8269117001831168,40.264607620013194,0.309625123233879,0
4465,15.245703679532916,-3.8501137131334526,3.636419258161755,43.319204445088246,0.26128830482884075,0
4466,64.40292437519923,1.1058731725309867,3.8683541930581793,54.589374228492595,0.4569421473291278,0
4467,64.30865198630644,-2.8622111756767126,6.055929887445335,48.48679344499659,0.40545652364179186,1
4468,66.09853941015835,-7.071185131106215,5.677155579523869,51.40065751268137,0.4700261547665859,0
4469,79.0527327347532,-4.224216338214854,5.017668864939975,43.21634359439223,0.2886829972952266,0
4470,84.41220495161004,-2.402923214291061,4.43580262064668,49.27325392492387,0.3114017908307083,0
4471,109.48918908115809,-5.4973272334048,4.452942336226682,48.98816123516002,0.1144713729100321,0
4472,114.73948985088612,-8.150160490375777,4.496029046758462,45.79633579570952,0.18496954517309502,0
4473,103.86345377501766,-5.950019911497366,4.922398736277007,49.60258810154374,-0.3198007746862901,0
4474,113.10535685301345,-7.741673485930395,1.257019586496089,40.46269010522521,0.018849143922309852,0
4475,108.7197114401258,-5.43497264333955,2.3925979003612166,52.16173457723484,-0.21773790968823648,0
4476,90.48066218401004,-5.2470313598781875,1.8932205986351447,47.99661474390096,-0.18938622281730327,0
4477,115.10473677802382,-9.2646203146863,-1.7171055029598472,48.71337188390795,-0.44825175979300835,0
4478,71.35402675920994,-8.904059642580894,-1.3992371007168973,54.243689244081395,-0.5225821826721946,0
4479,118.60063151468854,-6.300811408457869,-3.221742134143268,52.11042573362219,-0.4997670360393295,0
4480,70.93679842029518,-9.833898530247664,-2.5798307666703346,48.30398107651725,0.0674738294811883,0
4481,96.90029708997912,-10.562353582190223,-4.101833959447323,44.23820794621144,0.0707815007101473,0
4482,69.7270436258389,-11.01625619134817,-4.457503887669898,56.36997839469464,-0.2024511317951827,0
4483,92.27821434528126,-8.193990643695686,-5.149784042150464,42.911704634568494,0.3424920710943531,0
4484,74.30081423590214,-8.496705836783534,-4.241010075383475,52.624948166293834,0.11656556615967992,0
4485,36.103915093738074,-10.677283936604734,-4.756799488951638,41.337152355575576,0.4560064583006781,0
4486,68.75331850711092,-9.469923552062268,-4.58079522084871,53.739768024467914,0.6309054387865384,0
4487,40.518311381092474,-6.573036745757449,-4.285161523874697,54.01002570002147,0.7902834716059441,1
4488,60.9167289239394,-11.698565757669588,-3.330114479929831,39.18100499069983,0.5346201258588763,0
4489,34.10479858858556,-13.752703555943787,-3.4658146663287246,50.75827526735,0.4052228212294826,0
4490,32.43069587081173,-9.01322216410079,-0.6765783724395837,50.0922550467389,0.3471680330209737,0
4491,-4.4301300655395845,-10.193527355667456,-2.6908806913899603,51.503816884230254,0.4278073919135719,0
4492,-7.013512576226386,-11.417200294942349,-2.2026876170422542,49.52441050039717,0.22905582936788976,0
4493,-14.39544920981809,-8.692427071162049,-1.2871256839520637,42.577190778177425,-0.08132198642335794,0
4494,1.967747834010554,-8.292588418351475,-0.5805019284958963,45.97420964574715,-0.5931874942934763,0
4495,8.589151376212047,-14.337123505313805,3.0900234759692715,55.03638888390412,-0.8301764556992801,0
4496,-50.60453803728899,-11.150495789948907,3.789636502137391,40.808185900977506,-0.3903142141078885,0
4497,-22.16212911515951,-5.110391892029412,5.1383608781143355,47.57710186811519,-0.7248398108809131,0
4498,-95.85400248635601,-8.454380420396832,3.409561759309854,51.31625572976703,-0.6039228432180628,0
4499,-84.58143676065671,-8.120700907957971,5.569223717382814,40.185173212235675,-0.5086080579661433,0
4500,-87.50394162728784,-6.955160222782297,5.0458404342591585,37.61589994444883,0.02838993461105671,0
4501,-102.32655554541397,-9.071604197029057,5.121960641733864,37.91233809797909,-0.25155892515176015,0
4502,-113.14402208194952,-7.294406982188626,5.34979967891847,45.743026610313485,0.0034929075393422826,0
4503,-78.59410473935618,-7.2114698600489175,3.5483596531385135,36.902964289316984,0.10848865600998459,0
4504,-95.64944834557195,-7.307715118279685,6.30074269153326,42.089686486702746,-0.3293937072710686,1
4505,-87.38107805093442,-8.747066089041816,4.306180742856043,49.09624118250281,0.20864596556094958,0
4506,-83.81192317872691,-7.455914953709386,1.5848253944983925,41.43984569957806,0.15232370638106968,0
4507,-93.98582740716716,-8.654250557872798,0.08364477491988742,37.24714650286746,0.8141529964177281,1
4508,-86.82753965331254,-7.110703526591636,0.09751121743042032,41.1866289935867,0.13536344915376874,0
4509,-101.05908968745065,-9.114281512578968,-0.6286855566495644,39.62336325456122,0.40098106481116486,0
4510,-122.09809836893893,-7.982575583810876,-0.7093583417820111,41.62117645567518,0.37558329286166653,0
4511,-74.9089706993509,-6.573979572742955,-3.8369615180795744,46.82902913696954,0.13493599769135955,0
4512,-104.59466841815973,-7.489773980270973,-3.169646335471501,40.077075962166525,0.22709806440919267,0
4513,-107.344172106048,-6.19140229727992,-5.633295714727453,47.60683274215286,0.0545929532243846,0
4514,-87.1248399097336,-5.075273626693792,-4.153445789227794,39.044143547145495,-0.0537389501772238,0
4515,-95.9219683737544,-3.4970848194739066,-4.999849318519334,32.245984849268694,-0.12753324009302508,0
4516,-79.33761472079313,-1.9465309571794085,-3.063164690826053,46.824730991572906,-0.30198177440016777,0
4517,-56.721887050007666,-4.306439744282808,-6.4540183319579265,34.04554782668704,-0.36335834591814686,0
4518,-48.61458928988762,-0.23404178980916202,-3.249911639557032,28.667731254031647,-0.26786423674679016,0
4519,-64.96113278027185,-0.5451497748587997,-5.852650037176995,44.819813807301024,-0.8272948756849509,0
4520,-47.712092547054645,-0.926250507702195,-4.838927348086585,28.78128410839382,-0.3199960922664081,0
4521,-7.045514989231755,-1.1343710644838052,-4.411708925957601,27.817641114465566,-0.590667885121537,0
4522,-8.893278664552009,-0.3070553683260999,-1.5981386075826998,28.14228405685085,-0.39746448817179914,0
4523,32.578969851596035,1.9275402706121287,-2.062373363804417,30.93045754346204,-0.10819726769849804,0
4524,24.668331604693204,2.5004484826525353,-1.2417607452921964,33.95727881510905,0.09824830410021426,0
4525,33.92907976343574,3.222900618600238,1.300335034752936,15.242939312407216,0.2687655839422668,0
4526,-6.847042542271705,1.1339965943821853,2.496582942161456,32.291930981257096,0.10634481710819829,0
4527,45.84571648411497,2.6569852196228747,2.950376959088498,24.04822331426786,0.7276378980965783,1
4528,38.85912396027207,4.725985040331405,3.497995051666339,23.90716388040919,0.38800281844274753,0
4529,37.85549443256622,1.2782049264831719,6.092889189167598,33.68794661295566,0.3557418096889905,1
4530,60.7009636750787,2.3692354809432628,4.8435897698534,25.308835359631377,0.22865614784586513,0
4531,84.1374850286712,3.5110610990306306,5.749934316844355,25.60141170695198,0.1492119368470785,0
4532,82.49069451445608,5.742408175975585,5.1365429482358795,22.231369950382945,0.045812568612292714,0
4533,61.42125814775501,6.227921955301248,3.746042610001955,25.39465963218855,0.26200161505323205,0
4534,99.56733462166918,4.379224731395128,5.050992895265782,28.76014547484374,0.17553561782046548,0
4535,76.847351869367,2.255009483693413,3.3230493562034273,7.380144330550806,-0.2674575144880206,0
4536,97.9184668344826,6.182693894449181,3.2069779232797195,24.256036910548275,-0.46385677280977344,0
4537,90.56843641887147,4.257568493054704,2.7910047170606895,25.63805555951475,-0.39763980241741687,0
4538,94.34319669616431,3.502970792164225,-0.3672711672418927,19.47098884551717,-0.42394424687494897,0
4539,115.14408237368167,4.3275387819064814,-1.0095666291510526,12.634856815530403,-0.43928912883026006,0
4540,79.11668893945037,7.863347986397439,0.5112657273653425,9.30989455864198,-0.6892864582683114,0
4541,137.92743204469963,10.26994205017835,-2.044194115519277,25.924044800024877,-0.49006836290324995,0
4542,60.71536601214338,7.944071980924168,-2.923989789511955,8.627811761309477,-0.06260425288683685,0
4543,82.32672890378085,8.587798267192218,-2.976450101579336,19.773590961959925,-0.5008127289590629,0
4544,97.88530011837933,10.809172504979205,-4.238484748124574,13.165718650539326,-0.13011456110625863,0
4545,97.46426853328555,5.611714419039776,-3.991547959203465,20.465609864411256,0.12438070800687036,0
4546,78.20832840444523,9.97647166099559,-4.840803967347908,7.664354373115717,-0.02269575022914186,0
4547,72.7083761982252,9.126098186541789,-4.780675552457716,0.23324779823773056,0.4243735595051889,0
4548,74.96759276773915,10.471683180691631,-5.672225096025453,7.294195523272333,0.13850798367763012,0
4549,54.36859252387161,8.539546897363591,-4.569707249986846,-1.1396212706433015,0.6012043900192167,0
4550,78.49758984218825,8.013825248573626,-3.261250531724822,18.68467824359583,0.5085502208274559,0
4551,58.55901174082828,10.049783529146204,-4.363053198156157,7.451505697083656,0.19692005645025412,0
4552,49.94920893868566,13.161797431565711,-2.1576452123948693,7.197584264127718,0.5563138268884981,0
4553,3.5656233768022183,11.655230658106342,-2.2796730036622797,6.202378144447461,0.14017666851150506,0
4554,11.468328379366676,8.963192219887496,-0.5599523804854948,-2.1587503417494704,0.16072816063053919,0
4555,-2.9163352877855777,7.3168597518515845,-0.18037906902368522,-0.3508067309376512,0.1723689547684947,0
4556,-27.013061078611024,6.62990351770188,0.6550471919767195,-0.13880717544045096,-0.2957469054503738,0
4557,-9.622814291155253,12.596491359663382,2.00834964122923,8.029112163895654,-0.34852144135870045,0
4558,-37.33595672196181,7.999476708719052,3.7762554248393396,-8.474812857551765,-0.1359435348194851,0
4559,-22.96629960151524,9.179194345658024,3.6006279780920565,-7.330221319165,-0.8611855529169754,0
4560,-66.60909884618363,12.368652877011396,4.51080111514924,-6.498430535686484,-0.20958897244774966,0
4561,-19.503670630375197,6.370126655867393,4.170771079360373,-9.046607986722695,-0.7882068886765984,0
4562,-79.95195541680009,12.430167702332644,6.43616236364047,-13.965335376204514,-0.5929938179449545,1
4563,-65.1603385415004,8.762457714639842,5.637669700829119,-21.183885925889435,-0.31396334733093756,0
4564,-60.53539762550788,6.773502412020077,5.007869869814122,-17.781181829075628,-0.134033117270989,0
4565,-93.84850137278578,8.35422565957943,4.543786580039934,-4.134947346257637,-0.05653023622803951,0
4566,-70.6257586431135,7.159874712101545,5.1945911170178105,-10.650477112103426,0.04223107108838684,0
4567,-116.6222212782491,9.221340444488831,2.9926155275220743,-7.406730012392182,0.09154727059568005,0
4568,-66.43999438812735,6.757223641790446,1.0546077642169247,-15.467400944279015,0.6210249314980435,0
4569,-97.6891340593402,3.9238622235181784,2.0354240715698304,-14.011897871317,0.565787346799306,0
4570,-111.41121347355403,6.980315880351314,2.2003111458948625,-6.414410762951304,0.7120154251407947,1
4571,-105.98348561369042,4.364095411047865,1.6086197497497914,-7.670772050941787,0.4157217974971319,0
4572,-83.33916418095772,7.123880571987139,-1.0836687715769306,-11.672537679508014,0.012786780723452573,0
4573,-109.7300083503286,3.962250823053399,-1.887547947639772,-16.31176992835055,0.6181344767710847,0
4574,-110.57181695638263,4.965918586157545,-2.2893776797216936,-15.668542936824823,0.38412151979358483,0
4575,-96.60410541592579,5.8977007398357495,-3.83904772934427,-17.332426678524566,0.22016885906762282,0
4576,-111.38036013678384,4.684360188698535,-3.681570619306602,-20.93980624573876,-0.07551671312027564,0
4577,-46.2203047262235,5.1741201788925935,-4.7392964977102,-23.03853362954185,-0.1806945066040183,0
4578,-87.92351624788293,5.586135203204031,-3.9129085710612674,-16.307950767091064,-0.3699881591186834,0
4579,-53.16241207841217,1.4514330296338036,-4.275363019075002,-29.29226652539674,-0.35790438886638215,0
4580,-58.10710345853916,3.1708286160745573,-4.062914220349207,-16.26255033466482,-0.6780557202415916,0
4581,-73.86649738381685,-3.835307970297502,-4.758981422382233,-25.952289273937087,-0.34210096006805923,0
4582,-45.632914952047884,2.8353843769711236,-2.1267179771112037,-32.011246580543634,-0.08681701729343616,0
4583,-20.717010522956322,1.2502570863322238,-2.9061486961135845,-29.0242311099812,-0.5690527445971384,0
4584,-30.681870698977797,-0.6084753553229401,-2.345030906183679,-31.513955689287517,-0.6833052501064004,0
4585,6.694979241044013,1.4930064878019766,-2.452184445827827,-30.85464104206866,-0.2677932781606231,0
4586,13.183922284715576,2.707952798742439,-0.8198053308003544,-31.76919976800284,-0.04489009933403691,0
4587,21.12520911658781,-1.089394054956766,0.3889673090121113,-32.77954953557821,0.13181300542188257,0
4588,3.5196279353689253,-2.5265604195087783,0.47328437180591354,-31.950660488074526,0.5070844178578948,0
4589,0.9547440531920195,-0.8048617965245743,1.9047480798647187,-31.522377331767377,0.4784961597750182,0
4590,19.893342466774666,-4.301269847318503,2.8797787076281267,-28.15436903134986,0.053604454663164935,0
4591,45.382031959962106,-3.4418891553528823,3.828595273836676,-33.96079786241039,0.23215844302465605,0
4592,61.25083922004333,-0.16209027986239644,2.5866588786004376,-31.855204187150232,0.5810969930475812,0
4593,15.278636926870156,-2.9617884535567054,4.617391091701033,-34.18353150103554,0.38508822107883506,0
4594,66.3361494997983,-7.316619391043053,4.589137591695879,-32.24047603085537,0.7123844583711814,1
4595,76.78411638188797,-7.614314946827594,4.9614237320669226,-35.41821812103551,0.11880588324401592,0
4596,74.45975508871622,-4.148757720711151,5.834779662126722,-39.579658469314325,0.3678929552452159,0
4597,111.4249854659202,-3.189565414596667,6.47775275959469,-41.61596489411086,-0.10029783808038473,0
4598,98.76869664584164,-8.578723637037573,4.5531636094136525,-36.638426183573046,-0.06681334796813466,0
4599,120.36794137097061,-4.859833739177229,1.9353178734360044,-31.972213944627175,-0.4230069169645088,0
4600,92.73504425812096,-3.4999550255542076,1.9929191964825268,-40.11892661583891,-0.26082487082954864,0
4601,117.72422194029579,-2.770908754279009,2.0096538754399353,-43.09623003483592,-0.23994660556126984,0
4602,132.6074951988909,-6.253802742730971,0.915986099599488,-41.4755371901367,-0.4451837672468312,0
4603,126.07330211282002,-6.254977586856348,0.4217761669372463,-43.58835107877128,-0.11096344400745023,0
4604,76.93230446453839,-11.869118473193183,-1.6385990578914138,-44.68666382263315,-0.5898648778723548,0
4605,91.65038947649128,-3.718408449310953,-2.8190021064445427,-49.12357668424861,-0.3393516193976752,0
4606,86.80295826625644,-9.36426723856779,-1.5194385461848359,-43.664726074953414,-0.07087962566209952,0
4607,99.53740252612722,-10.355073456664378,-3.8991137998398306,-41.78390323336111,-0.28966634643971956,0
4608,98.62866694266064,-9.252171828815857,-5.502596257693806,-48.87522960473092,0.06199233726076993,0
4609,62.424717698701,-5.950191305408726,-3.3600861538260736,-48.34294168225044,0.32716359804010886,0
4610,74.06895088407023,-4.76679544052922,-6.487848275999134,-49.1595071043588,0.5076551821941376,0
4611,25.09672731595957,-9.11846714201781,-8.444325549703677,-51.80277408155061,0.6488966541277132,0
4612,86.46286030093063,-7.536094789291978,-3.9401089234989617,-50.079584723469765,0.3078637138188256,0
4613,38.92940203495545,-9.585007977128415,-3.3712573336837406,-46.70502626268884,0.5574495397908944,0
4614,41.35573311129835,-11.861986457125873,-3.2696998208273422,-52.82186737395627,0.21029176737897937,0
4615,24.704978166126494,-6.923426713981488,-4.241065301604255,-47.17668088970464,0.2595991012262677,0
4616,44.16931975046245,-11.187000419397966,-2.1352224515056957,-50.365097755754874,0.26472083688536585,0
4617,-45.362875441894104,-6.9126636295035535,-1.409486922764875,-51.83273084773751,0.39666115777166117,0
4618,1.079754003692323,-7.4026681207542095,-0.6784710205500243,-45.622958732894695,0.12675683010101568,0
4619,-10.69381468167518,-8.76270968724183,2.2666522419050246,-51.011810134773235,-0.11938126569379426,0
4620,-27.55386472500456,-6.298892385072326,0.7696120533305115,-50.44430689661618,-0.17486115817599956,0
4621,6.324353909670734,-5.4333225943133865,3.021668589208672,-41.868021920572296,-0.2739094964815707,0
4622,-55.38403936315298,-10.16493426785198,4.681034839699825,-53.20280996595594,-0.38412433760269127,0
4623,-31.262738863342822,-11.323937652405435,4.510837899297173,-40.99819452126336,-0.611817703519042,0
4624,-48.16822125770207,-13.302530145164793,5.848297262048023,-50.77202799058928,-0.6826356627011086,0
4625,-38.10503445830183,-4.92833702473192,5.465002444023151,-54.89963802061405,-0.48656508181519387,0
4626,-84.08851710592724,-10.117237269174984,5.429347349575803,-52.15491214279417,-0.5118142694562848,0
4627,-92.10657128309691,-6.764881380743294,5.266208376345405,-49.18774807588738,-0.10838522399234969,0
4628,-61.45442628649347,-10.291964991150834,5.2168700417156275,-43.38574349267993,0.21433263929162158,0
4629,-79.96496572748055,-5.485403087727522,3.738416846636617,-45.77091628893596,0.1706215118652341,0
4630,-123.581729382605,-9.693249289647635,2.1782021515661305,-49.53237826983507,-0.15995372415126435,0
4631,-106.75461556961417,-10.386803893369768,3.6514998260496556,-43.61906469850488,0.20155368837964174,0
4632,-90.56750935295827,-8.110725762167753,2.9690400513058934,-59.37099505995816,0.4286460951807468,0
4633,-82.88439237761854,-8.428381300866455,1.097066639853932,-48.74558172726537,0.1969039783614972,0
4634,-113.57323753686794,-5.824939087485399,-0.6991886974505597,-48.45007385219116,0.5057274802117796,0
4635,-157.62363864991698,-6.755497080275184,-2.6984186596150055,-48.376044012839394,0.5643591832631448,0
4636,-87.23139187596989,-5.015842700866617,-1.9993067376007696,-58.00450201003391,0.6812462041956975,0
4637,-119.48346143161591,-6.456155847498996,-4.295349567936006,-54.98531718540782,0.6565112043614412,0
4638,-131.85503720555948,-6.792510831649739,-5.179208472420115,-50.660176647992856,-0.07839196817618804,0
4639,-143.67167305543512,-6.203947478172541,-4.307656779462888,-44.160965915132635,-0.010546246539212477,0
4640,-65.39290408681177,-0.508889636259374,-5.47649285269967,-40.04582655783503,-0.15630423007352914,0
4641,-72.93149418228722,-3.69887169471921,-4.605330487245313,-52.81170269282893,-0.4142902311029497,0
4642,-73.09388326134514,-7.656813431901536,-5.1504859419876015,-55.88634264253346,-0.36386715549268533,0
4643,-33.191944603920604,-4.260561192538329,-5.439392193443057,-45.086149562664815,-0.47725361934300503,0
4644,-40.00839803441518,-2.5492165724169333,-6.1865731997953235,-35.90128942322456,-0.37492077627571474,0
4645,-11.684241232777431,1.4319011964866677,-4.80477717022574,-43.227030445336055,-0.21834384561792508,0
4646,-62.680566131806195,0.2881958061241916,-4.080707114482163,-52.2739873206283,-0.4114386558840886,0
4647,-25.9845153206624,-3.1185186755792094,-3.672411749133934,-33.97480564097707,-0.4450488910877002,0
4648,-47.84269217419312,4.0589341710256175,-1.8611235048382906,-44.57687085401195,-0.4302700447033851,0
4649,-10.156038093035004,-0.3408483609441715,-1.7032271714159037,-51.67709816616241,0.32531162081076515,0
4650,-0.5450377851955732,2.714077869610424,0.27855107777671173,-37.742596231808804,0.24761075455790327,0
4651,26.91098687026558,-1.589206298843492,1.6633411849797364,-51.43717607513926,0.28967736792398535,0
4652,25.097759224142187,-3.5779246973986414,1.5206684355240434,-49.84693530711617,0.30130358051699363,0
4653,46.220728514024756,-1.1039160596885356,3.602594397204423,-42.743968323888524,0.7517601289870576,1
4654,57.0502478786551,-4.297456078615022,2.5195109040390484,-46.118628536206614,0.45398859939338476,0
4655,94.87942183816554,6.912146601235735,3.317656393109973,-45.407698770370224,0.15661386466199417,0
4656,53.75694113976466,3.5950723374563727,4.688978015982829,-44.979672919936945,0.5205888905519613,0
4657,48.9243178018294,1.7868436483162005,5.670149554647582,-39.16305814668612,0.14880085879914584,0
4658,79.67145832461811,5.002416495148707,5.832760344097421,-55.90184473583544,0.3396655067197184,0
4659,64.96232452573526,4.926632470201362,6.362050498517002,-42.38404450286081,0.4207516979048033,1
4660,116.09587507786493,6.2292596092607955,3.9680161244414394,-44.7668311512194,-0.33013636115553624,0
4661,85.37718720579899,7.8334181558362665,3.6388431123533342,-46.570169013823715,-0.32351093895690997,0
4662,83.40525184966432,5.2479425144024585,2.005256066708188,-46.05812302141224,-0.10576209881492016,0
4663,88.0193172579273,4.46696924813958,0.9346396824560641,-54.92582894580189,-0.4888291189602806,0
4664,113.56918808367661,8.26549795209934,1.4802076776135538,-45.17351522996214,-0.38138707804501015,0
4665,96.80992588491992,8.581391315723913,-0.5109050925807904,-34.15378317870342,-0.4149569178125258,0
4666,86.89673918966825,7.527537431806004,0.5001130479697342,-35.85425260739197,-0.3099830932694636,0
4667,131.8058540385343,12.012202899335595,-3.1626913021452747,-40.36386072635302,-0.5631104029992735,0
4668,79.159991359662,7.093340234094107,-2.1142059652205245,-45.839893185088,-0.8513035351201304,0
4669,93.81725035282183,6.461240183357756,-4.402875923019525,-34.03541544737086,-0.13825547634654145,0
4670,102.04430893907124,9.36846254035843,-4.878729544817034,-30.941414586012336,-0.3886797453792784,0
4671,51.3745002785349,7.432401274547315,-4.018522546700576,-31.650579863185527,0.26159443743590916,0
4672,87.77011684686116,10.001356220943682,-5.55117007243725,-40.98134943462575,0.20888432494601916,0
4673,50.445459729953676,7.54983172980843,-5.514366315291529,-39.76382889969288,0.28149475197462853,0
4674,80.67109517606568,8.597853923374336,-5.734755522485306,-26.447417735165775,0.5717422285889764,0
4675,36.98862619555822,13.339018625404114,-2.865333863909464,-40.04697744428744,0.13945743397941956,0
4676,61.561286005311146,8.881274000820172,-4.810221139317329,-30.86960382108145,0.45840390794720515,0
4677,60.81016399165948,8.205630481214598,-3.5164026768569276,-41.39609597109165,0.5541145556674578,0
4678,46.523217787593,12.2310727731501,-3.0028454583209734,-33.24273412699428,0.4397069399201996,0
4679,24.62910401548414,7.849293784126436,-1.7008274457369477,-28.036451301145703,0.1812100148726511,0
4680,5.089171559394636,8.602280451733947,-1.5816602813298193,-30.320694636722198,0.04814718831646267,0
4681,-11.797852712688893,11.153113164831051,-0.17387121376960807,-26.747891848263254,0.30460653915697933,0
4682,19.169273393467833,11.863643013929677,1.4136931320868074,-34.68333084251415,0.03091770289649981,0
4683,-34.120855258907426,12.389640341335236,1.1088752268116564,-31.82574175593697,-0.4184825574433041,0
4684,-50.550660953099296,8.391244750000471,3.934732235914577,-24.478976587075138,-0.124470940773305,0
4685,-25.882504340738627,10.989997543012981,4.790982360255505,-22.55520944652996,-0.316452718946479,0
4686,-64.10159030792963,8.753565732748472,4.8283454487102695,-24.08175205582787,-0.4013391800207492,0
4687,-75.6877082105303,8.338063388539876,4.739768238277465,-19.57662178641226,-0.38067155439603456,0
4688,-93.49971536854574,11.795524280449385,1.9411555870555124,-31.71931992107782,-0.6587742739316289,0
4689,-81.58128086115158,8.106246127407648,5.421299758557162,-24.87626671382226,-0.03368729706836565,0
4690,-80.1542068152219,9.555011721189247,4.471714846374376,-12.534837019638417,-0.0197272627787409,0
4691,-79.43054893392929,9.08051725768765,4.28893319793143,-14.325231650766728,-0.017531582967157358,0
4692,-70.2165141185584,6.3766865278238996,2.1291882208622663,-16.660408126909932,0.13158285224135058,0
4693,-82.76325309939546,10.177926900477322,3.8509855173243936,-19.683525799734518,0.20658258065494864,0
4694,-100.24499366718592,9.073238827710794,1.1057986399230486,-12.803142347929176,0.23306420516320364,0
4695,-102.55432830946924,3.6671541162736814,1.7679518307422,-14.894851799589544,0.5446648713445164,0
4696,-89.5650480744825,7.862540502497881,1.5835709172022743,-23.684284132598215,0.3305197427586446,0
4697,-74.49772601515882,5.411448911774251,-0.7880947317133774,-10.168354367647002,0.5278521105817832,0
4698,-96.60511844409696,8.783854026908662,-0.08768659441682636,-18.521409303222065,0.48083748851433533,0
4699,-106.7058044733661,3.3147405478135807,-2.983724534482354,-9.431100322524676,0.46084058174195003,0
4700,-114.39987124864328,5.092912472637359,-2.480125383785696,-20.34246321710421,0.46020995847843266,0
4701,-119.72138243270251,6.115730058006534,-5.106356371660773,-3.2956554374386178,0.21648971686727642,0
4702,-72.8591934080859,5.072699695989588,-3.3398957211295537,-11.68887066620869,0.12626530157333685,0
4703,-69.13119817770848,6.049866310252176,-3.890232289576894,-14.880581489577573,-0.5475948330323828,0
4704,-62.8434444623725,1.0357289954592468,-4.503047008285281,-11.792203614618105,-0.20042481735211165,0
4705,-69.9205627719325,6.914845500402739,-5.371677100522173,-9.046360796972447,-0.38426852522077787,0
4706,-31.492425110061728,4.190724341948961,-6.18890880275224,-6.400457005716727,-0.39604073272100104,0
4707,-61.001421662707024,5.381440196024654,-4.795224786811902,1.2121752033572761,-0.6052893891671669,0
4708,-23.388835768512585,3.925399231059771,-2.7363567047005963,-4.032633101236431,-0.25375961596646845,0
4709,-34.019658949447795,1.6631726227393089,-3.0054270676718735,-14.240970097488173,-0.3751004983775169,0
4710,-35.83022581743129,-1.3767447149892407,-3.852152864830573,-8.536764085680593,-0.47741081991779966,0
4711,-1.9945788741346338,-0.43317430914778876,-2.4959120737534652,12.3988722180534,-0.3160327627051206,0
4712,4.303899368659798,3.3736045968507526,0.864563263877557,0.2879675172769645,0.12233998516190683,0
4713,13.245850029774758,2.465413278668966,1.0974126952718122,5.364954977403037,0.0740827058285422,0
4714,17.666168056242334,-2.0438389639909325,0.3492890631783492,0.06901018465266473,0.23141119273870717,0
4715,25.056670382421316,-6.9384131168658145,0.7281261851126348,-2.4132234890177995,0.3132703739448509,0
4716,83.0979740050501,-2.221095720355428,2.680157821442254,1.201470271567362,0.6439816713757514,0
4717,68.17865816396666,-2.8605453798487375,2.133315630721632,5.2461170007786,0.58770354129528,0
4718,67.66848967535597,-3.268396520585033,4.349457839856044,3.2980683581216104,0.2594120287492765,0
4719,63.6346852227113,-2.1885638995041177,7.297923904931554,16.184112715314093,0.2629045964652801,1
4720,89.11512081831289,-1.9618957357259001,3.3971420314930487,4.500397128277255,0.3792753482447487,0
4721,86.21600188880365,-2.1931165235177525,4.756773086337189,3.2943377015511803,0.13625860485670394,0
4722,82.50640183098623,-3.73125994537842,6.0063721789848845,13.595956912650417,-0.30439399442775794,0
4723,81.21808057516176,-8.661627949306688,5.008027584026262,15.191562344812484,-0.16985581326036917,0
4724,90.10591413036407,-6.1672467495389895,3.5049026459960775,11.656829665216963,-0.2232553909169953,0
4725,31.834161474452735,-1.287719193987634,2.756339094639912,9.467017552558552,-0.3792846962632427,0
4726,102.02147494889691,-5.543780092036905,0.8801013851740174,3.9402422742362493,-0.26013123003313443,0
4727,89.6294387572108,-5.937161968327343,0.8205094601361149,20.507567401868425,-0.9200774536417781,0
4728,131.84870096656564,-6.317738241604959,0.34037829310362633,19.701426391936668,-0.6542616539664277,0
4729,99.97940306508401,-6.552271781423409,0.20695887549378977,14.10769905230484,-0.3226304211528912,0
4730,74.4153783506867,-12.4771225613319,-2.4776159456248608,17.546999213087048,-0.5542352425103942,0
4731,94.81804029995439,-8.498540775967289,-2.9325108203532557,17.050847653474836,-0.5643409117781595,0
4732,71.55686008615969,-8.383827194835032,-4.46778271838816,27.255708066685855,-0.3307936575698146,0
4733,97.68704609252083,-6.012834344755447,-3.928863351415219,14.842644071734215,0.03938473474964083,0
4734,88.89600699061039,-8.726827869379688,-3.840413986542111,17.8440942155159,0.04871303893204308,0
4735,96.26193573260272,-12.3394941075427,-4.280198329475313,18.26455910798583,0.09477386413783231,0
4736,54.54518158077139,-8.387979230685326,-6.169946244626296,24.294046368391314,0.45507605355004954,0
4737,63.59761163069846,-11.034377470694096,-4.743484165583234,23.909839844805216,0.5206045386636913,0
4738,27.54299572936013,-12.01530817646073,-5.2632853916863995,25.50603467179364,0.24003546668712022,0
4739,60.25133176804216,-11.381114355656791,-3.0877200699887735,20.969357554130248,0.5147818229621437,0
4740,47.515034918979396,-8.734570238491223,-3.6094750017233075,33.65342804226591,0.19472659175941137,0
4741,37.59882017520313,-7.384294821089975,-4.179600461742206,24.80477783464471,0.6068307008647205,0
4742,17.983612241167215,-8.993446626560022,-1.985765394436508,33.84818295791681,0.5039384595282774,0
4743,16.335838516787348,-8.727856206400494,-0.3429623253719957,44.42986931637131,0.06203142557896336,0
4744,30.135975127992957,-9.053433691726113,0.439049643002849,25.180191843310006,0.18374506571298305,0
4745,-17.62438809912969,-9.77949786450681,0.671950268605028,32.05955103926434,-0.32669092206198913,0
4746,-19.00216949570006,-8.545968747186658,1.5399833660371882,30.478224130167312,-0.3339533325249505,0
4747,-53.132600031910734,-14.710214351656054,1.9945355511207579,42.06681179581591,-0.5261310670716601,0
4748,-58.09645508152426,-9.558643598352557,3.3251890000212367,31.27253154741621,-0.48075701203267435,0
4749,-47.689158744319464,-11.754380296652016,3.4538561110021266,34.66958585126916,-0.4867133491729214,0
4750,-35.98490175670115,-7.1982787163861275,5.697409956859683,35.29742733436268,-0.4799776449755099,0
4751,-71.02718523526853,-9.65414285636824,4.055511984327736,34.38438438140118,-0.43413703804731074,0
4752,-77.79942870518707,-9.110289747750532,5.110653272826439,39.37308547866251,-0.2901290610351774,0
4753,-87.66813020273054,-11.971757663116957,4.875521626430383,36.757799237738396,0.06419568130505982,0
4754,-95.88024420277094,-6.694980759238465,5.407527347240807,39.380660678800396,-0.4436597848230196,0
4755,-84.08922567642792,-7.219197858817506,5.0139900905921895,38.70521219812213,0.4918031574218587,0
4756,-123.83821480652635,-7.08398967463442,3.926891360821877,35.265252352899054,0.17695357370853274,0
4757,-71.24052904435311,-9.527472039381276,2.76134273558213,37.57855832454763,0.348944849123068,0
4758,-112.16623890123208,-9.132497469793952,0.4412453393203204,42.32034170013198,0.7152407826663225,1
4759,-85.430441201835,-6.802851221755021,-0.5568987811010346,42.90407099543928,0.6154311642677859,0
4760,-125.28134768155205,-8.285757952298773,-1.3320503722810666,46.96029840698137,0.6016741214460108,0
4761,-85.51945625588904,-5.656447896537887,-0.7133797914796025,50.603164020980905,0.7001860772856625,1
4762,-83.4841111158215,-10.461219531758033,-2.3124951829308382,39.25676678788637,0.3342061383442294,0
4763,-86.29728362708343,-6.712298654889219,-2.3425768722430953,43.074905571478254,0.43426135449441283,0
4764,-109.98918696430951,-1.727177791100047,-2.9058186100069805,41.95496968973017,-0.1407110144504135,0
4765,-80.32868862042014,-4.011889304992891,-5.176136077343977,37.88975628069467,0.045869165447918414,0
4766,-103.34732622715751,-4.11522526566227,-4.782257882434964,46.735995953133816,-0.07093231398438993,0
4767,-78.31181955953315,-0.025191442531370623,-4.999541688914513,48.27176716796146,-0.08337240010719171,0
4768,-45.50668908690355,-8.204396640233798,-5.287753566888191,39.44923386504077,-0.2723806268422859,0
4769,-42.33891030962648,-4.691127137142059,-5.270488411372615,43.39536886992076,-0.43743812919400493,0
4770,-49.56504370282486,-3.383217087607041,-3.1377744888631796,43.322986980812104,-0.5635167835326084,0
4771,-60.46231618316321,-0.3780832818788473,-3.685117070725014,38.538607339261326,-0.5427399555906154,0
4772,-18.742591956745684,0.14784784821587893,-2.989516876758661,46.277708789049306,-0.47543628539179233,0
4773,-21.63860321810062,-2.840149599429858,-2.951305562915972,41.093668423447134,-0.5685969767382677,0
4774,-58.584342919501786,1.3858709229442585,-0.5335266535376981,47.956399301215875,0.1696276303338809,0
4775,13.444441448378685,-0.9170440192589263,-1.2258691678132096,48.829728565510166,0.166634221569817,0
4776,7.2991272772216425,2.8127639821172226,1.2309223498546265,49.75293193774372,0.1667136337119078,0
4777,41.74697495054643,-1.1768749589781475,2.224087327259254,50.279011500332494,0.4173700934396771,0
4778,5.529873584148394,1.1384923821624904,2.2257416836724038,55.992458465845694,0.5208389904093571,0
4779,-26.635582621229773,0.8980240249743284,3.747128609527528,44.54054399249665,0.2544073933645429,0
4780,51.57470293981708,4.478967555882194,4.26964347589074,45.01795256810158,0.6226621711629441,0
4781,60.4592843265311,1.8039765022713816,4.536295528198638,52.29324459181833,0.7473254021596214,1
4782,28.903738234517597,3.240151636705846,4.897865397813983,48.544974620623485,0.31178972360349255,0
4783,50.60969062410533,4.805870359295885,5.0612221038606355,54.99929112691537,0.054658878519042386,0
4784,132.04533499098682,5.3404847553171475,5.044558908993478,52.329129492932914,0.010738165702473268,0
4785,76.82129756864214,6.470970523373393,4.694164747073638,59.23946199810017,0.08390623075635731,0
4786,102.7165748981104,5.554672164192034,3.0645941294386922,49.3006240331395,-0.28996389014954693,0
4787,79.36784428867014,4.718453698406451,3.38459969369248,42.435527104345766,-0.22549245227470188,0
4788,53.93558750150275,5.2641984708522065,3.029110091589902,51.61755312106518,-0.4500427513026303,0
4789,94.74046631153607,6.408679140465571,1.9786026688208416,49.60443125559576,-0.41876368493031046,0
4790,94.25688710582718,7.234367985240219,1.8772145995961544,52.663811047079484,-0.5826478445714565,0
4791,91.9999002841169,6.801853810468685,0.5488857205358206,53.31298523432008,-0.5070819291903392,0
4792,97.1339934772039,7.477881224033348,-1.9334370592231727,47.31578309883859,-0.35390009766984953,0
4793,103.1480809288346,4.7296491253426565,-2.1791017346189734,44.91207901130164,-0.5981552213878459,0
4794,92.3184698753124,9.404143531159521,-3.1930273697766243,49.175990006639026,-0.24610068753681774,0
4795,66.54636493224726,8.71676427586598,-3.6403713775618973,37.92838691330003,-0.3416341861782923,0
4796,97.13836359603297,10.622505262721358,-4.248379706851267,50.146385648187014,-0.025858039384979166,0
4797,43.14199366708656,8.86176776548205,-4.074001420478976,47.59466718414883,0.10760438348642282,0
4798,35.01643053266972,5.605184906728466,-4.761522489719816,53.80918890659205,0.3327002020334976,0
4799,83.9417379991084,8.562920777907323,-3.764737212736211,39.42072747524053,0.4127519355720996,0
4800,71.7420768191235,9.054591702974335,-4.6115643068613865,49.211113820720435,0.7042734378873307,1
4801,52.28180380868266,11.091265347679112,-5.346986640588816,56.87025472487181,0.49117793868364035,0
4802,16.814928736910318,5.5919101909700375,-4.467450955145167,52.15629097046915,0.3664418374764374,0
4803,21.413001327009685,9.917488782445327,-2.7206813109828736,53.453284275230956,0.6294961071904097,0
4804,20.808190621873585,10.940569946349942,-4.130402549811588,49.99981255362397,0.4217350254148636,0
4805,-15.623262496188193,8.643555624334141,-2.9535642831390243,39.72537542068381,0.4125958238270186,0
4806,-8.417275411019457,10.144188156646722,-0.6243429618338561,48.578379887536556,0.07094045250780384,0
4807,9.415005419444022,8.744277735746673,1.3138426965332448,49.48177141717375,-0.3161180162627022,0
4808,14.955892608347964,8.517632834794224,2.653448258754337,41.72281739339858,0.24994918971527239,0
4809,-31.80173413123054,9.113430197213816,2.0591220980124896,46.13694144718601,-0.4460557273601408,0
4810,-17.872161045209033,8.437556605624806,4.176125529125283,31.90142080771581,-0.6553269001669023,0
4811,-80.542274239854,11.130205690474435,3.9024366948054627,44.354784271346624,-0.3395619335269348,0
4812,-37.90893403236082,8.172691450763441,2.8609290030275654,43.443487138695886,-0.6886658291930166,0
4813,-75.5032592615703,7.692299861926267,4.771333755176639,52.218405794155146,-0.550161459754054,0
4814,-61.00996287297004,12.865761528124182,4.357028467390908,41.754853385404274,-0.3766772797005409,0
4815,-79.17349851407013,11.059848634950347,5.892318883400023,42.98503569740856,-0.3242940351561718,0
4816,-54.130178675215916,5.20096514448304,4.748262961443454,43.44880305832671,-0.23594322921269506,0
4817,-103.54246690074424,7.1577732084561445,3.1055534822471813,40.4039353851976,0.30163045536547045,0
4818,-78.1571023820409,8.913839903759625,2.31852516483422,46.4477395380132,0.10980954338638953,0
4819,-100.04851537352056,8.796960371722777,3.079812226587257,32.36293034190887,0.08882668561551588,0
4820,-100.42981667173129,4.868631401290246,-0.16049187845918667,47.46695252241427,0.5767087869184175,0
4821,-102.77429916832024,9.847295059082413,0.8104055837544824,41.167143930127814,0.31535497166418813,0
4822,-116.85405091052115,8.842338363924792,0.5754805517251691,47.16074565156896,0.4755152307423327,0
4823,-100.06736232674571,7.799442263415948,-1.7104190692069,26.326064260939923,0.3094445124957029,0
4824,-99.88611907666197,9.175759916966669,-0.6312191010390741,27.274769006542883,0.4818945121156831,0
4825,-91.67061141438624,6.977394465055093,-1.3412115561167306,37.37393160958609,0.3575329681968315,0
4826,-91.70342491360718,6.565308909248418,-4.3549793615382715,40.725777133445995,0.22251750117737493,0
4827,-73.39859102190663,8.364670949257778,-4.309296260290032,34.768634428554954,0.11667033586059919,0
4828,-65.96042346559514,7.019796274712544,-3.529616649644378,39.79460815547869,0.10083265977883947,0
4829,-99.67157339143202,2.690346019125592,-4.858305095614181,41.09925912883938,-0.06589983395261778,0
4830,-54.72623231594831,5.184823993244247,-6.390530734221982,38.82556281171574,-0.5397434924885148,0
4831,-88.55057006667312,2.12517656152579,-5.079250985940883,35.30056458073138,-0.5624918013567259,0
4832,-45.141184561833875,3.9886675668160274,-5.531956051347623,34.53698006428326,-0.300192970894406,0
4833,-36.00947840189934,3.4527823084062854,-3.1273895742699187,30.24611100904014,-0.6558102495982591,0
4834,-77.65290439396234,-0.754430087587088,-3.017355611727505,32.29100785461723,-0.3704454614018554,0
4835,-28.19535687450039,1.2767323444101093,-3.1802958397796606,26.681491356559427,-0.22863038359903604,0
4836,-29.752940272992305,1.5550563768037062,-1.8533622106077898,27.101044138737244,-0.6171243696598407,0
4837,-25.682738987006942,-0.34648011198746786,-2.353048433334229,32.80614869315204,-0.23655908260489156,0
4838,26.490183768678108,0.6557631184533154,-0.8064630118380509,27.11746492967864,0.15510417665690238,0
4839,-3.6146104356547273,1.1383159069797109,2.4949353442443276,24.92983165259062,0.11079718210062084,0
4840,3.2227580918513254,-1.0333052036437544,1.9519716595693497,30.03812005057825,0.19492858517881284,0
4841,30.562178003427377,-1.0191297585076953,3.709658172278263,28.8546707150815,0.5529251215854842,0
4842,52.167815854691725,0.8059798655347656,3.7818880375482196,25.031100239388415,0.6838788963743773,0
4843,44.64655108466422,-1.5021135552509466,5.492937061878608,24.504904058055367,0.36244423376435986,0
4844,79.35603589717755,-2.5283765808303382,2.6420081588926463,26.4612042102671,0.8420846478160464,1
4845,74.63742090175842,-5.320378820966781,4.729802707431131,28.34838163116792,0.07869704651321396,0
4846,27.803318174679845,-2.527854163140729,6.64391058831529,23.621754508356204,0.042094099040359434,1
4847,67.41476129163703,-3.6656196613122978,5.8371115330503685,15.759840595102727,0.12993190429925316,0
4848,72.62442337912269,-2.203641520865968,5.893531912414822,19.707868903108768,0.011468868063734317,0
4849,98.4677351964379,-5.110638813615814,4.066498506374228,17.86592767288026,-0.12881219725117665,0
4850,40.515361024900514,-9.257196133090273,2.8788719851505538,13.715456419503857,-0.3210468464506194,0
4851,147.19374016894707,-9.431113374514764,1.5953449623215537,20.54116896720323,-0.483225510068683,0
4852,109.07457778707817,-4.950644575099814,0.627561176944996,19.989665862613222,-0.4759215725596534,0
4853,102.6883814802874,-7.937476093035986,1.5647797322138168,19.803496967626923,-0.605007440519217,0
4854,123.60271143582388,-6.281647008050663,0.27395224963739456,10.268473215833465,-0.3623260144363736,0
4855,146.1060691151206,-7.266926603970066,-1.2932717275395873,15.054786786562527,-0.4597136516026222,0
4856,114.91804868744323,-8.150546034858131,-1.657042511501929,13.27494322926021,-0.43558229490568495,0
4857,113.77528655912877,-8.311525981339042,-2.8749952818917492,13.876799802162292,-0.2963285519298018,0
4858,93.76153343529847,-10.131226350610866,-2.787147122716437,12.016945985709935,0.07555408551749365,0
4859,83.75520817682228,-8.69264990519483,-3.379120508647645,10.329565822567059,-0.09617693562377329,0
4860,71.64266873699569,-10.069080354151568,-5.807428317690625,8.748501989049391,-0.10643641670336723,0
4861,58.398282475641096,-9.861359891339275,-4.6886243795857485,13.962384353001976,0.08726441611601235,0
4862,54.19360391529106,-9.958110933865608,-6.654023206914459,3.1318006215825944,0.3453725352574988,0
4863,33.2573572897262,-9.934893194470519,-4.67627935193615,5.584729412605746,0.5625027061636381,0
4864,50.48345553434221,-7.784154723121322,-3.8374078256660837,10.86457006021282,0.6747444212339606,0
4865,9.520365325779672,-10.0110120363436,-5.210766420494106,0.4073870518561167,0.8165366429489602,1
4866,37.81310250102882,-7.802580949054735,-3.6134818124297183,-0.334608028044713,0.5791808503814234,0
4867,23.70955048032702,-6.848211129600433,-2.360009639195318,6.137314985163237,0.16076990875782954,0
4868,17.572101172343203,-8.263162505857064,-1.2136721160172952,-5.651167299306183,0.17258867213571763,0
4869,-5.75821568008751,-8.928318077893383,-0.7465310247341821,3.7717618189031983,-0.3626714015874525,0
4870,56.22583850621556,-9.342806137724162,-0.6419009773547129,-2.979549828856608,-0.141678930957511,0
4871,11.94823393081688,-8.239982576921353,1.4535496067548392,0.5188555522766292,-0.34273378353541994,0
4872,-49.935235484153125,-9.741286398811916,0.7723813427660082,-8.633978514712206,-0.8068541187914623,0
4873,-29.92708992241699,-7.875381211623162,3.0123894302535925,2.3969295877832826,-0.014527820677399161,0
4874,-55.93908430920668,-8.516216145159838,3.4946940700903335,-10.611379726377443,-0.5644678781025622,0
4875,-72.82564085269632,-10.339659534912222,4.335920229626287,-1.8953594268618712,-0.919479954018188,0
4876,-87.56964980041258,-7.679782774212635,4.26676993940086,-12.390139860263144,-0.5175445456320642,0
4877,-59.74886077132105,-9.116356664847643,3.4819160374189497,1.5385647116133239,-0.05590788294107718,0
4878,-88.96242330394179,-9.31616938571055,4.587839031838508,-8.84695917973604,0.10649818716905052,0
4879,-62.16720153299773,-9.838137362762964,5.652080337753318,0.28052048480514635,-0.12754929550723104,0
4880,-67.02242305164208,-8.313325297693574,5.5615771311101545,-14.548127767272256,0.028186791356845264,0
4881,-63.925868202572076,-6.390452809028743,6.146874652085144,-13.642687813750017,0.40136852312774995,1
4882,-112.04469968120904,-6.322558995959864,4.658806893142115,-6.347010696789301,0.2595287759776193,0
4883,-88.13328233275006,-7.090465500628642,0.911543503812366,-20.49779912892287,0.48919732870881877,0
4884,-86.65954785558876,-6.275290830488972,0.757310274007994,-17.82401805460869,0.637092594339258,0
4885,-109.46797430660052,-4.589826992691787,0.15375399618631733,-12.807477499146472,0.2841113916221841,0
4886,-115.09661738615867,-7.073966285346408,-0.9052665254526301,-21.325744479318125,0.7921752887984248,1
4887,-66.15175080720965,-8.628755280923917,-1.713740564520862,-14.565283913768571,0.25109962744613773,0
4888,-91.49063009620028,-3.403545684150604,-0.26815617334295716,-17.258009007360883,0.20434852661069677,0
4889,-80.05997067977407,-6.658240621504918,-4.543599228358353,-26.60667518887695,0.22556405372636906,0
4890,-105.03260366017008,-6.558245298511974,-4.822877923896791,-15.12040414295976,0.24964700924537508,0
4891,-107.9033576624056,-8.335908270669986,-2.9494932740790465,-27.18423112844826,0.04782100034126863,0
4892,-88.99876779545147,-3.1550340503226924,-5.510151822125325,-17.920139209233916,-0.23909624516480937,0
4893,-73.40685283656263,-7.083851040161653,-4.606325971025703,-22.029916410972668,-0.2934634596432408,0
4894,-84.81880461393132,-4.875208676694606,-3.871654894938248,-25.834045818750596,-0.2254295542538743,0
4895,-55.704465271559926,-1.7235277723870557,-4.130619704285432,-29.963262933772242,-0.4888871936139987,0
4896,-80.6962241988157,-0.9742206635941706,-3.952089590879485,-23.65739632136113,-0.6596345412900928,0
4897,-60.27674994203849,-3.2334893732230476,-2.5667785261636173,-30.523738395422953,-0.5800511329312943,0
4898,-15.028815093865084,-1.705581441622162,-3.620243114908364,-20.968254430445477,-0.1988088402603727,0
4899,-6.65823479966854,-2.6860651128492954,-2.3365991068981717,-21.62187329824167,-0.43010808201037204,0
4900,-16.67140127175456,-1.538919207907962,-0.34429540671772463,-20.45892349459116,-0.4446979891328101,0
4901,-19.20070783571687,0.5901603995980291,-1.95398912044851,-28.07810641371676,-0.04352213932353903,0
4902,-9.416584540037208,-0.4458522613559792,2.522814463350451,-32.305849981814276,0.1491442337838341,0
4903,13.53180758287926,0.5673289203991538,2.356301591738642,-32.55840789630778,0.46854272839099825,0
4904,43.543431538944844,-1.37797530564402,3.070776533723802,-33.70149780191376,0.1106367884083233,0
4905,58.56758947724194,4.309151656873073,2.0357461907628576,-31.37545709192547,0.5413088312181038,0
4906,39.02196137306589,3.550066749053213,2.9820020509580925,-31.183827642249863,0.7299249825762257,1
4907,34.34354983687768,4.596115025492916,4.302203562790938,-27.947074926047776,0.31922855912250164,0
4908,70.65741768973092,6.064001457191016,5.75298757556896,-34.72867101011494,0.43893282028887337,0
4909,56.06453063624822,2.2968655199748857,2.9165484313596752,-42.55588482187531,-0.10535771547245582,0
4910,68.68011434621032,3.6847765956509275,5.630074253097471,-38.27309745721824,0.37253995315274013,0
4911,111.27083282580878,1.055169495570229,4.137199460007189,-29.13848466633752,0.21249464141108532,0
4912,106.18081651402066,11.556847147532935,3.7500382436389854,-45.36762055549544,-0.09991989490121819,0
4913,96.77555277255692,5.394806537657332,3.5448762106883223,-34.54092864768499,-0.5021116423357999,0
4914,71.2198642987124,8.175176831531022,2.7472089817704295,-40.82620060260134,-0.2228701044633239,0
4915,102.96257623753013,4.009901479491642,0.8532859045237391,-43.911764355964344,-0.49301522859052727,0
4916,121.07766733663087,8.85129117444979,1.2160272374686456,-38.121698077153106,-1.0481983999328734,0
4917,92.40431121689562,10.92884391750161,-2.726444311709769,-32.88425934667363,-0.3406259412714725,0
4918,126.03339186198505,7.430218108576752,-1.839400732831842,-39.55979967566851,-0.22336159881418577,0
4919,122.97085509963821,5.847261039237558,-2.1618614345138103,-43.13123343651658,-0.10729923355452065,0
4920,127.5250947359348,7.890007194337014,-3.494740464158412,-48.83852356368684,-0.5161246363674212,0
4921,96.54807018510864,3.9922381637384037,-5.685377170795949,-43.37534540433616,-0.5063568214232567,0
4922,97.4801325776837,8.627039024467216,-3.6552903080712498,-50.047519065337994,-0.05636197205476819,0
4923,108.44852648717324,10.580045419265616,-6.040611269815621,-45.4247073065576,0.275703994499321,0
4924,82.7441616109093,9.079553943048147,-5.047592409551465,-44.66114122749335,0.11461301805173893,0
4925,56.66575479808333,8.77287530627792,-4.816358738947646,-56.60158947524254,0.08892297844505165,0
4926,49.94738550656827,10.563027810480742,-4.740767085762531,-38.292381079407356,0.6196347777074677,0
4927,55.32845499518609,10.858913657425163,-3.192994347770501,-51.84361655487682,0.43086509166964193,0
4928,15.880088775067875,6.44990308994898,-3.8427794825785453,-46.97956248705194,0.6049547499942247,0
4929,29.543534340699235,10.041791193381682,-2.6384970856468293,-43.76093825145595,0.42121068839052633,0
4930,44.73323330270183,14.805891345122795,-2.2760622406369384,-40.24912246621056,0.28510147499443905,0
4931,-30.85704074871889,7.308834803952935,-0.6728971388427711,-51.095686541018736,0.17733167929716342,0
4932,33.69385131517415,9.82803385682302,1.0932099687720305,-60.00504492592076,-0.026680162880756808,0
4933,15.45784959199077,13.877376022338122,0.8347958243628903,-42.37101413823295,-0.1958700490436732,0
4934,-26.10893303976748,12.172266842336102,2.448846359176366,-54.2979161514157,-0.46428382218991365,0
4935,-15.800834599602233,8.882251316494981,4.025609073104271,-46.52011496633738,-0.26542548429422136,0
4936,-36.09424270592075,10.241676134926223,4.728279563702636,-46.45694586029795,-0.19831081835523046,0
4937,-20.684665199400143,9.720974318961424,3.652226159451865,-65.05317939083335,-0.5936347126457282,0
4938,-34.30561755605177,8.10053844412558,5.579405160760457,-57.075837389370776,-0.12195317416190543,0
4939,-90.09635942508785,9.295675504343988,5.116087217458693,-51.49473086134143,-0.3772594132624738,0
4940,-57.864929077922085,8.708139589413825,6.114844776036545,-62.28066010449494,-0.31791482522899905,1
4941,-80.54244492386476,9.294296513957958,5.497308952431241,-56.199879223049855,-0.1225100587135258,0
4942,-80.82928476938639,7.350091785544475,4.9389113417146415,-49.02502918407617,0.08018955595069403,0
4943,-102.28125031980753,6.04956871754678,4.645875449547681,-50.19178428116883,-0.05680753920845842,0
4944,-57.110499653808105,8.254688009819981,3.847886132862477,-48.326138820401866,0.2909645186813391,0
4945,-74.70746798491786,11.481091649595188,3.1244984840296435,-47.66341593301692,0.5191404810500725,0
4946,-112.78529960596062,7.908743777167208,1.7960205754351974,-58.3688153717179,0.33607710140663194,0
4947,-126.18417795512961,6.755276266544124,0.7498822748696917,-56.41407236314698,0.4782408250855221,0
4948,-107.7134170921338,8.58221903815026,1.7716043293039065,-46.193168341891244,0.34654683619409066,0
4949,-90.81874361698615,6.3953103720708535,-0.5075559580788563,-42.36851699474779,0.3794307275860039,0
4950,-93.21925272434297,10.069141237891015,-2.5126298752894796,-54.797381953628744,0.34344224467511325,0
4951,-70.49586906549888,5.930546769825576,-3.0936687023716436,-48.61600377783468,0.13095507465035763,0
4952,-76.34049787488735,6.929819478348196,-2.524644084400264,-45.80534377351727,0.16976729289447406,0
4953,-68.40725720611113,3.596250966838199,-4.938981230850082,-48.56327100714621,0.10279552265626508,0
4954,-76.04402014588388,5.67551162743367,-6.139162030628332,-50.88527171690467,-0.02677929074618407,0
4955,-104.32446986437509,4.771722562723485,-6.334258067424983,-52.71522534455289,-0.41302505288581814,0
4956,-73.6450856407757,3.6501742071040915,-6.727082647409977,-39.43636040099043,-0.4891060039251148,0
4957,-41.025209726130264,2.2919157753581585,-6.169961270318595,-48.712647845284195,-0.28131081564555016,0
4958,-55.13160094157296,1.5433789456514087,-5.73085448104685,-47.06029270361962,-0.6165616588773066,0
4959,-35.372912114265056,2.9011054543169505,-2.6621996060092528,-47.17511091500566,-0.32909948954331397,0
4960,-42.68929420893767,3.105399411610127,-3.429706102457789,-52.6309937788653,-0.5954301787474555,0
4961,-47.42733253162561,1.099698824678067,-2.9479897933562436,-48.06756013928993,-0.2884354043905696,0
4962,-19.546657060822113,1.431679144676182,-3.12629380247869,-49.66631418542992,-0.09576132025543097,0
4963,-0.9768516645940908,0.2822903875131164,-0.8570704777275749,-49.470052792489696,-0.6365708177108542,0
4964,-10.278061283023685,0.055253138078916575,-1.45387278611701,-45.879626133138366,0.21618318516101337,0
4965,8.086628532356839,-1.042253109164656,0.9001369944865816,-51.71875857011104,0.44863188635067913,0
4966,3.8488470169933002,-1.103379143308163,4.269534326663405,-52.821752084705615,0.25458544124895155,0
4967,54.634076104710104,3.761643170761987,3.71642130269774,-43.922732455382764,0.4858064449441737,0
4968,35.648905374426036,-1.5021973429273625,3.568699115244805,-48.71438457331642,0.31190583116976434,0
4969,79.4669400310205,-1.3205876634196587,5.051863669973555,-47.382962145752145,0.5726450865696877,0
4970,89.35689640890352,-2.2143234152911844,4.2338697980542035,-54.88515569729277,0.9677186487126004,0
4971,64.94380066550379,-4.087469001076443,4.166824836130413,-39.99095254660163,-0.0307545215308071,0
4972,53.513433192375956,-1.4364189230157183,6.685683159405944,-41.73355697230893,0.20503590029423804,1
4973,38.34592790903206,-5.059227988059835,3.6547310077815722,-40.342824815891724,0.3338539936824258,0
4974,56.20464974559091,-2.8081045273370653,4.067095079947789,-41.458518668630084,0.28055685028542515,0
4975,62.89446001224936,-6.015647826662922,4.175200309363133,-50.46955208712407,-0.3970298236417721,0
4976,121.76335564043353,-7.6828337743354265,2.2266320531124575,-41.2222377082594,-0.38620108061080716,0
4977,99.39210647390003,-5.433347004506589,2.9810769476320496,-44.87341892823819,-0.48954743917898447,0
4978,106.7794093959134,-8.759319679783902,1.0985746403184682,-46.0858252846691,-0.5856417474956455,0
4979,55.50155435035244,-5.8481745178936375,1.0877570031478656,-38.19857882763724,-0.5191886329881469,0
4980,75.87503412004332,-9.659949246619124,0.01161093652248768,-31.81727674209622,-0.7783009667073839,0
4981,116.50283445735813,-8.24364966904864,-1.7927068439955371,-32.038082128332235,-0.4960777469433622,0
4982,102.43680774687982,-10.784084551736008,-0.752576073042782,-35.77321064284933,-0.5452463914883814,0
4983,90.73109881713343,-2.567485252549611,-3.943909185209115,-38.39867998913825,-0.2526509794707848,0
4984,101.00995877709562,-11.798397233793985,-2.6143351727744735,-38.673555747159895,-0.23943094278067684,0
4985,117.57059118611369,-8.724287703443807,-3.3149041598617153,-41.4516291891192,0.01705298195886404,0
4986,74.72746978661736,-6.688888471034394,-3.0665913052601033,-37.596273137653014,-0.011705076511613705,0
4987,74.0385752634151,-7.1118729697774175,-4.818198780578509,-31.008984823802315,0.5133737977666192,0
4988,69.2800711703972,-7.668151481165291,-5.736596393151313,-25.72568619640863,0.35612786017033793,0
4989,105.39354281153405,-10.168061231437841,-2.6297083856857717,-38.19962953794675,0.4847974844978162,0
4990,7.112408061648807,-6.970366245671861,-4.612067227824801,-43.35448513876728,0.4705943224026096,0
4991,53.82159058269011,-7.960525317110294,-4.491244046549868,-35.28263108621882,0.4742890139364677,0
4992,28.51744547697272,-9.453008452146914,-3.1212055816409197,-27.34428306214608,0.4041278280954969,0
4993,32.497406930070866,-9.46205748570782,-3.0499604954316966,-20.72571449744865,0.459503365118114,0
4994,-1.848440152346031,-10.59182274091037,-0.5965165083923211,-23.747507815811083,0.10938674777486498,0
4995,0.34385284931464777,-11.81908519780505,-0.737972145443833,-23.069782003978244,-0.12411603811670757,0
4996,5.562287082662378,-7.5162886505608935,0.5758481697901738,-32.930705961070615,-0.12034421823434684,0
4997,43.68978859419479,-7.332012796189815,2.7923289687594597,-31.965074408025288,-0.3883028124677951,0
4998,-12.124653089628247,-11.665599360576694,3.336722029600584,-33.641256194614655,-0.3940032276265953,0
4999,-54.68103215341377,-10.121165405693299,3.5089322067514996,-29.502878634002734,-0.6688677340790696,0
5000,-55.25237417270168,-9.992126628335912,4.305271231406995,-20.747793138432115,-0.2869944839780757,0
5001,-64.43554091397563,-9.638018976839419,4.622877812211413,-16.328521247676072,-0.6471550774491521,0
5002,-99.31698906553896,-9.287617603570492,4.471881029388979,-21.846265895934,-0.20140144225179946,0
5003,-77.40928324909615,-7.342449014304384,4.9974545724702635,-23.96292289580904,-0.364322538890437,0
5004,-62.846766652290775,-10.527485511682581,5.388434522903529,-27.125333402792936,-0.060230167414289604,0
5005,-108.90947170701621,-10.50004591193208,4.4737908589527695,-21.449959919984504,-0.24361090531592866,0
5006,-67.54310402318829,-6.086399685776294,4.5386950990449435,-18.959072651996898,-0.33415253872635653,0
5007,-82.96079813127464,-9.215821254829066,2.6370245311202325,-26.36939518905703,-0.12647013737304036,0
5008,-110.67810793390044,-10.526773067422802,2.086080308748239,-13.518379357718818,0.8297882102828836,1
5009,-101.14204644655678,-8.661135244455012,1.0646933338929094,-19.30977310093037,0.3061284413253754,0
5010,-67.68073420437592,-8.021930647659882,0.2712013380765562,-11.940707180967944,0.7034288840576354,1
5011,-85.31628915724271,-3.9044488096582763,1.1274906833345935,-15.353470565895416,0.23987488446556493,0
5012,-99.15260789463892,-4.799738645646974,-0.42330829264605585,-12.857752316049801,0.505813707080783,0
5013,-102.43052754695047,-3.972746627686747,-3.1701060854905005,-16.89280951267579,0.468353306403939,0
5014,-93.51730510431531,-4.230571161356662,-2.516071951982215,-14.140014526182979,0.8589711953418195,1
5015,-101.70767992775575,-3.5660884491106186,-4.086790317349879,-8.235635505450553,0.09507828450407567,0
5016,-129.0763590671883,-6.4091537950831245,-4.973874197395318,-11.127667135266462,-0.13081407330591385,0
5017,-40.77768183965272,-4.992027749486172,-6.201422536619823,-15.01518794859124,-0.0666060970899462,0
5018,-72.33907871371377,-6.125003296024109,-3.979958433212257,-7.9487935027626415,-0.45775839671205604,0
5019,-60.553144759247054,-4.106137189337881,-6.354518618332049,-5.591232049660146,-0.30253462509844137,0
5020,-62.06016629974789,-1.8477286210555564,-4.8824353036956225,0.33489988127404313,-0.47245004374936983,0
5021,-67.38175579180567,-2.4695113362826357,-5.4240243482165145,0.22589971301601253,-0.6485712711156786,0
5022,-47.648962522479366,0.36838969752025896,-3.170597841071999,-4.865153572417716,-0.39051865803289565,0
5023,-66.7304825098172,-4.047662303655617,-3.5921901197305157,-6.281944144558533,-0.41560263795031954,0
5024,20.334164780302075,-0.27020163891333526,-2.5738177221558605,-3.688649738576518,-0.19401454009413607,0
5025,-40.1109174052775,-3.269955531063082,-1.6243567141082924,-4.166665876053186,0.10651450390485806,0
5026,-26.119037058282608,-0.08573560392605445,-0.2445774817248998,1.982571370656627,-0.18219520530502994,0
5027,-4.289177948805859,1.7065247665038554,0.4641446386656932,5.660073723109759,-0.014745718337029756,0
5028,40.22811571567827,0.29623472422746705,1.388168853914395,7.650722081175076,-0.05818568004829072,0
5029,24.562830786244003,2.325062280588035,1.8362751587415354,0.3897395961292909,0.4396947904910886,0
5030,9.113460159404525,-0.2021427685681898,1.6093093050554936,0.8888811593937938,0.30111514820218344,0
5031,68.14838868755004,-1.1198376370000394,2.76791168896482,2.3439027722409365,0.5553313099574532,0
5032,66.47682191302948,3.806304276530712,5.152425355942481,-4.219226407507471,0.7320475181983466,1
5033,70.90256032884469,6.658239001383899,4.4988417030547465,0.4198036872859401,0.3302303737361735,0
5034,82.12476015178886,1.6481782592550616,4.3198202590594175,7.251434127016746,0.29868513525334117,0
5035,122.69599162622308,6.545607331636596,3.558581186583335,10.30792195494426,0.48772195802948287,0
5036,124.76186546387152,4.638765709329242,3.0272301378874396,11.851428125002982,0.2921396488867204,0
5037,72.76695025063006,2.3198583419479686,3.6369953273904203,6.473332209242381,0.12332988560430289,0
5038,123.55595454692687,3.15507777219218,4.648549825391313,8.896344879117164,-0.22313705992370664,0
5039,102.40859225149087,5.862962511929068,2.4738023942376772,10.975927277744818,-0.5670265850124894,0
5040,107.44745554054836,5.421197534188322,2.5809024040093966,11.384438295278565,-0.5321375751871923,0
5041,65.36658989636828,3.9874532406588203,0.6399750000243253,17.69146202137736,-0.6668079784355072,0
5042,96.55946495880099,3.5918279620070357,0.8949636000796144,8.666108137489953,-0.3822144953948886,0
5043,83.46704317669652,5.635649067641083,-1.0928015985328534,10.410023342612536,-0.43069969103759737,0
5044,115.04462160065354,8.047568036799142,-2.9405393863058102,15.607385184987683,-0.5528514105203725,0
5045,117.68097159903746,7.958864925747771,-2.877093864196554,11.207763845260702,-0.4255371218214743,0
5046,51.58375913694512,7.260981912257444,-1.569647690474846,9.462437593418374,-0.12129828061848477,0
5047,88.51695393579614,8.938369271101609,-2.2735783963991247,12.418824153620717,-0.13742774768316746,0
5048,106.39021092492031,10.864453335029712,-4.074746577037689,19.586103754159353,-0.040353139694542545,0
5049,74.37590076263926,9.800501504047233,-5.014312028240792,24.857477929360385,0.6142543556745607,0
5050,86.06680798414425,8.974953800554585,-4.6948840492090556,25.85812203088166,0.23175003717106984,0
5051,71.17063967523949,11.255998689369967,-4.604180333737386,31.42829181840045,0.5680207591077511,0
5052,63.001391280054705,7.638942862990392,-4.686980202569423,24.875070367663785,0.5666318212939572,0
5053,42.20152944376247,9.243701549063319,-3.7469452569034094,26.416031092531167,0.19368735246890872,0
5054,14.2799737627834,9.402033114452333,-3.353500311477661,24.841183421873062,0.3282465174387159,0
5055,6.778953494929947,7.4164654097155776,-3.1095426330685187,25.93183941492523,0.5521246067628456,0
5056,33.70272109787725,9.112065763970419,-3.109299291005109,38.18067550868195,0.25157297325717765,0
5057,10.01595615279074,5.838462536269623,-1.4182671437282737,29.9105723349091,-0.1503703779253439,0
5058,-3.1285213299853614,13.824340050010806,0.8353462629115344,31.159611647352268,0.07352358450178832,0
5059,-18.817564984811057,8.111763682441198,0.9969721787593993,24.49532703666234,-0.26934652780240254,0
5060,-26.321717243097638,13.120465549553295,2.280327850013219,33.063580218656895,-0.19956189264407423,0
5061,-8.955869662194349,9.961186913271527,2.5696940012609075,35.08129485957636,0.1425735342815515,0
5062,-45.9764603867944,10.926819384529544,2.5520520678198926,38.10663629134734,-0.39145214084492047,0
5063,-75.07795757953048,8.707077116326785,3.9879748305740628,36.45793736466533,-0.3766642266830171,0
5064,-41.88654773846949,9.963915041662512,3.6506022319072198,33.41293012643591,-0.5364735988076146,0
5065,-68.79291346873356,10.688548715813548,3.8469224652022036,33.92499303467996,-0.6527842137305947,0
5066,-71.35684496953088,10.532724008084521,6.20233017343483,35.123286157074524,-0.1289643039699164,1
5067,-46.40333029123825,10.546211448108313,4.440887080949912,36.717011717935264,-0.32998692098303634,0
5068,-84.7513471470527,8.030557760247298,3.789976224496374,43.202243705181225,-0.11107199477027502,0
5069,-83.49900335871519,7.555148855639613,5.639253450186558,42.89535914308883,0.4428701684889936,0
5070,-116.9116044742337,5.054875334860811,4.165795324543114,41.94987369750794,0.15852511802644575,0
5071,-100.84442769289299,8.996422015550083,2.1752313548352245,48.96925274458555,0.5908300422059359,0
5072,-86.41471484363288,9.801626603931915,2.0687766868541737,26.164366115703878,0.5158930259701849,0
5073,-130.88167660552534,10.536629533461266,0.43432473671916727,37.751842573049146,0.3792514467510757,0
5074,-95.92935540257704,7.564550573889148,-1.0203092234602322,40.58632948154173,0.5658647722638843,0
5075,-97.10386118343553,5.053402998432215,-0.8376193628239078,37.85584580460763,0.31756505954343744,0
5076,-96.47698779173133,2.807865020942136,-2.568975833877465,37.12605390073222,0.5638940730227511,0
5077,-73.77039641433224,7.885583623659638,-3.0120512339554506,33.7301143057406,0.5202598403818155,0
5078,-84.09129318129969,1.7953872702697224,-2.7859704574608015,41.28344862989903,0.1443410974657322,0
5079,-56.57807021553647,4.278955449644436,-3.4641186583929224,47.81727067681069,0.2547155258252673,0
5080,-100.51006570711877,4.071375324742543,-5.318992453671306,47.706522560195495,-0.1288535363891093,0
5081,-71.61284027116125,3.929606461938589,-4.4863139987052385,40.54836270668682,-0.11068430771475365,0
5082,-65.59235801318819,3.6784805217215526,-6.105416558347434,45.864685805688765,0.1901589966477064,0
5083,-80.94488929806303,3.412513708514764,-4.333921240047809,51.988002976923774,0.024187414307478727,0
5084,-32.1169032351222,-2.1730035674263517,-4.25187883011516,38.01813276302877,-0.5360432253699179,0
5085,4.07966013783917,2.2018962141458616,-3.4620044774904715,45.22450539784584,-0.424907070281488,0
5086,-33.50114544195269,-2.777135645669456,-3.4259103936658772,47.83297720316115,-0.6352752822924075,0
5087,-13.476486170105467,2.651678594105331,-0.20715411195326539,46.813823319074004,-0.16771307793086485,0
5088,-12.066849731981788,-0.42074840613045184,-2.263940914066398,51.361459583611136,-0.12330752494542112,0
5089,-18.071766371936967,-4.124035483094822,0.591818888520598,39.94486577090573,-0.21169511483933554,0
5090,-30.22016318232753,-1.9383103214920012,-0.41338400890375193,42.71163295499605,0.3298198204371856,0
5091,2.0127892437280064,-1.94921598814047,2.096055378436369,51.43856765826229,0.1804113725309417,0
5092,-1.938840413168407,1.0751918242102945,3.077441571240647,39.785664621097936,0.2495740350602932,0
5093,69.49564955934294,-1.4068091902599162,3.3668349010982737,52.60473004350801,0.5222772967552893,0
5094,42.270853847060295,-1.6005727737017916,3.494708686207767,51.024669822204395,0.3984695831432373,0
5095,46.36874171295836,-0.41067491827711766,4.650272026422005,52.69535636099095,0.4903514946424658,0
5096,79.25185798650949,-3.4421309356281773,5.11548643983802,46.829894370154534,0.8067732125824773,1
5097,46.60123688470904,-2.2100676973610023,6.784458121333818,51.896449907631485,0.25455261566617154,1
5098,60.576668153811596,-2.810028478687611,4.069111061882816,43.636996718286596,0.3988179413729716,0
5099,83.39457718722217,-7.199554579780592,4.13546749146389,47.55728798782785,0.009723935048706042,0
5100,107.90804658264338,-2.1179491939852504,4.539015629968323,49.92303426930798,-0.21681986994739114,0
5101,101.79330347161019,-8.329163512353226,3.391520646275179,45.3392234402785,-0.18511531355109712,0
5102,100.23620961544245,-4.064751714729301,2.7954104805079143,50.995203374582665,0.23653483461540575,0
5103,99.39026224871485,-9.329810508827386,3.098247920264294,44.23537015956623,-0.24874098962416968,0
5104,107.41336131882831,-5.473634397675232,-1.7407716693760142,51.33141572538395,-0.3811878698005102,0
5105,104.02918066237531,-3.3160349635553583,-0.5098918143021176,58.70917397265109,-0.6047359274681988,0
5106,78.9850272134551,-7.811982783324488,-2.6492595747416665,43.70835572981015,-0.5583213162582139,0
5107,99.09939215780183,-8.226436289190858,-3.061499808264257,49.85064880667731,-0.7166769229864766,0
5108,74.3164093614088,-6.801264242832801,-0.34547299364517947,41.82542484940642,0.037964662149504946,0
5109,94.06710437249106,-8.969305208621982,-2.9267057578017357,45.682275374226926,-0.13964364381963656,0
5110,78.5640812463102,-4.941550991730889,-3.2075597740513944,53.26866849485568,-0.012141111318545755,0
5111,133.8152232563442,-8.439879199213378,-4.708093979374728,47.49775389307623,0.14146855133376823,0
5112,76.25066960825643,-9.688701949828818,-4.152803748538111,53.23506216497988,0.6589637859489961,0
5113,42.2148887251585,-10.330417029398065,-6.766228618211622,51.15473428934168,0.4195469359184387,0
5114,60.164787438868615,-11.294106156464824,-3.850191405502331,48.88528269540867,0.40772702617165457,0
5115,65.1563178127115,-10.8385168192219,-5.402270979919583,43.87368514111744,0.8527819450203952,1
5116,79.60993789896148,-10.415198736231556,-4.624992826494913,52.24145562420382,0.46972004136681156,0
5117,25.266084857341543,-10.795695628122969,-2.936574098592586,50.10842463598728,0.11575063568072064,0
5118,-4.051195382846593,-11.218787632283155,-2.336115850845596,40.70186096112733,0.06652206508237213,0
5119,34.20059182816294,-5.762023290566766,-1.6730307008218506,43.254405861553586,0.2182144878756021,0
5120,-19.660124716705386,-12.052270494049607,-2.1557630538002988,33.94763007449662,0.17659986139539835,0
5121,-10.762713877809105,-9.706214758499444,0.30373174550434656,40.6612646325537,0.13381200253575262,0
5122,-17.163090147393895,-8.796844014785204,2.152934836851977,45.60014641430766,-0.36035541663801435,0
5123,-23.25441814396559,-8.679126627034613,1.60080562592518,41.54651239090539,-0.35208093560459514,0
5124,-17.711093207001685,-9.989170173426299,4.304101357187884,42.30749079370849,-0.5718674339905201,0
5125,-54.485019806984646,-10.261299820375832,2.853175417497263,53.040122033215354,-0.2534843480444075,0
5126,-55.19708766518518,-8.760293705601034,4.320579712967097,50.83435104287696,-0.2434930207621302,0
5127,-58.42126733130719,-8.989685960397809,6.265537187464174,41.80168115666009,-0.08741284815447031,1
5128,-62.97638447373225,-9.876185638354034,4.276408650331348,48.809338535073174,-0.3450531257690397,0
5129,-71.18514959847322,-12.294173024502577,6.041740973213011,50.464706832914445,0.058507096466414776,1
5130,-70.86411943675964,-9.895489974112342,6.793508707255656,47.01402168649098,-0.3242265766537793,1
5131,-68.35480722847358,-11.019575065020899,4.628888673459877,44.92928537785846,0.003031531741766562,0
5132,-82.17467164077226,-9.805814403714935,3.392095679813511,48.42225880526366,-0.10324433197000972,0
5133,-84.8518764544705,-8.128895066135165,2.4513992723418716,46.25705708551563,0.36293318775680034,0
5134,-128.5258297969033,-7.181231408956439,3.7052299760293965,35.8058564155758,0.4223850740438349,0
5135,-97.86658542701643,-4.021417702468101,2.758105235666583,40.371779038486274,-0.040806363076141994,0
5136,-90.28287365611914,-8.321803611748734,1.952444739684949,37.98468145245688,0.7162171886582349,1
5137,-85.29818768223123,-5.344293529304015,-0.5280365826565557,45.919683359479784,0.6655445977064708,0
5138,-112.73007593111133,-5.91094842498094,-0.43598314846889874,36.65143237705525,0.3393551329477348,0
5139,-110.08188796341918,-3.543893032439361,-2.442465979041875,35.17302357589231,0.4224955636199341,0
5140,-105.43295420593601,-4.581114308964174,-4.1010918689102995,43.432191545998286,-0.0494440293465955,0
5141,-79.33377419362948,-7.333887033780593,-2.7899771515629306,38.94664999267118,-0.04395706776157242,0
5142,-64.5956723292234,-8.333079127395514,-2.820355882142123,47.541661589548625,0.29485188708653787,0
5143,-87.78171424946397,-3.8223116365047627,-5.837324416054123,31.991204538898437,-0.4154037903418112,0
5144,-55.036822769091984,-5.048475225903529,-6.026622165259134,33.01337434130555,-0.31171180743510407,0
5145,-63.558678869874484,-5.488962061962299,-4.9188544519681034,40.50829196464459,-0.6939650126843708,0
5146,-60.686463909662834,-5.591432320181582,-3.7766598060922982,27.7798917940663,-0.4111322358964009,0
5147,-54.01938363695335,-2.254629156395893,-5.451878292419932,40.03712611107248,-0.3874379802279039,0
5148,-25.952920224864265,0.924972115123674,-3.504166658702321,26.651283061705623,-0.33176432962725166,0
5149,-25.058528778334043,-2.4164260873216086,-3.5859821790231043,34.97649845172223,-0.31702454521791834,0
5150,23.576923696496944,0.07681798453948874,-1.4396756206445276,21.934176439791052,-0.022605629019969098,0
5151,-29.134364379159386,-0.8101378479615797,-1.9980058690196905,30.58667235120076,-0.28861949489863226,0
5152,8.242673858469356,-2.6847381381726665,0.5599145849262488,22.71281827902398,-0.2434262632761559,0
5153,-2.7116930949051525,1.863544794325211,0.6265747284775959,38.379470691539034,-0.0003253895739889212,0
5154,0.39961695484518955,-1.2965505135982691,0.8130398878713151,22.566066868537725,-0.013717502238352941,0
5155,27.3033381421875,1.432766683838863,2.709487069242466,22.944889998189154,0.38687849158805654,0
5156,39.72807711304221,1.1996793809243542,1.4979609199581763,28.920425126353326,0.4256408434371484,0
5157,104.43534306539135,4.15737604832397,3.5299969277625727,22.38213053386888,0.5909996349623967,0
5158,51.01946517448316,0.73749334446897,4.916630661387784,28.02015436797859,0.16991002618659606,0
5159,40.182748308775814,4.110976293135831,3.115053470025434,20.089597765984024,0.44416963586557473,0
5160,75.70313847468617,2.1167614535956294,2.4284284302717696,18.818497648517237,0.6033732519003498,0
5161,35.50488052156842,3.2317767208299695,2.573638107076115,21.72555967581104,0.35642759210473074,0
5162,81.14396738888217,-2.5694151848282027,5.9577081034167545,14.875056396321193,-0.27723635280103387,0
5163,88.45989072032356,9.320430523302448,4.086788062244014,22.029512875254706,-0.04968166678267967,0
5164,108.3070151661162,6.659757446981713,2.998061725042699,23.514126966939532,-0.3388768353226383,0
5165,115.23969472189339,4.432465096648313,3.7019109237452326,20.9649200845111,-0.3175518964230895,0
5166,88.09122487841461,4.111450386519618,1.4686324048662862,20.48136402630645,-0.4954615902825138,0
5167,96.56489606382189,5.747167360300605,1.1831960144893603,6.698800600784066,-0.133220770936479,0
5168,84.67437661374315,8.533084385731378,-0.05432606970647616,13.066425989468879,-0.4827130647936075,0
5169,76.85602409597085,3.658271298922345,-1.542703783105001,13.284777247804332,-0.41062898591823827,0
5170,104.04230819516728,7.483785918576826,-1.726455949218027,20.732036943294005,-0.4145791912182942,0
5171,69.82221002334002,11.613338767223079,-2.1156830637338904,9.587523420937533,-0.20641617660251185,0
5172,83.49874601294924,6.089086681783589,-3.827020262159657,0.014677219448044454,-0.21330840293529418,0
5173,67.46801968770856,8.781785666514377,-4.710639000608246,5.52818228294481,0.13132665091970536,0
5174,93.07239033712325,13.270123405535838,-5.031128203424824,6.262524794232119,0.046880605866923095,0
5175,111.99445281758616,10.348141077021387,-7.238140380202482,-2.197285993999362,0.5380093790147736,0
5176,43.06218972658358,9.53331463745744,-4.711829058413104,12.441837138232668,0.475993246180473,0
5177,24.471314372283963,10.46917025135457,-6.059530205019979,-1.2394149956625533,0.4265276618234735,0
5178,50.856876723659255,8.80496219774948,-3.8828596072216643,7.846110231029186,0.664966832933305,0
5179,44.95839907955048,12.332739235507452,-4.085259589519491,-0.8407101401248367,0.5903086288365184,0
5180,39.86138550669834,9.037271793666385,-3.2127100653089595,11.159617875592424,0.6083974716062651,0
5181,17.050958920740904,5.995439089416692,-1.8082262058274847,1.245900270799178,0.37174902467991267,0
5182,12.194195816470598,9.184287223670767,-2.5257951707147117,-0.7679674250963577,0.18635311879648972,0
5183,13.624867766583094,8.061603453540185,-0.2569810848632557,3.2691341546166868,0.12068104616448938,0
5184,17.0882608473164,9.435881094690544,0.6393991956152423,-5.408620564165563,-0.15577768945295756,0
5185,-52.779176395895554,9.458307140916144,1.1701833603279628,1.5057830073097298,-0.00418908963434747,0
5186,-30.878165691233328,12.324591806179395,1.3559458955883978,-4.77957494549071,-0.03269960532417954,0
5187,-28.809578946627386,11.24878181518553,3.717477225102332,-6.342575052393714,-0.30804303937016,0
5188,-60.70107290698839,10.288537935439496,4.539326359566192,-4.8043955873968045,-0.1996712891224588,0
5189,-16.55089138925736,9.63552680260982,4.510182690747446,-10.810143869949616,-0.2742101693456112,0
5190,-72.20389830901328,7.379013749635245,3.711709301786481,-7.309345121802379,-0.5248874267290071,0
5191,-68.04850974964428,4.965954555478963,4.44935002064099,-5.64801460216064,-0.2336383716010478,0
5192,-63.15750281972141,9.362884412565283,4.912844394143509,-19.876761892269194,-0.5511478539134231,0
5193,-92.41676860868989,10.511269503152722,5.459784851673233,-3.860799201045543,-0.12478703057479909,0
5194,-123.03042250494195,8.468441714483232,2.7956977980548525,-6.218001337637217,-0.2514467216099745,0
5195,-99.31966844012882,7.356814969780898,3.2486962580335095,-20.547213981160514,0.11145565332952591,0
5196,-73.89867332663721,9.07588015957488,2.691147352674513,-22.29841612590219,-0.01810448929838937,0
5197,-104.0222058130938,7.680200694927956,2.1685776866897353,-9.003749720005505,0.6010394066633933,0
5198,-116.03777553835063,10.89872967098266,0.018681204768307147,-10.352431369019968,0.3814070200118466,0
5199,-81.43016628962948,9.654259978923674,0.11805643993449225,-12.015925383864541,0.6787288897671674,0
5200,-106.39502585171114,8.751413152205167,-0.9726904996121104,-23.215739175638134,0.4750037743597107,0
5201,-108.82169759545788,7.9743815755979055,-2.671194859600946,-7.881497810062999,0.07013059282345835,0
5202,-93.48294965395218,3.4889509076638667,-2.6578400290880495,-21.736492376934166,0.2517907403667584,0
5203,-77.94674033113344,6.990475476542149,-3.8860542991649463,-17.6937000961069,0.12099098498184616,0
5204,-41.6843072751645,5.998184053428015,-3.5209617997058515,-18.554226269102852,0.08239882688565872,0
5205,-67.83824743729028,6.026314562089622,-5.413411151550635,-12.762579207029903,0.23755793444112983,0
5206,-55.407435204448376,5.3545858901467245,-4.769264713187486,-21.007221446388005,0.12699211829751728,0
5207,-82.15943592540803,4.81987276166107,-5.804785980523798,-20.4510212080826,-0.3791037735960368,0
5208,-85.2735504932098,8.851277364096347,-5.5342591023716325,-23.80401562327865,-0.6803060411648916,0
5209,-55.57861538093496,2.8237478595515917,-4.378597820220417,-30.280174386866925,-0.6342106798278063,0
5210,-46.183119029747274,4.367929987506104,-3.996143342130022,-36.75955308577363,-0.4032473762797557,0
5211,-60.91518453726475,1.0661747931506291,-4.034183804791861,-25.862357225403194,-0.49000868718475576,0
5212,-33.476111151129054,3.0973174290775747,-3.128667968523344,-33.93566879209104,-0.7107784470636713,0
5213,-12.309706824813736,2.8987645932728605,-3.4409699556335562,-25.960814820068688,-0.38843828962949234,0
5214,-3.211237753857513,1.250517737823643,0.3665245513986106,-27.794713706963925,0.10829034923365766,0
5215,9.647708878053281,3.3603963467696802,0.6436519991938763,-28.7316439037452,0.05188063675330874,0
5216,15.366680710414968,-2.2464674769888813,1.601825355827657,-35.42204258881755,0.15092853754668537,0
5217,9.297252893521682,-1.9509806142720776,0.31163824758141634,-25.766243651518003,0.19911515893450538,0
5218,18.855241180980755,-1.0479610473004413,2.191460697054862,-29.3542739160304,0.2955537849096306,0
5219,14.558963548167746,-0.20360896472021994,3.2215779563655413,-38.403102857630245,0.5723905253949833,0
5220,83.25317121366344,-2.0939530482295616,2.252464347705737,-22.9053431545041,0.5266517859404959,0
5221,56.371176121803025,-0.3627526841018529,5.5340938169151315,-35.042216004719194,0.6425778524696226,0
5222,59.589051786943386,-4.731775016605039,6.373498735779529,-41.38627541217296,0.5442139898074384,1
5223,52.85388809114146,-6.155157558070185,7.060890234330658,-39.219300847967205,0.3464915378785977,1
5224,136.77280233625424,-3.713666226532992,3.833119910073821,-43.670522708259966,0.2964537040631798,0
5225,62.44305205210158,-4.929383220078077,4.6818652112590895,-30.013011340075614,-0.04144778482180919,0
5226,80.34422547806467,-4.122459925493031,5.390924086498627,-32.077258254871396,-0.08201147288173,0
5227,101.36102093253915,-5.683138890257282,3.1558689000371642,-34.436464675607546,0.052841168493366314,0
5228,108.24197600689153,-6.714452927494518,2.047955524236793,-36.01726266372175,-0.33694160246549265,0
5229,117.6282148282784,-6.575284636714037,-0.14986771931367393,-33.154862320697625,-0.4759670812271742,0
5230,135.869725480375,-6.742647673255064,1.8815614451020795,-41.21438703471382,-0.4452409236824401,0
5231,110.09234518466258,-7.768246710007282,-0.267390569654752,-38.482946870029124,-0.7317282798696105,0
5232,78.10135370477667,-7.904594868113178,-1.9646483208075787,-45.23131889240593,-0.42118123647690364,0
5233,92.3444517074747,-8.626822192712346,-1.8893780498799855,-42.4982394602078,-0.051310361455525366,0
5234,100.92736471443875,-6.408065005862184,-2.871518809440067,-40.023054447408384,-0.44252639285528594,0
5235,132.47568346865592,-8.014813704879094,-3.586975688451971,-58.20468923488416,-0.09259350696867898,0
5236,58.58514582469331,-4.149808474680781,-4.553334100540192,-46.405944777529704,-0.0028622497605964,0
5237,105.15818663517027,-8.580708249807865,-3.122007079797563,-42.97354860490489,0.13969619705067138,0
5238,78.45995415732189,-10.22038556912076,-5.097011301819531,-44.659639228152514,0.27040959231995076,0
5239,84.62529467836619,-3.97108122717644,-3.365142657953215,-46.989906888570005,0.5356642372104703,0
5240,58.15768539257131,-8.655664339791818,-4.242746094028226,-42.22014135346212,0.24705763659360386,0
5241,35.0763485563357,-7.649450285622466,-4.086456704127461,-49.124372942982234,0.6366087957943724,0
5242,58.151060733004925,-8.568207422592936,-4.004751247983872,-52.09702468968872,0.500330144123496,0
5243,46.99985294867214,-8.604728905478446,-2.216228561396542,-40.45193878932478,0.07813004409831231,0
5244,43.79116915830322,-8.853158689206683,-2.2487196286993285,-41.522260932643455,0.4123426651925307,0
5245,14.279437123727698,-12.17754575088415,-2.371214772166506,-50.07728971360651,0.2348120590625555,0
5246,-7.400744773266463,-9.262300108110377,-1.4245761886977046,-47.75222574734588,-0.1056094501910011,0
5247,-36.57579701774695,-12.646074203850272,0.9617024138528719,-43.48705026639491,-0.048571597011972396,0
5248,1.045611020811597,-10.31908498890034,0.6086437846067095,-47.785986710531226,-0.486158678091715,0
5249,-16.652571180549913,-11.370681243299954,2.3701574508966163,-45.62507812756876,-0.4821547570476302,0
5250,-53.98342571575823,-9.128799522696331,4.308967230554222,-46.148930208240515,-0.4292902251576257,0
5251,-54.63026982470264,-9.075176740722354,4.2455087396949365,-50.35385321894116,-0.8262723962167986,0
5252,-61.946773302663594,-8.656473296064837,3.752022857054462,-46.390117525297896,-0.7281952593808376,0
5253,-90.4984087213695,-8.89546587095544,6.238393855012275,-53.986603832271314,-0.6625863368203767,1
5254,-84.81161065145211,-10.511333423255277,5.5380368724097195,-47.362998176400964,-0.36937946461786186,0
5255,-98.06980315881566,-9.62407407690487,5.97076791759986,-49.85760902337385,-0.1855400645665819,0
5256,-89.82470567080458,-7.042908706730968,2.4507704017084797,-51.42367968693635,-0.31650385051597785,0
5257,-101.7159331218184,-6.5074169796585135,4.626430560189954,-55.96686629130264,-0.17954296429968847,0
5258,-123.98024373825463,-10.674522511927425,4.543733328617257,-49.16810744413855,0.18513724858167294,0
5259,-54.572863169265354,-11.159689534057943,4.660291810967799,-49.70703926844454,0.31294607032432786,0
5260,-72.60892055032453,-9.248250621398059,0.6366062754456752,-54.151200664355436,0.25790080428273177,0
5261,-114.89940719975131,-5.381212156525107,2.3632238288399376,-57.970724610210404,0.8353775188139421,1
5262,-94.53751162968074,-4.70033954867132,1.8120436114800125,-58.222094288085856,0.5362456339523365,0
5263,-91.30453210257426,-8.620190102553172,-2.8457557730734306,-51.26343778767854,0.4504613256030944,0
5264,-74.50430297263853,-5.77988297728459,-1.3129774507266814,-48.43394213515347,0.3491247540971888,0
5265,-112.38786568015658,-2.333391437463312,-2.065625326169329,-40.66994394721659,0.5318738063314089,0
5266,-70.90401675939681,-4.764381058903183,-3.7949588269262047,-50.07898047525386,0.3133933512275754,0
5267,-99.50795691790495,-2.3307627563463233,-4.604494378937919,-57.89360022137413,-0.2871244215215243,0
5268,-110.1860364730171,-2.7421497712049154,-3.9289666191554034,-50.69481851375503,-0.22813351019877978,0
5269,-63.071002216764036,-6.113987369445096,-5.510962170902663,-43.277097460029346,-0.3197567323362153,0
5270,-45.04861866570054,-4.216808110767038,-5.217202341873527,-52.801781366893074,-0.3536370324365779,0
5271,-11.70761388589959,-3.3010014990037417,-4.09215836021249,-43.62891234631075,-0.31529130077983564,0
5272,-79.42817563846522,-2.687484350548255,-2.85965980231196,-48.15774546125892,-0.704852109623033,0
5273,-32.86927870512386,-0.5810960209788418,-3.6008943983457007,-45.596786153147136,-0.5129629956708025,0
5274,-45.98961289579277,-1.1083540768098776,-3.365565962101468,-39.31220700755247,-0.11908516036484612,0
5275,-12.694708384017895,-7.305281856315144,-3.236123628955384,-57.54865766151375,-0.3739877668357445,0
5276,-48.056585638007526,-3.5621354286501474,-2.8425749729433814,-43.6163240453036,-0.4055939142762025,0
5277,-34.000789538271576,-4.812450976612676,0.23838958063023696,-48.28961848874884,-0.39668554045485266,0
5278,-14.274108812299833,0.4129010653767348,-0.02912069786184994,-52.26015769748801,-0.0787334549090027,0
5279,12.799026721310598,1.0428502196453266,2.265593631069054,-47.69656527821565,-0.050278216987320073,0
5280,8.262374642754025,1.6266247798925746,1.7314525212754788,-38.39879771312182,0.2185948300183858,0
5281,43.91867665907002,-0.3620316158250454,2.275664039255055,-39.82044202911642,0.5114188600331822,0
5282,60.62195211664681,3.3958742347361572,4.093091256837095,-56.121666284022574,0.47984403034976203,0
5283,61.02157387207399,3.966754623126278,4.1966933880107815,-49.57176793562508,0.4037165187447343,0
5284,89.8618473529366,0.5042406471972054,3.498277513613898,-40.594285237042556,0.1242118656988066,0
5285,73.68431660692383,0.5552367531160538,6.7642253327374,-44.98554091469108,0.5882895839160005,1
5286,48.25840597892163,3.951107691233744,4.365708535916895,-44.51700120618791,0.2532500756499241,0
5287,106.36706799042324,7.9891171487632056,5.767076250560018,-51.80091058533903,0.21828042022297234,0
5288,72.70927410740367,8.248208036646236,5.3351987941960495,-47.20142319223862,-0.1302965781341003,0
5289,107.88621245934377,6.406581942642299,2.7086014627501864,-49.76243935433458,-0.1790227555762709,0
5290,125.12193908448576,4.237633864682151,2.2822044471062535,-50.71818165669086,-0.3538112048872323,0
5291,105.81473484191343,7.87492541216286,2.1686642945134897,-48.20348775869621,-0.6239640536391995,0
5292,68.82551389793903,5.584754526142437,0.6916306044137062,-46.001724844085686,-0.6262195089047301,0
5293,81.4654980948484,5.3267313170682575,2.308753309990997,-44.5966976735929,-0.4952972166996216,0
5294,126.36821624956528,2.928803271878728,-0.6160732509430844,-44.41535730329593,-0.4363897133296551,0
5295,95.61615775027629,7.758454792591399,-0.5077625981533798,-34.49992534242514,-0.5923239062052937,0
5296,98.68620531209604,6.612028866290883,-1.8097738997677268,-43.51958339687329,-0.614818195001668,0
5297,109.39720759364101,8.363022182915973,-2.892661411437147,-31.219002547930877,-0.33087397105102945,0
5298,104.33173888737042,3.8494227420563334,-3.8237881973359045,-40.120529574812906,0.034219551156601524,0
5299,91.26254057868219,9.044652244737994,-3.180354399730587,-34.840301308716924,-0.16078507768976402,0
5300,75.93828796501812,4.077859372894687,-5.619842589242315,-34.00140959704829,0.1759577023510898,0
5301,67.48294835397573,11.328739410305225,-3.2545272773597897,-40.152630139331315,0.17214160187361896,0
5302,83.78220674548263,10.386521194425807,-6.25562746687404,-36.59588900202172,0.6336038770475172,0
5303,69.91784654653208,8.951937024482852,-3.9763596591098067,-36.74819679489685,0.3738162637119195,0
5304,45.33470726279817,10.777465914584377,-5.762821025256883,-31.635622544749022,0.632331673706352,0
5305,63.25281834459504,7.814512257373492,-4.099422458329693,-33.392998370688126,0.6830798869432329,0
5306,29.743995510070384,10.009624838715766,-2.9656218559901775,-35.72861803440517,0.7256151667271171,1
5307,5.682562558325593,11.523977862200274,-2.6988920732176744,-30.616391738261893,0.04663159457506555,0
5308,-2.2994485258607593,3.7905763641782526,-1.4589379219311251,-28.72617502567442,-0.09069598746106006,0
5309,-16.65938422403313,9.104488529974878,-1.67838976961881,-20.374435011851297,0.2767258192477641,0
5310,-12.526430817814525,9.948439240248627,-0.28140279105539356,-28.472579618953667,0.0948325948959486,0
5311,7.6733154323417345,9.570951402102647,2.173631491373861,-27.940198759670675,-0.3685750153469157,0
5312,-42.856143331490486,12.822649769438414,2.6075661289056526,-25.014080312693707,-1.010411534978636,0
5313,-32.47047454760104,7.580785391453771,2.687121286975163,-31.05805598231912,-0.43223179405810364,0
5314,-58.4974287391703,8.481844328251388,5.367025865481642,-34.08303891133504,-0.7972501309872624,0
5315,-59.240216196814835,5.763694593575378,3.3267443827064187,-26.150266244953997,-0.6605265677697517,0
5316,-92.36536293570143,12.463292195378223,4.507750401519585,-18.35368960219737,-0.4157685903556061,0
5317,-74.08467908195118,8.773822974694834,4.4922249196031965,-16.661370474127516,-0.30552237968036267,0
5318,-80.36123917520528,8.190108668619258,5.542209404311235,-31.331865169281595,0.0638984402093789,0
5319,-71.73035564321675,8.739821670704018,4.708195256314843,-17.70158315461585,-0.18808230700050768,0
5320,-83.29480563014384,9.873011921506347,4.098945354346581,-31.044596970879653,-0.15982426315886114,0
5321,-116.07570261979018,9.02952342941136,1.7422487093654873,-16.905282617723728,0.36470048674564104,0
5322,-73.85102017386009,13.34398875634891,3.6878736479367955,-16.27728703940432,0.386272222834203,0
5323,-93.80149519327281,8.649399453506936,1.7288494169285662,-25.95957257367524,0.34007971372310564,0
5324,-95.53299749460479,6.484994378344177,1.1085645154260486,-11.398094894871786,0.484040382620145,0
5325,-100.18364696547606,5.948194470435378,-0.7490153853937218,-6.731240176905542,0.4243932612068041,0
5326,-109.85511395846254,5.923139162044542,-1.8996185648287758,-14.80873544933194,0.6160554355074453,0
5327,-93.64971257518353,3.325964190147231,-0.4482204169267201,-12.831450190157627,0.7502174047988869,1
5328,-86.0205438564961,6.014526628232069,-4.59682412181963,-5.175569921489055,0.16565382919658841,0
5329,-127.04225231842649,7.092060694759226,-4.6412944942117695,-17.232484185483166,0.26529392650941575,0
5330,-98.53130505032041,3.874913616410304,-2.727107060120377,-16.131244206846294,-0.2706503599781087,0
5331,-87.62994769733149,3.050645595242966,-4.019612875384403,-13.843557140925803,-0.3281790636114987,0
5332,-71.3578936075329,7.249399805980861,-5.25278801478107,-8.478153275144418,-0.13997008648179154,0
5333,-45.8012071096244,0.9061054283842753,-3.7512584774714677,-7.504943440750529,-0.38282283794236927,0
5334,-77.59227112298542,-0.8443985047605995,-4.422275285181096,-9.453862197121158,-0.6738983451852982,0
5335,-63.98566262813202,0.5093744858893641,-4.313638856403962,-7.197526161501243,-0.4932535080267997,0
5336,-55.60626457868109,-0.7487834158907454,-3.816653885681268,-7.398400588753271,-0.3179465784546245,0
5337,-52.26211285537926,2.615608801219669,-2.911744247880356,-6.163114619595499,-0.737734553697104,0
5338,-33.68925586158916,0.6282153949789272,-2.0714268919095797,-6.548795416341475,-0.013612201819738212,0
5339,-1.5762140111607525,0.4133446705796309,0.5214583492123552,-5.509377920411618,-0.1304656837435335,0
5340,-28.145919740624247,2.6595501265113066,-0.9000452088326917,-10.712206666841716,0.013261085617038995,0
5341,11.480759855188216,-1.528908958066841,0.12827492205307345,-0.8258882426921028,0.04354800500275921,0
5342,-21.149111219812866,0.9043841013763764,0.04124946993389278,-8.485551651479609,0.5384773092441592,0
5343,11.49785291830979,1.8789095403997822,2.161110303644582,6.044481362799955,0.5098634294053421,0
5344,25.743449489572924,-2.550143645426309,4.922533989901213,0.49052071444085854,0.34387853832685317,0
5345,75.1159885978949,-0.6557593365360446,4.768793018465028,3.6901702073830216,0.631582025660905,0
5346,44.992467446550165,-3.0991038675182185,3.8144327793043393,3.4165632729239275,0.3533000674062665,0
5347,14.828897936551634,-1.2463974715935384,4.788190679772477,5.0553229215208315,0.41904549699361493,0
5348,26.65319574286334,-6.708962918552588,3.6720673337470178,13.583535964782659,0.7011500609725694,1
5349,74.42301741579408,-7.319486743545487,4.0116641155099035,1.4970433478318688,0.3816385048079647,0
5350,92.3924846719609,-5.263406335354502,4.943934244126726,1.1225026163209506,0.3055587630960319,0
5351,93.20032332017,-6.69992933223219,3.9226068107365104,10.816815170213264,0.2608350016165281,0
5352,93.76054868882645,-6.3844041056299226,2.8189356465072324,8.717333381907086,-0.01219321082789293,0
5353,117.46894062083628,-6.205570546344584,3.6458232572144995,13.967151527520482,-0.42193795758558894,0
5354,86.30507380340592,-4.727608522148069,2.2403603997188153,16.719350589187677,-0.04211202722051682,0
5355,116.89809877508559,-7.368659070401137,-0.1709070420947214,8.56692616673054,-0.3523636166800241,0
5356,67.27340523798853,-8.570382930093363,-1.6601505555354317,18.072125455954783,-0.37876168385171427,0
5357,81.73025687104037,-7.977706412422583,-1.1532066042008746,10.895980723344657,-0.48115693071200677,0
5358,62.606435720010616,-9.14680665800827,-3.146401616844361,17.322688965087572,-0.22241244409994834,0
5359,91.18175767752685,-9.791346214202957,-4.339871263438088,11.702579545673693,0.02590590764057943,0
5360,92.71885816798697,-11.444383737282337,-2.1563046671984303,19.478047482071126,-0.3127774150721684,0
5361,91.95587046238008,-8.35386718249578,-4.066325268238929,19.63559614339268,0.11598458455976554,0
5362,86.04527440690494,-9.883480497381159,-4.759185134793307,15.140093227036864,0.05906000870303377,0
5363,60.54293788527485,-7.044896657121074,-5.0281177675009605,14.769180464518467,-0.20281369031218008,0
5364,68.7853036176225,-12.081192411140188,-6.1305732540193345,26.212302385542557,0.043038846320270885,0
5365,35.41200664915073,-10.45655221216739,-4.535749257808555,21.082996151130914,0.5068216497609837,0
5366,84.74327413205108,-5.909129454092078,-4.834199736838356,29.287703287087076,0.6844551230372113,0
5367,42.949619662779476,-11.55288932890747,-5.030168374638015,22.380439191843184,0.6215300988543446,0
5368,30.298052201685856,-10.261284060419522,-4.279307265226392,32.46812725559505,0.6262275169409903,0
5369,62.50779072093303,-12.309987337108007,-4.151677917596551,22.06471899375308,0.9208229522669733,1
5370,-3.769770801447706,-12.640545608339554,-2.46642330919665,35.00911543815208,0.4030825102122883,0
5371,-11.300982724511876,-6.889605780039549,-1.3536366562680922,29.344900063329515,0.11235898183532404,0
5372,-20.69006145835363,-9.65773055469767,-0.5557084293856536,31.28829371266219,-0.006817496586486536,0
5373,-10.111830279691446,-9.72303934120397,0.9272337015725548,25.073740868891896,0.197026174330729,0
5374,-10.023046640243056,-13.348646175972945,1.754304640479188,34.53245663373452,-0.5206873558422334,0
5375,-13.577045077794342,-9.1792627683125,2.951253481018292,35.4861840236283,-0.13229614724572417,0
5376,13.637945904500015,-7.497896781594168,4.442793426723009,30.811865521308537,-0.45575874593505766,0
5377,-91.84431084155918,-7.40525493967006,4.732409463331372,22.51858611281825,-0.6634119980663266,0
5378,-43.266485003341046,-8.234755521061153,5.568641166266741,28.363168524420836,-0.7808256408632044,0
5379,-74.61539315368955,-11.67368248416034,4.0570347696910245,29.090084856043585,-0.1445354638638418,0
5380,-82.59847054298838,-8.608221968043884,4.491334117072657,37.61806652655481,-0.5226226711321866,0
5381,-89.95488470550927,-7.695974992149286,5.549393517927762,33.745806967727084,-0.2178066996805209,0
5382,-101.64916182368542,-12.394135034999522,5.267942358043729,34.52815840391998,-0.28378782470674624,0
5383,-54.86355568138205,-10.799901465526885,3.4352653796324164,34.5951819632097,0.4537111048824001,0
5384,-75.90358697985589,-6.511733157689636,4.078883580920279,45.42876083055418,0.22414286866213085,0
5385,-95.55437241566057,-6.245945963274478,1.7389509009075392,38.949402958501544,0.06093346291441559,0
5386,-71.30735236963703,-10.785202370808797,2.271779971264982,40.33619000421,0.3406505869579591,0
5387,-129.90516460787416,-5.768776085068331,0.8012787510515604,36.859647470340875,0.7631548878450178,1
5388,-126.59989013612403,-6.820601690229929,-1.5530027489642968,40.401526338468194,0.3039942507854496,0
5389,-142.87731942312112,-5.08405569439922,-1.5920628236623457,36.24817815875778,0.3973006298566301,0
5390,-111.64608057749459,-7.533369642756541,0.08102231820672179,43.40570340725197,0.6352968741149169,0
5391,-91.7878798826761,-4.576555840110694,-2.757951591387505,36.498093000588554,0.35906389057573596,0
5392,-89.37931258054968,-3.7671968696367464,-1.4017334002942246,46.478849208154955,-0.08650550121177769,0
5393,-83.95067651578783,-5.731821579841654,-5.739966961381184,39.592775176109484,0.054778055674493786,0
5394,-109.79103104657202,-4.5553736467656485,-3.967886118270902,48.50198072699526,-0.16862375581232308,0
5395,-59.324159839554,-5.438174222338667,-7.487434777853428,53.77146464934469,-0.26343839702535543,0
5396,-63.65882006447062,-0.3777546194257284,-4.990340335853353,44.69778220988852,-0.19598887745997998,0
5397,-46.17045707103211,-3.452277284669824,-4.196954004958964,51.68975923953326,-0.4141446890753769,0
5398,-90.459149856827,-4.578455284716836,-3.635863862436823,49.310283278598526,-0.51648708187638,0
5399,-37.620851890493746,-3.681897097922243,-4.740251804301085,38.79226263529707,-0.5175027538401971,0
5400,-58.414595236005866,-1.5069182624278878,-2.2120052610005825,46.89556415848179,-0.22125844920562296,0
5401,-33.06807268667333,0.2403889161371544,-2.965313120823993,49.213135487510996,-0.4891850305824932,0
5402,-4.645620061513139,-3.4405760563213708,-1.679258136401715,50.04325299034222,-0.6563657667687142,0
5403,-3.5691548591078908,3.4256706067315363,-0.9716409460261236,48.27442364905333,-0.12561104191283673,0
5404,-12.426070170219418,0.8476481388914608,-0.6764048499137789,48.51970709270256,0.1445284563376938,0
5405,14.679940024362681,1.6625808227129055,3.0096691852459716,48.00927076438667,0.12887854528014492,0
5406,-6.271905451012376,1.0328373229333296,2.4105262655481594,48.92120537270917,0.23140592600061213,0
5407,56.925087638829716,1.7602144771840746,4.2781999211028525,42.389119573594414,0.3578939344719693,0
5408,39.03608337102629,1.9153070538146588,4.936755500574647,47.55924764353337,0.481623404350488,0
5409,74.30372844340711,4.7321135235256655,3.4701032383594272,41.68868642694903,0.23920624835669974,0
5410,49.674166946670496,3.1585727666894945,6.023239106726538,46.659165655242035,0.5989098162340958,1
5411,57.40380558333101,5.178504313081307,5.487950128924866,46.36732891517376,-0.13974861161691804,0
5412,59.58392646726444,3.2375736521689986,3.9223403310858305,46.20236651893295,0.39172486130069406,0
5413,98.63542474969745,4.9471535445124495,5.192930533162841,44.3501757020598,0.21204422559668712,0
5414,72.35716313153014,3.3872482798549592,3.3128178363139624,51.07129453857319,0.10110611550106083,0
5415,104.00679820041577,7.854876792850572,5.361096014180451,48.22935901933529,-0.5318196169815887,0
5416,87.12455501491203,4.167505478541019,3.8375907616338054,47.792454427470275,-0.22234979838471663,0
5417,57.966103873779375,5.583636242593632,2.1012723010495895,42.9116337230643,-0.49910404161780253,0
5418,87.81681382781773,5.986688735909619,2.499233763639746,48.49513658837742,-0.1449624185065868,0
5419,76.38725183994518,6.2751831371355795,-1.334761051526336,55.727052292189505,-0.42628013143083465,0
5420,100.39493018405743,8.777099724973048,-1.4991744032906515,55.79836649649127,-0.7226531937810711,0
5421,74.65984252004725,7.0294884782408475,-1.969419041670557,51.836847432965044,-0.7705622236869026,0
5422,114.75476109179016,10.762195871115129,-0.3800295106832734,48.44847719839138,-0.4619381284337012,0
5423,91.21945281684253,6.629007726025941,-4.480631694684835,52.65415473154908,-0.05291421988845493,0
5424,85.36512645791517,8.875663336506618,-5.775937466191571,46.43752311452775,0.15824760858385686,0
5425,97.02253570293158,7.234949091275638,-6.009296270018769,48.17317119820527,0.11347228465464396,0
5426,97.33213026606255,9.856117581500357,-3.972985530970721,45.83209457610692,0.23573981815600292,0
5427,71.02142550382378,9.187392773469401,-5.593165952756277,53.941996014254556,0.2762371881441337,0
5428,48.65516449415161,9.09124491975751,-5.078539323090717,53.135891365842824,0.43068039792215546,0
5429,20.61529021909466,11.93689719750831,-3.8809759402799657,48.87845425995027,0.7315484614140044,1
5430,33.82871993130821,8.38594688830107,-4.341115139367296,57.504511003722584,0.428903769313684,0
5431,26.18540163457345,10.978112783847285,-3.351341610182405,50.687667614732575,0.5953077687067325,0
5432,31.26575163060436,8.353106881678405,-2.250984675233949,50.16362830660909,0.28177591682339764,0
5433,12.525617549650107,10.177618930144991,-2.3365108283821923,49.36613532053896,0.4794158493848301,0
5434,23.297043514046422,7.5974442578798485,-1.1158065051592778,41.527895940046534,0.25708473627511214,0
5435,-12.706756832486931,8.674940720889653,0.2866640961789623,43.06759171838807,0.18771769875600774,0
5436,-11.568923034672272,9.822074291886342,1.9053037114610403,46.946446991200645,0.22227029677532315,0
5437,3.374835000891192,13.577083387045523,1.1958240402531253,46.64947802486463,-0.8042279292315128,0
5438,-23.142343761972917,10.085953180761507,-0.16057674431107793,49.47321564577244,-0.24504276162819066,0
5439,-40.55399431292185,13.105536743086054,4.297369058030076,42.8094641849067,-0.3745822746361256,0
5440,-60.373323155552185,10.124215967729077,5.159058850927075,46.10817191483672,-0.40967744364196,0
5441,-69.49731139839186,8.772566288036531,4.876243827908522,45.78517646213716,-0.43723819466804503,0
5442,-81.77534428358892,12.464751349727845,5.202943895594509,45.55285226530069,-0.3802038167956271,0
5443,-82.86652102088136,10.075916868606273,4.4320528430704815,44.54548633956128,-0.26548280458088364,0
5444,-63.496507760388674,7.709281844813386,5.359069003920214,36.97796578674561,-0.026408868408768604,0
5445,-88.82558740937618,9.706229231279348,5.380866812174405,32.207227406696305,0.10134460021896224,0
5446,-116.3181055970567,7.928349941550975,4.072505633296516,38.303250643708736,0.0804962646794749,0
5447,-58.00159823933721,4.26264476307325,5.835461304056038,39.83799855246786,0.18975885608860155,0
5448,-90.07514810995796,9.819235696788624,0.9753523505470498,36.06590228603453,0.3527510980759334,0
5449,-126.75884694195139,9.823869627805806,1.7957099304363804,41.127557546521885,0.3564612718266388,0
5450,-108.61710624527922,10.977516686690535,-0.5130424020510597,46.28766517575684,0.8461816616696393,1
5451,-97.72557875961068,7.795300842330536,0.54335441975769,43.88216529223256,0.24329795022134443,0
5452,-65.0160427851016,6.085573527381943,-2.9023541422947536,41.98243481233823,0.610288886838181,0
5453,-119.44445882837395,7.868552025343039,-3.58652820096019,43.960231120095884,0.5308591939533172,0
5454,-74.96370860649678,7.498273491491034,-3.727717223827927,33.77785834611681,0.1636419414670076,0
5455,-62.753049663263596,8.660761155360397,-3.5472525814211986,35.4689284829765,0.1924662388114983,0
5456,-98.66744766906915,4.867051878252799,-4.975094951787382,40.16397974961875,0.23748045407411508,0
5457,-86.13599090787831,4.184869327932509,-5.357001866813481,34.03909558781381,-0.22813425927263303,0
5458,-94.99807457978301,2.6333708659515205,-5.1541610364692,33.62004916949427,-0.03227730641066551,0
5459,-71.28518338537232,4.677657278786407,-5.2189521139101025,44.32442601997321,-0.17723090670875852,0
5460,-60.2202313227649,0.03547821224502812,-3.2942981391185073,34.76868512458161,-0.6132544255400013,0
5461,-37.973514399755416,4.2056163650456275,-3.7102387961144094,42.37503392842628,-0.7212007638811603,0
5462,-20.529688568392032,3.3439197115032555,-4.159868419625287,23.69242547381424,-0.4501815870721476,0
5463,-48.039141989155425,2.84777822667266,-1.0245205563717525,28.893460035141608,-0.6718382301140092,0
5464,-62.8370880338486,1.4592834278868976,-1.7916664315577355,33.31793852442264,-0.9073745843210612,0
5465,-14.094138209605264,3.7510281166924115,-2.3230557343439577,30.956073457764035,-0.2978129511505041,0
5466,2.1594306543896824,1.9295848969553213,-0.1143625697619654,19.411039622918103,0.3792828952974368,0
5467,11.272038769906022,-1.5284939704361542,1.1626392724901211,27.730360303517358,0.0043277796085992165,0
5468,9.682440523640786,-1.9918495556020779,0.9125034823244912,40.42127853950261,0.31061108949268773,0
5469,28.481143957477034,-3.0699576465751672,1.4568287024471036,28.45746666344521,0.4946938488934136,0
5470,65.80555008066807,-0.7018860752375313,3.404966743196268,29.40090625401918,0.43476218579566706,0
5471,52.287218410026746,-4.29406311220028,3.635157493773642,22.304282725340702,0.4250025832127824,0
5472,45.89489427800627,-0.610600242891294,5.992095602310534,25.875482353778747,0.7422758511192775,1
5473,51.53485609297963,-0.6080951588132986,5.591794205457098,23.722620381586832,0.46496735279214335,0
5474,65.70343946634536,-5.480598149084577,4.3541541296118185,28.494019899995145,0.35833743599346096,0
5475,108.7065308207998,-4.552882040695941,5.36602646405916,27.44147886996896,0.42210181701198035,0
5476,78.41787792887621,-4.597310084514697,5.955429711959155,23.141779558584062,-0.08077812807684348,0
5477,86.98001064746897,-3.299778833456264,2.855802550684289,20.54831091271475,-0.27613487842920975,0
5478,82.14860045207281,-2.2735847866765813,2.6187157624021906,10.87915003203307,-0.49504000520398306,0
5479,117.27632933616742,-9.274054888608743,2.8770375184009604,9.778406784714871,-0.1878120496555193,0
5480,137.04302485106757,-6.935475501902979,2.0553765715071726,17.823895766909434,-0.43857823802551016,0
5481,108.43051063000351,-7.21144691729639,1.018623526382608,20.846703482668445,-0.30875233291125503,0
5482,101.65232331517292,-9.844357640030747,-0.23159997406740518,22.184865742053386,-0.48967677151507366,0
5483,100.31200187813351,-8.35923849605491,-1.2416834901510234,10.123833990146256,-0.7552345089220178,0
5484,50.47475548829878,-6.861012397917137,-1.4896623970154126,6.066898241750096,-0.49037969690611427,0
5485,110.66766342124002,-8.582152564454574,-1.6235680481511112,17.313005387393687,-0.14066088400476504,0
5486,95.09488063838704,-11.402223760482766,-4.012120153566428,7.6048100851846465,-0.24463062614488298,0
5487,96.70195383104245,-2.832224567499443,-1.7256483988481706,2.8183157282072457,0.1901580853071921,0
5488,68.74881252183037,-8.293996267034142,-2.6702291852777504,7.256373101758286,0.011289710980558532,0
5489,69.30277309896093,-8.826864487833788,-3.5839176769920282,6.186486108619883,0.38597196420057056,0
5490,62.01598850207328,-11.447385306196523,-4.377069942246841,14.356556697846461,0.004053085595601191,0
5491,83.21174370390355,-8.908276074790033,-2.878628728430798,11.094489086666762,0.40154372649224807,0
5492,47.11961422680667,-9.912702475375669,-4.868981765396474,2.0872957588035845,0.4157669446807672,0
5493,87.71705186608973,-13.491952545409228,-4.9211754239479895,11.76960512924128,0.21589997118445076,0
5494,45.58987355243744,-11.961765207818015,-3.9612492589083494,4.408652980237338,0.6758922035217735,0
5495,1.9983334712597127,-8.313202879243086,-3.6479725288401847,8.089878782309881,0.2430184533877919,0
5496,15.20553162860805,-6.072067721516699,-1.6275319413907408,8.422655818524866,0.10675638686230349,0
5497,-5.170190614169291,-9.257925247925677,-0.48406594064679787,-0.5258532318474123,0.37723715894053844,0
5498,-46.01605084465931,-7.79326710164053,0.4136317687663573,2.643742295708302,0.00038319072726385184,0
5499,19.89057036052543,-10.293128499068017,1.1885655700134021,-3.246529601128237,-0.02198030828361061,0
5500,-7.885556896570723,-10.111945580558467,2.27447648515491,2.4383774053427913,-0.6486207181568531,0
5501,-20.91451944723611,-7.68928862416071,4.732603051528504,-2.7592699864603567,-0.5704070938931058,0
5502,-37.58532707327299,-6.453412545390462,4.351836197913291,0.5937378040975343,-0.05935358411688163,0
5503,-77.43989278913085,-7.060051856146161,5.241023749552962,2.4203655353223583,-0.3291784938203598,0
5504,-67.88044478611467,-11.654098932067562,4.923869948996366,-3.4607218195985747,-0.6933488779135302,0
5505,-49.199450964965365,-9.490619626830622,3.3433634092103293,-7.655164782319424,-0.3696109047249677,0
5506,-94.22663096615113,-8.613594660410358,3.1732439609227985,-8.560114361231662,-0.5126454897140048,0
5507,-130.27336811695068,-9.477025304404911,6.899289752282547,-23.945972926867825,0.09435867749869312,1
5508,-89.82013697973765,-7.948590130206114,3.9219929686913706,-13.70596076129566,-0.4927783015322288,0
5509,-92.90113318190727,-6.827981213834887,3.296839822671402,-6.456239890188306,0.16527882026320886,0
5510,-91.24276952900385,-6.187176526944914,3.463007801330584,-7.242372291772265,0.3014781890673594,0
5511,-82.33296305375409,-4.52423919674311,2.9432355567257353,-16.732450902221334,0.14381841626431946,0
5512,-86.13229164559802,-8.238309344360445,2.1497880502918627,-13.19935013697911,0.3959119313702514,0
5513,-94.70206343472104,-9.97199647776608,2.2687168723359585,-15.925557247693853,0.5696033598335499,0
5514,-75.96194086662163,-6.173857920431303,0.9967010336680254,-12.482223665038997,0.1386502006295255,0
5515,-129.24917964112603,-2.7518797771047985,-2.293207963287024,-5.831800281321893,0.19399249055771706,0
5516,-86.78748893184438,-7.086332931088946,-1.432685938643198,-14.270420022864457,0.3343223803044838,0
5517,-81.38971495595432,-4.356238869414251,-3.60892014599714,-22.094414132880864,0.08153654328538701,0
5518,-114.81466253321314,-3.9216710029897355,-4.057182923163679,-20.058891286808226,0.016161128193602756,0
5519,-115.28427935118046,-4.500228118211371,-5.552243295371305,-13.572552711926646,-0.04430728281694587,0
5520,-94.49760138838246,-4.42700715832167,-6.51217033222818,-28.532746327282563,-0.3678639451854431,0
5521,-86.36635473723618,-5.834359570612774,-5.019380371083619,-25.46322230256423,-0.31997286164677646,0
5522,-50.893157645669746,-8.087503186524565,-5.9136731646765615,-19.72773170975707,-0.355836025469338,0
5523,-70.41927764553463,-5.275749725277642,-3.8021026549263057,-17.686201788250266,-0.3233304579593982,0
5524,-66.84162661636752,-3.3528973491358616,-4.594652823849522,-21.98366240627391,-0.7491411771109715,0
5525,-53.036752851878894,0.10874496797565536,-3.4166740019641497,-28.922609290035115,-0.6018665859544856,0
5526,-9.113152441627587,-1.8009537229327186,-1.6209135788463513,-24.05673569492151,-0.29215134893492534,0
5527,-21.59205694686406,-2.137360313933351,-3.6177699807600394,-25.507530447116185,-0.603340026754331,0
5528,-15.586723053900378,-2.383143338189753,-1.916112612921848,-26.653436294932202,-0.15533005929941263,0
5529,-4.230673588541683,1.2120782426008083,-0.022130870586544477,-29.710101724816425,-0.02482214136000299,0
5530,33.80207072468379,3.11507373896683,1.10608459716418,-29.76526050535699,-0.3989637834774038,0
5531,2.8893148368049957,3.0241279793106153,2.8619948348471835,-35.36121836283799,0.15780372778415958,0
5532,53.91622191464005,2.606210390505941,3.5204822754189653,-19.203855872369203,0.43817038973589456,0
5533,41.27345821407534,-1.064144097906234,3.5393147249107724,-31.58839620177698,0.41175399154915754,0
5534,42.94229417341167,1.6721865923280355,4.397600851215667,-30.38639948199311,0.40081232665112865,0
5535,104.79471899160043,6.75265961841113,4.913864471309943,-34.960833308831255,0.5241715420239349,0
5536,41.74263568705456,5.577324587621119,3.4189672964749693,-30.373493859955012,0.6439514484920422,0
5537,63.23239610761264,0.7254577874840828,4.84329903365372,-41.807138937951215,0.4670703890928959,0
5538,52.405696907610114,4.146824616401472,5.159821333496999,-44.74380511216713,0.0896443790886523,0
5539,102.08187018198116,5.4311011703375485,5.085772628066818,-36.85453234540299,-0.19123180511434018,0
5540,121.96508392493801,3.6157262106832535,3.2342592531004795,-27.103615425811924,0.05522745512775105,0
5541,125.84735690743054,0.9439264946790917,2.2554345410349157,-31.98905556341182,-0.429098603037502,0
5542,120.2717535076514,6.168371088754828,2.5148095948798606,-42.714448062646994,-0.42675336628816296,0
5543,94.22711647686795,4.788671246701877,3.8322104353629456,-36.7178666712704,-0.37986609608295463,0
5544,92.28047630276,5.17406189199381,0.08675349006524313,-43.088620119911695,-0.2521360974854468,0
5545,66.57264706481045,6.393091406130223,1.0849665277402112,-38.37099536617708,-0.24265920574327682,0
5546,140.12513247795215,7.1780546210812535,0.5043618240481071,-38.559314803320156,-0.46141778179160575,0
5547,107.20559410026495,7.751585547965378,-1.983256137832162,-37.01066199528078,-0.5068849585250471,0
5548,85.42781982275916,6.306695692646391,-3.5760366731754014,-50.01649283297443,-0.5403704006768316,0
5549,118.31714513027684,7.918998302039039,-3.1353733437666906,-49.044356331637815,0.22304822405559865,0
5550,67.87297075077917,5.108418301415945,-4.059764845548669,-43.60542522005521,-0.08002323309546328,0
5551,90.16040038798806,9.487637182175927,-5.55079768737987,-48.883554699407775,0.2621207356605234,0
5552,72.45547937675366,3.3731429534410635,-5.600392080492651,-49.746425969300866,0.3032073159627613,0
5553,81.80325895495184,8.704138845227277,-4.540899379431618,-43.297227784601084,0.27845806849770144,0
5554,60.19017736275376,11.29571357645905,-3.914814674892314,-49.67752955382707,0.349986564257383,0
5555,24.2609178416137,7.489243729681678,-4.831536505252024,-34.231865991130086,0.2200779710051491,0
5556,46.07647972562072,11.167354537622394,-4.058621602734163,-48.59057163776876,0.7159442393790437,1
5557,56.38243344621944,12.148197414926404,-2.6425429027330227,-47.662124096205794,0.41820866941400126,0
5558,25.30726426662908,3.2985832389611325,-2.673355436515105,-45.19095917845094,0.6395744285255974,0
5559,31.621636358022734,9.664527695526697,-1.8901808675003937,-54.567466150256365,0.14365984148297573,0
5560,-14.724573300966505,4.24366406323255,-1.3727577312618955,-44.81538359852133,0.032712707361789654,0
5561,-4.334325597777649,9.761768621267112,-0.3920500883476954,-45.96184229396566,-0.283678916631956,0
5562,-26.256385613725627,9.961827427539578,4.032394042060824,-49.70791546717418,-0.2635631669687282,0
5563,-8.646079404218803,4.96413098563884,2.095827480491766,-46.864774783775175,-0.5755685054547922,0
5564,-32.539724175322306,13.707126913222236,4.494229349897073,-46.34672906769587,-0.344023462962112,0
5565,-28.620521874725092,10.333074544121825,5.525556079487372,-41.54652377022056,-0.4620806628466565,0
5566,-29.496360303990894,7.942191280609321,4.217221182288502,-36.436017350419796,-0.20455171917106757,0
5567,-45.73469200787589,12.426096640868273,5.153027863148204,-54.44010270970445,-0.7623412299008432,0
5568,-61.82601509924431,5.735477586296082,5.080124293909001,-55.79495551843363,-0.156798568182702,0
5569,-94.3016259419525,6.676416299438392,3.3600681877300564,-48.95036847942732,-0.48916588411794953,0
5570,-80.69934543567769,4.321069519403329,3.2166543145317212,-59.99482201950423,-0.09189352199773454,0
5571,-96.80590928727126,12.284997854109104,4.4237424588302305,-46.469427106600826,-0.2427318704035078,0
5572,-97.66513502144811,9.088824351579955,3.3818339007816043,-49.247487161556656,0.17522504268357145,0
5573,-102.00721126390354,9.463103394119784,4.978418217725691,-48.05292119957895,-0.23116416148126323,0
5574,-116.90333419882272,8.446113979980229,2.007292895411596,-51.46372201395457,0.24891994487616326,0
5575,-138.26765131638803,8.671852538506538,3.262366936069811,-48.70731397198246,0.4821217495235658,0
5576,-113.30941426749926,7.341871074131437,-0.14966424438467513,-47.63773308637705,0.8486859358592731,1
5577,-95.906005107051,7.370996415008942,1.2411912046158222,-48.995353213289036,0.06423952651889986,0
5578,-125.56727112673691,6.670729357525077,-1.1355700668401176,-56.69750506446105,0.4378765889774988,0
5579,-96.13500568312973,4.8485721851846,-1.9842268741648876,-49.068536458156835,0.24391803369641712,0
5580,-55.32451908747842,5.5675783466311035,-3.863245398622389,-40.59532501039899,-0.15726485927998304,0
5581,-68.81747224391074,5.788939982730593,-3.44491394456082,-48.57732560021613,-0.14092433342958172,0
5582,-51.46444664872219,5.0306703872188345,-2.8391296596286515,-48.99323323013318,-0.15959226748854474,0
5583,-70.72674256609457,1.409827818921737,-5.006012271466872,-41.755177663732155,-0.11552695175418372,0
5584,-48.62828827694385,1.2202874268816046,-5.3361231807505,-53.14047691557096,-0.3162706095067765,0
5585,-79.16777875137971,5.611058746114935,-5.179826780115302,-44.80127979904565,-0.6914331925863415,0
5586,-69.63894293743733,2.357891255320441,-3.0526248080055898,-51.718024426927,-0.8525139421359542,0
5587,-103.03154657561387,3.6604053593213397,-3.370770122653326,-43.43226436628338,-0.4155609081284884,0
5588,-15.540352342209758,-0.18043592543213371,-2.1633441347093347,-44.653338311108165,-0.5069456157311066,0
5589,0.9210039365671818,-1.4346470966907778,-2.538344073597726,-50.463914617458045,-0.07261329800534194,0
5590,-31.272628609571967,-0.6714861302642672,-1.9398911704251427,-49.47190678710063,-0.35714039568518596,0
5591,-15.409803389245473,0.07210065268623983,-0.6036053532936946,-42.9733681043825,0.07588973885253739,0
5592,-15.426475462233535,-1.3128189125268337,1.0352354285408272,-56.840860641460736,0.10352920474564199,0
5593,17.288863336599483,2.1055159789451086,0.7119772120579088,-49.45540720040697,0.3070689641147455,0
5594,42.02319105700465,-0.6219115910345541,3.283554899342978,-43.80693207367494,0.36446478846184843,0
5595,-5.637234234012865,2.2207638007826374,3.1601507750285633,-48.0940482072848,0.47925209360677795,0
5596,46.808702300581416,-1.1607603561048,1.1560836628061444,-45.50507152275297,0.005724317742348162,0
5597,42.10234510610997,-7.282218612068888,5.07187668749848,-55.99254608591479,0.45096704938382265,0
5598,58.44355625971787,-0.8264325624949969,3.3751220833039963,-49.64827066372475,0.3553636138234568,0
5599,73.33414762410281,-6.43167306044522,5.780365440876571,-41.54955590531205,0.6883563548981544,0
5600,67.72780975021854,-3.4170268738696166,5.900283839639545,-48.25481710366374,0.14124090252751306,0
5601,76.0433893742949,-5.883293500558655,5.206946580402423,-50.54724040595747,0.1623580319575113,0
5602,79.68039048606813,-0.4935019368428879,5.104590271648425,-38.24444743096382,0.2359152651879424,0
5603,108.36810574524554,-2.3327819502523637,5.161806486455557,-40.47419765393184,-0.013502613289803955,0
5604,101.45199206835845,-7.115645657689837,2.907357925672814,-47.97819204376692,-0.1830889896520713,0
5605,100.67348222967108,-6.292669201858169,3.4007988629479056,-41.308899769942606,-0.11822212891395914,0
5606,73.06597946186,-5.939615477488677,2.870828527860228,-46.730251670566155,-0.38117915079081677,0
5607,92.15259172431524,-5.076772543853449,2.500239039073547,-41.645322033741785,-0.5966208557256394,0
5608,117.94033139227433,-7.1030804740454965,-1.3627803295180567,-39.41924718856041,-0.7577671949918587,0
5609,99.96480454329306,-9.55105797800583,-0.8353946827407526,-43.74171238107414,-0.36752158969251575,0
5610,110.65414511885133,-9.257520074330003,-3.1427198549366864,-35.37172880349283,-0.54370667332581,0
5611,130.07257114788484,-8.13294907220807,-4.03551379874501,-33.965165209274126,-0.3279279723562115,0
5612,111.84664184469167,-5.9363484726408995,-3.402065136236641,-36.487246089343174,0.07094158876749082,0
5613,88.35988603048537,-7.809854881114608,-4.263195315992953,-35.073191423676356,-0.04108591124099841,0
5614,70.83488806156072,-10.450969313848503,-3.6021598115453197,-43.7304180951202,0.06193762979349533,0
5615,23.731760249165106,-7.823747052165583,-5.310593558838951,-28.96392346760616,0.22900794745631314,0
5616,64.43573005245042,-10.08801895064993,-5.1178087205976235,-35.525760773804,0.343100263249705,0
5617,53.60638547243711,-7.703509655309224,-4.592906521444719,-39.02566670409592,0.2689187003211744,0
5618,59.65640069796653,-4.576875346992095,-5.295356437847092,-32.88671556517072,0.8344332565520556,1
5619,39.97535485540021,-10.471047218717318,-4.608963479990085,-29.141608504842406,0.3763302803247167,0
5620,27.41996485629086,-8.248304043836109,-2.0672427011845818,-29.547127325713134,0.586873742504455,0
5621,-11.324100772167224,-11.41579725848421,-2.902834365535174,-36.759400557170075,0.13169631122936643,0
5622,-4.341703598859224,-10.198227002270807,-0.24809897453901075,-26.762298896199155,0.3207261073962564,0
5623,14.039992856765245,-9.938334713156012,0.1570733553220376,-30.056103575337655,0.10129262303385086,0
5624,28.829411545206973,-10.383597984359882,-0.9994843180913565,-26.437206350409006,-0.07699399095419641,0
5625,-17.38012018406246,-5.043989293367591,2.054862439217778,-32.129826956223646,-0.18911010736872413,0
5626,-18.660094881530885,-10.532068977527928,2.962624254235118,-22.060105244546023,-0.26298464471971567,0
5627,-15.701503960227154,-8.669253866438831,3.6814528652646805,-25.53276379689745,-0.4827131484193763,0
5628,-60.15647539427749,-13.602602532245685,3.8051202767338896,-19.648324910315182,-0.5248283607045897,0
5629,-45.350825441782696,-8.753556518224835,3.5380479790430104,-32.40264544270731,-0.3823077363862963,0
5630,-75.71898592118109,-7.184522446235278,6.176918301005578,-30.861372921668483,-0.6900911730169719,1
5631,-51.22618808118807,-10.351241654164257,4.889131061124785,-24.170847589060642,-0.6436230526518403,0
5632,-72.42345301193394,-14.12067131301851,4.0683457199555795,-14.73982631124057,-0.2369029788877746,0
5633,-75.65742822465639,-8.958964802253133,5.1728510755116615,-11.362309091760542,-0.5386174300473137,0
5634,-102.63780233476254,-8.606528269806773,3.548245512206889,-24.70843698144291,-0.3249927707573613,0
5635,-77.33541541275865,-6.930382835233484,2.7465129032801885,-19.08290598197132,0.5198279988667761,0
5636,-53.35803781935433,-4.073421863153273,2.5773679007232735,-17.64647791910094,0.6016781367460733,0
5637,-117.83703266758062,-8.551796378517054,1.426963896944721,-13.898177736297175,0.2846012242048758,0
5638,-106.12450715812629,-9.181251303113228,0.2362247010097619,-12.123885122271407,0.6699248268147273,0
5639,-95.35523996644709,-9.460828838983467,0.9651982537699139,-21.173802813003228,0.7061925994613294,1
5640,-83.91828671058074,-6.371340411200636,-0.9510521007782158,-14.32571792475108,0.5783816546057545,0
5641,-109.50072415748093,-5.432378316981558,-0.5475776283424836,-23.732287943502765,0.409860279906362,0
5642,-152.6515127465099,-7.090012424025585,-3.5452456974401234,-8.671279811464064,0.4543952680464134,0
5643,-65.52911614053187,-4.033957314505855,-5.2019047412275965,-13.448783545476088,0.3627655731432455,0
5644,-73.29842600211387,-4.2392004278663125,-3.9706697186855933,-16.80834046061485,0.18750362329451428,0
5645,-118.27879321499519,-4.649228748775463,-2.744328434609381,-8.140129446293265,-0.4001488135124557,0
5646,-89.64900915993982,-6.09440835209469,-4.366788078343543,-10.669722128382963,0.17503249383771396,0
5647,-39.4374447180234,-4.79647261081007,-1.7846094330346345,-1.527055143990621,0.12847184084858793,0
5648,-34.44120380302413,-8.22583978054477,-4.570799660902869,-11.308121720455965,-0.8231848595496388,0
5649,-36.586927393864514,-2.419926192310612,-4.374720215401848,5.261452205874755,-0.3888807054950191,0
5650,-50.29143610073497,-2.356761633800759,-6.289251729489342,-0.586317579843703,-0.08779154857975396,0
5651,-36.05159635850354,-1.544407763991653,-3.0647531380659374,2.5755488443606653,-0.25795177049292445,0
5652,-30.89521885961567,-0.41984683617900975,-2.5436013886412336,-8.009387038417817,-0.17634546756641753,0
5653,4.005266352857994,-0.16039054735345448,-2.231129304974219,7.075954090087192,-0.5533106829766594,0
5654,-26.173763315931858,-0.6540189360134374,-0.9992204447658164,-6.929470275294989,0.029662758804697847,0
5655,-14.783797122270327,0.16394736290446238,0.06510720112647318,-0.915835101529853,0.06781755061192828,0
5656,31.5134880117566,-2.242324199014022,0.9436174020654928,7.65640965918678,0.3226983685324042,0
5657,20.28358170357396,-0.10285077585928692,4.158808042060832,4.666421790589602,0.09147916035718198,0
5658,58.391440718138256,1.661153582166958,2.5612893634107916,-3.0646362546355834,0.18947117693190477,0
5659,26.73516809378534,0.5802255661106557,3.847627804320773,9.805568117250875,0.4443749128314374,0
5660,48.01184412884853,4.258826789647433,3.873932911535775,6.823983195865936,0.42392508693229713,0
5661,39.11048571966094,1.7015085250028503,5.490241354129115,4.036853259943257,0.45050843624874615,0
5662,65.58222516811561,3.924085638849253,5.124904371841371,-0.6009953921705815,0.3252678126696742,0
5663,43.086454317073965,4.18858139070705,4.712293849255942,10.271156459731404,0.28252668044900725,0
5664,69.401177501264,5.9020939597863284,2.911276790566605,8.26537886426468,0.06223796549469554,0
5665,56.13434242146816,6.6541882656237465,4.732747592975024,10.845545805509513,0.04107021517232336,0
5666,103.59557091247473,6.67160929689904,3.6530779449744473,3.1154479781577606,-0.38325059247473736,0
5667,108.01015590335714,1.489263721022061,3.217149893719699,9.9212087697715,-0.13617809709384154,0
5668,62.098374059814354,8.493054247497478,1.2799897831431089,15.384250814369803,-0.30600257804163006,0
5669,125.44037244915164,9.547597511960683,2.982117062583898,23.328091490312985,-0.6976000914460927,0
5670,149.78318510964164,5.9007265358494925,1.430218065754083,13.876822925231519,-0.22731431959311105,0
5671,100.82971821234813,7.693104108207758,1.0059582534412856,23.071227846811244,-0.6613064205120387,0
5672,86.16374956717205,5.774936335267469,-0.25905772533573,20.73663448607887,-0.21719612003162642,0
5673,153.56005514676337,3.9777445308939186,-1.7389547466816766,18.90725731049889,-0.30750878095307393,0
5674,67.81155615818687,6.695290709202533,-4.305849120395461,13.607968561819673,-0.05833424516457569,0
5675,90.76941366069775,7.370235310459734,-2.0263525928624846,14.74116214134722,-0.08517583342468776,0
5676,89.23316794152669,7.997482193251795,-5.349273740648103,23.597299430687073,0.1417431892249456,0
5677,106.96141927345866,7.024262317985609,-5.065668269375414,18.784953860207487,0.3725510316520284,0
5678,80.87107300536941,7.68779643711097,-4.274728776916561,19.23988810335154,0.6867235984181884,0
5679,56.58529305496042,9.322308550957294,-4.210858772780754,22.30399358533225,0.6235958688631105,0
5680,39.750935786058676,7.97018571490557,-4.182896790528133,23.268952203440996,0.5651963522471005,0
5681,43.56758240533793,10.74023518698023,-4.753583788656139,29.463372389366427,0.23024834479462303,0
5682,21.391246913201687,11.134926726407016,-4.384836578251419,23.293486690143947,-0.003474797909042593,0
5683,33.197123874598745,14.62637589306777,-0.5173688773348908,30.67828998881609,0.39050164787019975,0
5684,11.345379635988797,12.18629637901581,-2.2435421996691733,29.71106162591628,0.1733669775058035,0
5685,-17.088871395966905,10.465646578183888,-1.4304508361072392,19.971997518229827,0.0521471611987096,0
5686,27.929569192768007,8.758472410988169,-0.9961088865256742,30.63262085625843,0.025868252402789466,0
5687,-17.12027107452695,10.581063955336228,0.9595094817319298,16.627731812038135,0.02579269674488334,0
5688,-42.45142223420978,10.616350700905922,1.8817550810730592,26.284862907199855,-0.3705288659543188,0
5689,-30.204989850111357,8.881219423907039,2.5692741269248347,33.858514698761915,-0.18488920839555206,0
5690,-34.95532238558978,11.395230762170652,3.765919298188768,32.25944938352777,-0.4422983273838901,0
5691,-80.37210981279216,6.926930004328629,5.811505388041043,24.229814138767313,-0.48643633159157557,0
5692,-47.4757943655392,9.105381676266747,3.9553107080080547,28.21684834850746,-0.11979744231670908,0
5693,-83.17723476757762,10.552973122810663,4.914434055375275,21.497949519870353,-0.4158140171655462,0
5694,-35.517020506248286,8.68956454222668,4.35028339494532,28.545740158192576,-0.37857815791551497,0
5695,-66.06510473088716,8.651543656673221,5.220351998401851,38.85581159482023,-0.14643311792715757,0
5696,-90.5842275639477,8.567142457097313,4.088335659550801,33.860884841692325,0.2471918018816533,0
5697,-102.70632166902939,6.927071233804298,3.676861566472329,38.17067319836175,0.027416266528591436,0
5698,-94.24176069978057,10.680143907632548,2.1207479592472653,38.047135471997876,0.2704346819641802,0
5699,-83.30537553466164,6.0095085142318165,2.9132987716605587,38.78460593232234,0.2902432213900078,0
5700,-98.53504093004419,8.375034556904087,2.3682610070845427,44.36468154963078,0.3928486057301096,0
5701,-103.8528675135824,8.239800983146047,2.844673600446706,38.846095992991174,0.3800616237107287,0
5702,-98.83255062434515,5.170523266051962,0.4601687520850632,45.00967711071371,0.38798126218843876,0
5703,-111.56823362613474,6.851571722270731,-1.4521767224361717,28.64912232760658,0.8164641771265904,1
5704,-104.85219036474719,4.506935097111503,-3.3153643404786166,47.15605933481456,0.30110905259010207,0
5705,-137.2218730093216,8.713308417818512,-4.052197912605615,35.694990331170814,0.0015788684737432224,0
5706,-72.59518739348468,3.2438566491121037,-4.888905416155925,37.31027582706731,0.20495461444070898,0
5707,-81.73751405519813,3.7900267091521056,-2.3343485931724626,39.664411224956964,0.23753536828773286,0
5708,-97.94994019876208,2.213027358106132,-4.375758962237454,49.10202458288141,0.13353917926260722,0
5709,-38.44935622539665,1.4980851324974038,-5.511792711375013,39.71402652234967,-0.49252365606684784,0
5710,-67.86335487541082,6.937386867285531,-5.957446371786874,41.341195539731515,-0.14708984000566977,0
5711,-82.81072754608171,4.372593897464128,-5.723216867959268,40.254466852784276,-0.04084488658589652,0
5712,-36.816917965787155,3.0915037656437603,-5.151894405125046,46.764120892864106,-0.6320227712543716,0
5713,-37.31544513705841,1.0146095237641184,-2.72072684933089,49.61123575639049,-0.5283302282821735,0
5714,-28.25716591261145,3.6540154124169675,-3.4003708320906085,54.80250718840886,-0.6940689889947255,0
5715,-35.17504735346476,-0.303220770398116,-4.016970817910293,58.64915089941951,0.00873809228825434,0
5716,-7.89481316248995,2.4355726553186834,0.6443158904039323,50.251486553938065,-0.5423864841034138,0
5717,-12.215779369490768,-1.3957788216147444,-1.8365196284687988,49.16057350340825,-0.18398653148773203,0
5718,14.13207752408788,-1.4396949346631376,-0.2896472883289722,41.55839139964488,0.2020817271912665,0
5719,-25.121885915689376,0.8663385991711904,2.596871503958245,57.48533591920068,0.0534817269205278,0
5720,14.133626652310303,0.5795070998948739,2.6361180940383795,49.290390898691115,0.1206038908876183,0
5721,66.86036968542271,-0.4482533649478089,2.5967438030240944,47.023321636654224,0.4076775763065733,0
5722,26.35818781519065,-4.233491966259354,2.558739889778529,50.64218837353271,0.9585056877782985,1
5723,38.48839217836828,-3.513207720299559,3.3957571217961857,45.739178410936994,0.4487037004003235,0
5724,49.96632221886018,-2.7850187399338373,3.854374521902624,37.42940902555216,0.4332638510735638,0
5725,42.401052522434135,-5.268694952905019,4.976524960427238,52.15396979893051,0.18393922731226325,0
5726,29.636769840143714,-1.2906008422968447,5.171059491208051,56.1647954763652,0.380082382926279,0
5727,75.55845847999886,-9.288734368119856,4.643310764676341,52.374730104003895,0.34874840531962126,0
5728,88.45414201559342,-6.483423863079623,4.373678760454279,49.672576603715825,-0.09568123707917296,0
5729,89.39696394782865,-6.37386989350467,2.8071684590031776,49.872303815268474,-0.015983179942796605,0
5730,91.35588868545214,-11.458032219206371,3.442224874267935,50.74539487752983,-0.3805454058109679,0
5731,97.97892253171226,-8.96358879484225,3.59526028706988,50.65036539668348,-0.7539943365983841,0
5732,119.46920773268518,-5.306112541519488,1.2253214056670048,49.67670968429919,-0.3646674084637592,0
5733,96.10842881520105,-6.865297011473894,0.22385812981962053,50.12506122939294,-0.08140835856952044,0
5734,88.34233406592367,-4.131453904678759,-0.5090140758215215,57.77154242250063,-0.7312772014884803,0
5735,93.1107007170217,-4.5209441964745665,-0.44836845730298225,52.33597875540333,-0.4080772893268218,0
5736,108.24286081542854,-7.059950941734305,-3.3734001711456885,50.45849238841165,-0.09420053061315026,0
5737,121.85342433807033,-7.59440283019517,-1.841116653701714,53.16706429716045,-0.25693307155281375,0
5738,77.07162411046197,-8.363304823323876,-3.5527883518597236,53.08564938999975,-0.3811580232489633,0
5739,86.73918847734777,-14.05838529512172,-4.468945235897318,54.417453912399615,0.06250188006371284,0
5740,85.80677639324303,-11.768528507733398,-3.6286962824203277,45.78134235870409,0.4961037717498783,0
5741,52.677444406203165,-8.98680284928523,-6.175273706861413,47.02186950755011,0.22355682284076783,0
5742,65.70203903282334,-8.141881212848913,-4.423379019823844,45.19556224310791,0.4691251296747889,0
5743,28.092516665414205,-8.956941831203002,-4.2701694437846305,52.91609992436801,0.2720274237306196,0
5744,13.56370414689551,-11.459724478806152,-5.203595260066941,52.47134363205674,0.47977366470601984,0
5745,47.32931542338157,-7.9143131185087165,-3.205005979394527,42.29572570677881,0.549307991562368,0
5746,22.966958785603033,-6.914101049880778,-2.6337051668912492,50.37661631565095,0.42728202242272384,0
5747,25.03393886054149,-8.068181002859301,-2.230822712537604,55.02471544777052,0.21003434436432217,0
5748,10.764599801232652,-8.005277418622873,-0.24253114720380176,46.70873699541901,0.2526841027442154,0
5749,-18.382465335392233,-11.118287557696169,-0.6863002997428693,49.15796711767133,0.15107953951656988,0
5750,-9.747959918360253,-7.838333218275531,1.1511444429464976,50.92419521536064,0.015859653009403396,0
5751,-43.404954423593594,-9.664079386050341,1.7094030178659594,40.33373338104495,-0.3265609693079881,0
5752,-0.6362624632733649,-8.872997001802911,2.113235658356727,47.34244926577462,-0.5049547189118193,0
5753,-65.00357777615639,-9.081020650985087,4.008918787982981,52.570440930010776,-0.06689524853148687,0
5754,-50.84981144139368,-9.946110224392033,3.936625461263382,42.85268408009773,-0.4697128929982378,0
5755,-76.360522853023,-11.29013985389417,3.1444592525527355,49.57160017747003,-0.5420370970387232,0
5756,-52.13296425557511,-9.577486767666791,3.1054203225415975,45.11745570179159,-0.7354395063273337,0
5757,-77.56142723699787,-7.259240611207568,5.788958480798429,41.163510596028594,-0.5366967263081286,0
5758,-87.98880920391954,-9.912188761128565,3.673385215667038,43.59006337350905,-0.3575593870367561,0
5759,-66.45861074253361,-7.016447539075797,4.872346375513456,40.96091037320967,0.0003562648243752714,0
5760,-88.00666601570194,-7.0809023662728645,4.163783438649183,38.65148761210202,-0.009384107670322966,0
5761,-82.44981040565699,-8.88343699087584,3.0923632834259878,41.305605137364395,0.2087626961491897,0
5762,-115.66958546808215,-5.217770888470277,4.631652068415913,42.38670137636406,0.044558506510402385,0
5763,-126.44014245441258,-8.396289073133584,1.9621030252850153,40.664721449154015,0.7079936348449123,1
5764,-97.51776239599734,-4.336717653615713,1.5744480654096185,39.60195155963352,0.3373569742383087,0
5765,-106.36117783049022,-6.13978736623287,0.10737282047475755,41.47625400140929,0.546315937484286,0
5766,-86.77887677251078,-6.674486663089756,-1.3981666873768772,42.4046216108982,0.3630156638598628,0
5767,-99.23681036089846,-8.036467656140326,-2.1283901363688615,33.41253421447277,0.33343171117550924,0
5768,-90.89263258010995,-6.039846523374126,-1.5093415523662392,37.24079699206201,0.13071143938755236,0
5769,-123.86813798114122,-5.858650996135804,-2.6200417752601086,27.989437152117297,0.21538165634126816,0
5770,-49.124853150601155,-7.54190565466301,-2.348591264145749,36.385447918110884,-0.18729282985303103,0
5771,-84.80332415660578,-5.022163979532719,-4.499915769359987,37.273354904895434,-0.0765027366772604,0
5772,-61.377131812004045,-5.7446948002210885,-5.831241482298282,38.679346899686436,-0.2988000222111187,0
5773,-85.10843020519916,-2.504919641452825,-5.43005543234384,35.89637633465958,-0.2601441524140391,0
5774,-54.6008280688569,-0.5949666242836202,-6.013633597052604,37.14808611318618,-0.3170315565223287,0
5775,-78.5852466080889,-5.183966176168332,-3.702736567508451,34.00092596759771,-0.5615659687474317,0
5776,-34.72947387378977,1.1786973005503865,-4.52142625243444,29.55133286324299,-0.41563636959587497,0
5777,-41.695447957057084,-2.0131899318204294,-6.299660760707303,26.590201476255185,-0.5256249731870601,0
5778,-24.451820195317794,-3.2119110346891624,0.03994171580544936,30.082948823808586,-0.08093509864247267,0
5779,-1.2856659341080174,0.751014907335446,-2.0772956771177156,26.78210761895383,-0.2933868508060858,0
5780,-29.95314455896596,-1.1581191593676556,-1.1060788636135164,29.218174351290585,-0.11959234123704397,0
5781,-8.996385532747759,0.07126378269115391,2.140439368231703,26.54873988504753,-0.02356692235330715,0
5782,23.788826723557555,-0.07445873664646296,0.24020115851911017,30.283282080153015,0.06674127685166731,0
5783,66.40936118289623,-0.40185235699727895,3.5069381949181286,27.601129479493462,0.7441991869899125,1
5784,31.24162991181393,3.1740649091408852,2.6102718949091956,28.75136120137109,0.5287007408092008,0
5785,55.04459437676662,1.6436010979632978,2.5738181439873364,27.872743097041592,0.500457343244163,0
5786,49.86917937640719,-0.17250597677492507,6.1478450460673155,23.899120237018018,0.4035292528357098,1
5787,99.12060459688615,4.280760972376568,5.732644330959312,23.33255104237081,0.6887753759857975,0
5788,32.99608849365713,1.2373741918525507,5.905226990827814,25.549433145840815,0.28276441881704784,0
5789,76.81893262153935,1.8027972713919538,5.329814946436275,34.37906703779424,0.30678131381011103,0
5790,48.652980014333075,6.945037595589427,5.340368789795458,16.302818876302588,0.5887026228198371,0
5791,36.45881576549675,2.606255767853652,3.0991975294353034,20.547835170948854,-0.19108186932508522,0
5792,97.10069360238914,0.7926614975380017,3.8603773313310588,13.443003754994749,-0.039492922939680944,0
5793,97.59185864366752,7.084328773978841,2.0879629041334087,18.391683144192825,-0.22430780843058548,0
5794,91.80838487191411,5.629340063932988,0.7754774740333445,14.193241523234464,-0.28580229739786406,0
5795,97.11022376763616,6.184628380353293,1.6367748971468241,16.02428995152971,-0.52286652810596,0
5796,161.93756181112335,6.357263136704209,1.3965050578904386,16.454000334659938,-0.6171724257399185,0
5797,94.54665501783258,7.798467080784546,-1.1419818679047353,12.27784899049487,-0.4417088647148856,0
5798,108.65495871549905,6.160218000336963,-1.9373509738092693,4.8474773338781745,-0.5229965696318196,0
5799,83.22378425918605,10.929255365656648,-3.761429979665589,19.929908938042118,-0.8043309839188566,0
5800,98.91303199852491,5.315995378602016,-3.4094215727703308,16.02945456721085,-0.3789164268318204,0
5801,84.11169784939914,9.428970060551514,-3.3137113868515122,10.20637956950107,-0.13425841227221988,0
5802,75.64596922480321,10.07288251949881,-3.7769994908789326,5.407273243344442,-0.13706110625130902,0
5803,114.37641223342757,7.496790250383387,-4.335958016599136,9.323871462605267,0.2511268742227424,0
5804,94.90490891763412,7.173542602859518,-5.617576907113316,9.71794353243397,0.19209608673944004,0
5805,66.74589304846823,11.43722991659713,-5.567986166100879,10.774144287803432,0.426919220464019,0
5806,9.936895474026464,7.579527668270413,-3.845104587902229,10.243512291024786,0.9222617391138872,1
5807,40.251379165545735,8.482390839311277,-3.3661596151011617,10.191726374105578,0.7435149461226517,1
5808,92.50822418460562,11.580571942871126,-3.7212330225846166,-4.76198549349836,0.5813449704226934,0
5809,24.426392391156394,9.961162003966063,-3.2049925142811455,1.421488117682183,0.7484619413786489,1
5810,41.40577565145,6.358393673211185,-0.7303732743174116,6.911421682245199,0.2611332853614148,0
5811,38.28881761856978,13.482924249892688,-1.3007166578486151,-3.6718058836900576,0.12758017911831496,0
5812,3.843372293484236,8.9399425827096,0.7995220573334172,6.042747037286193,-0.2191575358074811,0
5813,-27.352859668310153,9.180612957570514,0.9089680262749166,7.998375184572892,0.10021076209332253,0
5814,-69.09811801128092,10.45889936098117,0.948806596077248,3.9032580547907987,0.10247948841624366,0
5815,-16.380302710002557,11.133824622610575,4.479591941967918,0.2562590196684047,-0.2151275838308624,0
5816,-55.72999722261819,13.717515753204207,3.743974725026736,-6.286682989487645,-0.184194831810858,0
5817,-44.88915815515192,6.362323847199519,3.525323987906079,-3.636817064005969,-1.0467190538651288,0
5818,-81.90214563979468,11.197316431415171,3.288540776327314,-12.769285627252927,-0.017095302849609306,0
5819,-70.13547798047124,10.870524710336555,3.6460733459790142,-10.935771563076036,-0.4483594479517378,0
5820,-71.43356720041085,8.925812433211412,4.623104740787714,-11.572829515581702,0.13943306412625828,0
5821,-73.2928190212311,10.56733101301939,6.781911631226462,-8.694335678175866,0.13993495050347446,1
5822,-106.73188514704361,10.631495751380035,3.939262870142822,-11.946869760763489,0.0918920364982736,0
5823,-65.42432216282354,5.747283433217603,5.458166978622131,-9.65577427591006,0.018193234220176033,0
5824,-105.33465559901816,11.737729712082235,3.2068414383945214,-7.548045196569843,0.2600878496819674,0
5825,-129.9871783276761,4.827068689792051,1.3502878934228413,-16.454447584690087,-0.03233102598907822,0
5826,-100.81511272116747,5.3604997838125215,1.1511398176124592,-13.126272803153203,0.6258323037385514,0
5827,-99.09846858286971,6.775022292614775,-0.6284819448119952,-16.907044088047613,-0.02060468423070816,0
5828,-96.72848806648591,10.797701266746486,-1.2013208544538951,-14.828376859828584,0.43757681776527824,0
5829,-71.85336041352069,5.96316364912933,-2.215190735315594,-13.294005060867097,0.7684567055959628,1
5830,-101.99058241922076,6.131220031155697,-4.164336127780606,-13.057678097302002,0.5253754441879163,0
5831,-96.84778955557262,8.659171428498873,-1.5887054906481581,-15.244260147328422,-0.037385422417060055,0
5832,-112.76910897184992,4.779819827424563,-3.6078067485824485,-17.450338227072116,-0.13608952572724087,0
5833,-69.63807698154541,2.5955762403658995,-5.070179950698969,-27.538010518456268,-0.13593013839754714,0
5834,-76.84691681671248,3.6775950044432255,-4.55244924452214,-26.75177707755786,-0.1477136318540387,0
5835,-82.61294360762781,6.801985539374072,-5.8096602636246875,-26.36630421093026,-0.12042936840347873,0
5836,-105.24366823437286,3.740320172652458,-7.646909859895466,-21.343379291466352,-0.28084512481424717,0
5837,-30.52877342192134,6.989100402097549,-1.822452932483455,-30.47331811738556,-0.6834765711153522,0
5838,-75.64378437366645,4.125029611160577,-4.202311947845087,-23.20288814733931,-0.3758942700797648,0
5839,-54.078436792276804,0.8742962407602295,-4.418600457685219,-24.430403867214718,-0.33785715331306165,0
5840,-25.826501127598107,1.7754124190485492,-5.048504258487086,-36.283145288480036,-0.3253660085196335,0
5841,-47.335405605492014,-0.5280130077026051,-3.7695724178024146,-32.88402195254387,0.1702129875992004,0
5842,-43.45145078232133,-0.6562248586141247,0.30895005049902613,-23.056960015050667,-0.05344489795806395,0
5843,-46.101515642607126,9.139326430301567,1.1399199219616067,-25.60831203484523,0.13932121095518094,0
5844,20.792261760085776,1.7184708734094811,1.389152201616132,-34.154709895102066,0.47023899658391055,0
5845,5.399814355996552,0.9042785357966395,0.493463111685154,-35.87246627124204,0.40590937208175243,0
5846,84.61725807358178,-2.5613730007490276,4.0269897028074215,-43.733037349370214,0.24542245253267547,0
5847,15.692570515908287,1.3303476805931957,3.7749284238622747,-24.895365963353793,0.6921541100983584,0
5848,26.302966644522936,-0.09927622110470713,4.655637275179334,-32.80423272604694,0.41168796546640396,0
5849,42.12949576315406,0.9815922530344054,4.962954996754128,-24.33533109601101,0.2998524804807884,0
5850,66.47148793859638,0.40798774728337506,3.3457981665391388,-35.443252481630736,0.2770463492476092,0
5851,59.76059301424499,-6.684865445026043,3.7971604611713974,-33.78910272732776,0.6220067808942972,0
5852,88.27609860630142,-6.40549739033721,4.428491605217972,-31.44862868930513,0.38551780465150987,0
5853,62.562819887146006,-6.6420632195936555,5.328847065272581,-28.39961787052547,0.33601130448875904,0
5854,59.78722502822681,-6.959454246822561,2.8644884292836874,-34.76279621938048,0.10017507820209993,0
5855,55.865773975301,-4.8490773119524535,3.460055665196262,-37.915034967578244,-0.13354165214417255,0
5856,50.85205907862374,-7.040260932131343,2.7043421298304193,-38.43127897442416,-0.2388741230600563,0
5857,87.50319439549027,-2.157365374937241,2.804386438656099,-44.42881360112896,-0.288406719280195,0
5858,93.40817040322602,-2.8733579969914853,1.7368153864938796,-41.72193890293466,-0.5949440258878744,0
5859,87.36878848968092,-7.059092939894158,-0.9399293001531906,-40.15339164504264,-0.7579488457899168,0
5860,124.43625511596991,-3.4813575552131595,0.5223330716374963,-34.08082093527929,-0.5777010166243186,0
5861,122.70450156351308,-4.743104793524589,-3.045391612302434,-43.70491195127045,-0.3097049928304069,0
5862,89.04297444110824,-8.928856811904032,-1.6726755752168883,-36.7892071052325,-0.4485627699666287,0
5863,56.49915596229716,-12.333879598523136,-4.087594712492888,-43.04261430688391,0.2349572664152374,0
5864,76.75901387551042,-9.018606605641565,-4.005031696715751,-36.92952256935347,0.042374260673194754,0
5865,70.93202867301534,-10.117682818304196,-4.408274840445364,-40.260335663244916,0.12720497489544816,0
5866,63.79250409518211,-8.639129527654275,-4.717106096578785,-41.07714708735557,0.12199772409009485,0
5867,56.21886093178106,-9.074760788314032,-4.324927469450166,-39.69051770887684,0.5446401453260997,0
5868,49.64086895625563,-9.305130403959943,-4.493268935902865,-40.86254529371739,0.20504078322881591,0
5869,46.88960355533098,-8.538171596046533,-3.7916423619127895,-40.13496097535064,0.5565524811866979,0
5870,33.274173559370105,-12.141001469375139,-3.6188321557746113,-35.20271025625388,0.40818743159856286,0
5871,41.05653849581395,-8.999368682506145,-4.693273649590556,-38.166214593756656,0.47713138867946103,0
5872,34.63396186073554,-10.782903098268415,-2.3676894216779596,-44.2892254191285,0.4673919221888713,0
5873,-0.5238523783769509,-9.560533927847318,-2.304880161043788,-49.18209140589753,0.02513338149635308,0
5874,33.1960745740238,-8.077610113958883,-1.8843859138169856,-45.47448996980896,-0.21850480481591678,0
5875,-21.818442206727862,-12.44818495715972,-0.0681747806108986,-57.25185735161821,-0.21956670027590622,0
5876,-44.54301917879883,-10.543935066403643,1.3928521705642152,-43.771197749330234,-0.0033366501283965955,0
5877,-14.419487663286692,-10.17543040825183,2.39901946343857,-53.49238305976186,-0.23450111326467687,0
5878,-48.011087040275726,-10.899073333413329,4.059409464519839,-42.836620737799116,-0.4920373849300492,0
5879,-34.54860472447805,-7.978378650083963,5.0449986512460105,-38.78501301512724,-0.08340278854302369,0
5880,-97.94991294770792,-11.10187661022624,4.659265289237095,-56.15908702878539,-0.2429757583477537,0
5881,-30.431178972170088,-10.630815223457379,5.253042013301121,-49.35433331410269,-0.26960315389565115,0
5882,-52.65586904642649,-10.774972144290462,5.055389038569432,-54.60363114426802,-0.5587120317254394,0
5883,-103.27224088805193,-6.982759546685928,5.753707100767875,-58.08216027880587,-0.10600697255570435,0
5884,-109.26720829933117,-9.940582683655297,5.301076120560936,-50.11148670835113,-0.11502781397988143,0
5885,-51.879050875740795,-7.802043194219279,4.395283736373263,-46.52347996972255,-0.1819533910427756,0
5886,-104.85213727279726,-4.515362498141362,6.06003988493819,-46.02687064809024,0.09069828443102831,1
5887,-110.66811165152285,-8.339885743576268,2.6643575295168196,-49.1088824861872,0.04288871108392506,0
5888,-142.24627082955362,-5.669132388224348,3.8394872907370643,-58.2593598468285,0.2245527729536619,0
5889,-105.91316247988136,-4.233821401876693,0.11014321575364328,-49.361019152249206,0.22228327245227283,0
5890,-104.43620797415807,-5.186484893609216,1.299076038893592,-57.46037594767594,0.6860009086742567,0
5891,-85.55818496593521,-6.92071069020955,0.9236974761242026,-57.132301670949786,0.4798873887592462,0
5892,-126.83799817624507,-5.231918401411765,-3.397973781302679,-54.961186058625806,0.261001225818229,0
5893,-127.26280740150034,-8.70363002557302,-2.270256285980836,-44.68776672883878,0.46790779373841074,0
5894,-84.87069696299139,-7.286379085253046,-2.516197491754267,-47.150307962452175,0.2472918174813426,0
5895,-69.85010899471223,-6.518750312140579,-3.6732184489528286,-48.18344323771177,0.3175874925696056,0
5896,-116.6034207208248,-0.39801215366161813,-4.0841120157283575,-54.00936177282613,-0.014952459443342732,0
5897,-57.89466111457844,-6.0620463177263195,-4.685234145494073,-51.515184074177036,-0.4744457641250634,0
5898,-72.3240882115307,-5.638381804403028,-6.082678202891221,-56.28710611312945,-0.41504049521370395,0
5899,-44.05865996482264,-5.6078647788161025,-2.588484875823261,-42.45539943551934,-0.647614471715777,0
5900,-59.46061695429298,-1.9281955870415077,-5.230567194221628,-38.11131841435272,-0.366881927999035,0
5901,-100.08313259459433,-2.282754657646405,-3.874915212634407,-46.11568037530808,-0.2830685221222893,0
5902,-43.762324178196685,0.09176083520806655,-4.366173968965373,-45.021406567086615,-0.7845741319596387,0
5903,-10.198611925210752,-0.2477941539122821,-5.25717720118803,-49.23701207267167,-0.4339944423864014,0
5904,-39.64116715595364,-3.8556745912417014,-3.0489510226598235,-56.28213071071994,-0.07531915575349388,0
5905,-19.672823485256703,-2.2112951825060776,-2.630474333983742,-52.12807705627657,-0.48714159451719025,0
5906,-5.464435516164743,2.633564647704753,0.8974276048383829,-49.939397396047745,-0.11611500382033933,0
5907,-49.940882902086756,-0.0037998628049143446,0.1954595034319232,-49.223931897147594,0.11965189577110348,0
5908,51.3870794534413,3.2768629557868625,1.2527173678482613,-50.040878750527966,0.47130397581855277,0
5909,9.663895934551785,1.0989463886079152,1.5965220943134126,-46.37261788984524,0.4818406594609653,0
5910,47.26071635928011,-0.0438706499364363,3.5428525009169975,-50.4910597680937,0.6044870290172678,0
5911,44.49543253398973,1.773326953036707,3.382829426632226,-35.01192814586383,0.6163341056016811,0
5912,80.00337449576936,0.9262068371304562,5.578687840795838,-52.2694136393042,0.4180857517871425,0
5913,71.04560093436073,2.2065045478745233,5.192574971127005,-40.57981424803821,0.7742509191146505,1
5914,65.67075758362525,4.206422843270882,4.427942177492501,-45.88144797821134,0.22444369527859498,0
5915,59.24059947669606,5.285233521147129,5.759908359219942,-41.79616813486038,-0.31603550800943736,0
5916,99.03910703117589,1.5284397654370099,4.631789913443055,-41.08992498373202,-0.260847405507131,0
5917,50.75432979088916,5.109115864741365,4.175182095351067,-42.34817225947211,-0.07336987499329961,0
5918,105.40053053119253,4.3927929256208795,2.0552917643702187,-48.28587845826891,-0.26108753062697354,0
5919,73.83733656151045,4.6774551335407395,2.6708333789610776,-43.74781274067463,-0.42943938409331517,0
5920,123.24203020190079,6.632981743911669,2.1781453164018254,-40.693892411945626,-0.39073532951667006,0
5921,102.8193276468096,5.644120799378609,2.2308318544664765,-40.442339186982,-0.24171365874812023,0
5922,112.87768828128408,9.869853524940877,-0.8497353678038883,-45.508918570747106,-0.408978961417862,0
5923,101.03774621798536,9.824494034915261,1.1890607566488878,-33.33978997015397,-0.343415634367206,0
5924,62.76003339682713,10.13620257079269,-1.4799687769851249,-51.65039515317362,-0.6201613628022251,0
5925,78.02533642838654,7.087473975330275,-4.422835929607248,-39.80415573184911,-0.4030655316129379,0
5926,105.16844504969318,6.4368560505323025,-4.499458772686729,-42.51570743991776,-0.02735192077638171,0
5927,90.61807074694461,8.789572653675544,-2.83841425863994,-36.33870581313949,0.0008873767169787113,0
5928,105.59692619635058,8.566915846948113,-3.451527672336902,-31.491423529355416,0.22325583463871962,0
5929,83.91570467563514,7.869901626009561,-4.924841587116938,-42.92078824624216,0.38772675688188496,0
5930,49.63139066579168,6.9333002916846045,-4.844136396143477,-23.414453511089988,0.4116885167226396,0
5931,45.47028102595417,9.37574739309638,-6.010686226164983,-33.4557004471433,0.774494403082268,1
5932,55.262642679412785,8.801016545451617,-3.183457309894518,-31.82500212292936,0.3905467371118803,0
5933,-1.7954550898019974,11.112203750093157,-4.9718950856305915,-40.18757919256413,0.3273939239729701,0
5934,68.790911629957,11.167742305085898,-2.4597802257882972,-32.46363381675284,0.08869825431969197,0
5935,34.64072984567693,12.116561636695899,-1.1411314686188487,-26.60152223734314,0.5024374109983323,0
5936,40.572365285173035,7.449020504445679,-1.534275810209198,-29.626803414608084,0.11822350122925142,0
5937,-25.514710426606626,10.797463967959562,0.3590090193976351,-29.179678182338275,0.34420833502292375,0
5938,20.993443752636377,8.543168521566326,2.2371294340134282,-29.3322468056198,-0.008758959820813463,0
5939,30.775837045260047,7.535034050947607,1.6400228716404446,-35.14361353984923,-0.2702604395248851,0
5940,-50.08956400462543,9.07148607635576,2.124617136340071,-34.341519487630855,-0.5394776735535627,0
5941,-17.825293952714002,11.994112032592255,3.0692404647297016,-20.734734725072798,-0.255955633722515,0
5942,-42.480207630973894,9.01544026534228,3.1042536448736855,-21.317698860794465,-0.49475625119115846,0
5943,-82.21549016704756,12.769966083080309,3.639428600245497,-19.71524725050143,-0.44590675121422196,0
5944,-49.78069989127235,10.591700962897571,5.229576058956502,-28.108227744494016,-0.34945144640910775,0
5945,-50.68199438537803,8.536920227111187,4.814527042119818,-23.899893412855203,-0.34604759016545067,0
5946,-86.41928920125513,11.45304739955672,5.298877448172407,-16.061736244859016,-0.4623611437984786,0
5947,-57.37777959341162,9.80876582263836,3.2760131556133762,-27.46380836791968,-0.0552241512893351,0
5948,-119.52444112841985,6.81558495187641,4.277968155437339,-14.76238634718355,0.1517277735195994,0
5949,-120.71618518955376,12.139343211792365,4.831100995141412,-22.427498541698107,0.20799864356595277,0
5950,-91.81354958406037,8.660679839770266,1.9609218292035282,-22.846371574077033,0.3985434602300562,0
5951,-96.81755981327204,7.878948765177221,2.2524517362056695,-17.797663229833617,0.52900005641158,0
5952,-113.46406113793246,5.810325921750367,-0.5517440596563641,-22.283912937734883,0.38220417427280085,0
5953,-83.7575285626595,9.541703116043372,-0.9875979679981909,-25.237513687328914,0.41101385507473187,0
5954,-89.1496953718274,7.860459929004755,0.12785150822117375,-14.420738596018428,0.9349309538937219,1
5955,-81.4261199143848,7.710606710505489,-1.9596652518064117,-11.171479334306007,0.7028416527657283,1
5956,-98.88788200406675,5.047161972826069,-0.7330841912546229,-6.802741541269423,0.33706706858951785,0
5957,-81.24635164358449,7.325367709156212,-2.9256239960785324,-8.875551551602506,0.36132220807135135,0
5958,-98.15156442370949,7.061595687718194,-3.4965059527804168,-1.1099078950557164,-0.10480919970703496,0
5959,-43.21114374452301,3.4681217648851748,-5.612070345488527,-3.1536130305910666,-0.18646696147157377,0
5960,-94.74521911826125,1.5273960120985057,-5.248360757893775,-5.286704778516361,-0.45953383233850764,0
5961,-29.81085216026017,5.068919289783612,-5.7296760033999234,-5.6485243181237035,-0.27770857520926195,0
5962,-63.92296994068821,0.29451275290745427,-5.997049792599511,-0.8524308966665668,-0.3701464313717376,0
5963,-84.1892058446802,3.271670464323141,-4.005675508163401,-17.07657465245164,-0.2692562301359793,0
5964,-20.809342501325858,1.5921634038470116,-3.35685238393001,-7.417867080413451,-0.5414153755151424,0
5965,-36.663535196499026,4.436783400763579,-3.2059380401522644,-13.314097921342537,-0.25410319382519647,0
5966,-12.778225224656069,0.7215669722624494,-3.672734412415963,0.29129328640470176,-0.26349699003939203,0
5967,4.35502576618952,3.2258351204942066,-1.6403212638001348,-5.73930681393966,0.20630966665714962,0
5968,-3.483313636336959,-0.5156229858217154,-2.9315341847958503,14.072295901410293,0.18193583369527241,0
5969,-12.105234807981052,2.0130029167435484,1.2969675658401578,-2.6156708102838855,0.29452511219400784,0
5970,29.2384584588755,3.6338964525320074,-0.330339597527897,1.5057124122138346,0.31116035009607024,0
5971,19.6267489706601,-3.121471740565843,0.8026203230021418,-0.037887221556624606,0.10024358963858668,0
5972,43.02029009745496,-0.8974339185783307,2.91697319906159,0.5280487683753079,0.44778215200819943,0
5973,-4.372770072679273,3.5236345634252233,3.7727479363407954,-2.2628337927028666,0.9141009119076102,1
5974,56.65348741502781,-2.328243723275294,4.120478867030404,-1.4349886132139718,0.5998469048932208,0
5975,43.47740719580042,-2.8191836737493965,3.54056786732974,-4.9377100020021105,0.32344074729136746,0
5976,97.28856441563244,-1.839745788658577,6.056103578986987,9.678679273710515,0.5007574519787974,0
5977,84.0156778945506,-3.800025344520338,3.3126114308503367,5.816966222964419,0.14268074856774762,0
5978,82.96770189312588,-7.7523790053223465,3.3918198494825385,18.593997507573533,0.045976095791869676,0
5979,93.73230861687085,-2.518249651582519,4.450279868172686,3.6872415552389377,0.15700484482303095,0
5980,69.03349219616419,-9.221664043914089,2.7935187782906423,18.26763812967937,0.07289607127601881,0
5981,125.57436191428033,-6.4692566316622875,4.619098358851469,19.721130977925068,-0.3773349156608684,0
5982,136.11323869268406,-3.6266416959526695,1.4215721059914053,19.21407513034124,-0.4529482177074914,0
5983,106.3586465671996,-7.145297329795061,3.2564822591650517,14.966739474167833,-0.7191345319874363,0
5984,131.53881055894004,-8.194247554331623,1.7664937261042524,13.060101002477516,-0.5137855273307769,0
5985,88.58166146588832,-5.405955264481269,0.9691862730830783,22.08394456482222,-0.8876143592696172,0
5986,83.25742687323262,-9.206433677398353,0.6345948742388197,12.692485584455234,-0.5241986838550976,0
5987,98.26209533737229,-10.269619969683292,-2.10799116553148,18.94287479585569,-0.3729343066039502,0
5988,103.41269905095973,-7.577546136225358,-4.051624409736878,18.303097108293148,-0.62975282817014,0
5989,83.15807281598741,-8.773514085709282,-3.869947034907557,14.989844056919551,-0.344905718135581,0
5990,97.20747873660437,-11.155092304840654,-4.911718132759759,21.754476251757794,-0.007517323006037374,0
5991,87.13041210398431,-7.632254732935827,-5.459133635416995,24.98260024320208,0.11273870032578834,0
5992,54.77764306223747,-8.193337576939742,-4.814613548949788,17.519926452989804,0.2559520577486947,0
5993,78.11397989419149,-10.03517476531253,-5.294738323532696,25.366457619361828,0.452048038470635,0
5994,77.32620847344488,-10.068396378032178,-5.55415307214517,12.803278895248546,0.1332950544198478,0
5995,55.2024979133463,-8.691305124604648,-4.6748167294544,19.575627226787212,0.6407776870140335,0
5996,66.02624174848856,-7.373650801733758,-3.3313200499166653,23.397731186913553,0.4221359616029171,0
5997,9.39599712951427,-10.41786223994795,-2.2200702280129057,28.32392841388324,0.31007541605540684,0
5998,33.5367151351858,-8.61617545362115,-3.9489637382497946,31.72598386190642,-0.038572206975323264,0
5999,-9.035849395464828,-8.843619913405016,-1.725264097373285,28.624741055246666,0.1560966079348133,0
6000,-17.86338233147443,-8.238943813593544,-0.5827362378333353,31.863537883065696,0.1685072276936293,0
6001,-18.19603738274749,-9.91748936359207,-0.6256461285962647,29.035970468841548,-0.05499988294581211,0
6002,-34.358562176591484,-11.794323087748797,1.4132342817587653,32.65900632015604,-0.19112500640488106,0
6003,-36.2621683602179,-10.84331567650889,2.5958882645894588,33.178942861405915,-0.4149453089869936,0
6004,-39.11733994187116,-9.156465120973177,3.7840900851946357,29.64585898264733,-0.45008660296867814,0
6005,-27.275272595375924,-6.104497673773501,4.029601016143815,31.172751355001807,-0.7111863146944057,0
6006,-59.185754764688284,-10.584371562089919,3.601109601736409,36.69579580544101,-0.49862149631504926,0
6007,-92.69211359621077,-7.857627491103042,6.84501951168483,43.487630578124,-0.5594076057798404,1
6008,-45.78598000052324,-9.950522266450118,5.820370688762184,41.179545615104814,-0.608469667627288,0
6009,-92.25157507367747,-8.877447657285398,5.5032329506227295,30.204075889129303,-0.12063071411453721,0
6010,-82.85214772880508,-5.848826249916087,5.717252412541722,30.911611550265498,-0.4503803688256006,0
6011,-78.09887886235104,-7.11007474003346,4.531068916332983,34.53661225832103,0.11776410561617381,0
6012,-87.51969936258627,-10.858706451957206,4.975911595727922,38.36973903590753,0.2774710073830566,0
6013,-73.19625877745898,-9.237570050125914,3.0025404903991024,38.76162742780432,0.18743198615622947,0
6014,-88.11772242801565,-5.276462074196569,2.086039321196168,45.351553699128225,0.6056378423190539,0
6015,-116.56574848171623,-7.1819652328739965,1.7750495213892334,46.23986547634341,0.36087317244462674,0
6016,-56.417516984712655,-9.421557697191579,1.7262667025098928,40.39086831241529,0.3772630923954772,0
6017,-95.75224013188071,-8.402132504134912,0.6660694801364615,39.806154473765055,0.2437580127247822,0
6018,-101.24030381870774,-4.9806836786989095,-1.215293309787644,44.09408917321811,0.4232561258316815,0
6019,-76.68746455944373,-4.006327421444527,-2.181605950279375,47.37547967890768,0.13636996698690462,0
6020,-87.69056755594043,-5.551929892926543,-2.784682869248815,45.35394996696231,0.043620635998612906,0
6021,-80.48261227748617,-0.2155392147769737,-3.1388463056341953,40.9492936000609,0.04468383012974327,0
6022,-33.52715104539623,-3.0834756839422273,-3.3050477256715585,40.54376777412353,-0.09629342759932658,0
6023,-82.94390067885452,-4.7725291575600925,-5.136138028022491,38.53259152253725,0.018425788412741867,0
6024,-77.09356149983944,-5.46005403626871,-3.6819371788035333,45.51598372880188,-0.16693151291313532,0
6025,-60.99685073851425,-5.31191586019132,-4.558113718654909,48.10927053256021,-0.33177200716414273,0
6026,-33.85542297758745,-2.216406303640865,-3.9558958314939656,49.09501968863644,-0.520632846483241,0
6027,-76.82134614753858,-3.382688109405461,-2.7469370808214997,51.588551541904636,-0.5775901681131071,0
6028,-76.94018953155194,1.4304799958905245,-2.739277429218902,53.62192237775843,-0.463193035023442,0
6029,-39.93380602679753,1.5085341216831338,-1.7888080318787036,39.71768328389438,-0.48931798663553383,0
6030,-51.1507085526745,0.338521120825084,-2.2048540602024826,48.96982445388654,-0.4046634319850514,0
6031,-17.065056469489527,-2.7868082632555002,0.6446197704613457,49.477032719105665,-0.14302691862112485,0
6032,11.470997171528479,-1.273385789148515,0.8377726884403633,47.226814551877176,-0.15436740881254105,0
6033,-6.418739448925388,3.082097287849753,1.258264926318024,43.75159708198528,0.004598325471580789,0
6034,-7.278926581564161,-0.05712644116607035,3.178249616902073,55.394085753726614,0.4906268738066333,0
6035,32.29331635845262,3.8088811901518116,5.5271713277870145,45.48628294078006,0.12861785595175423,0
6036,57.4976027242302,3.0054866527918724,2.515399684955284,37.70541904634379,0.265362196831926,0
6037,15.28529211672165,2.646256034630806,3.4786925418350654,48.988135960115194,0.7544564645005918,1
6038,74.03599883583738,1.6173403710283099,7.395104674230446,47.898412933205094,0.40321204140544603,1
6039,81.84823151964072,3.3071481011027544,5.376103570267978,58.55653992675841,0.6956598136833493,0
6040,91.80009065770108,4.3388242201772025,5.182570461943024,51.877139064190544,0.08823835657975809,0
6041,103.57769598016289,6.478601870611207,4.719603738989149,48.0432004809193,0.20898706500009465,0
6042,128.94665217470197,3.08501712465689,5.693958406060568,48.70625654019568,0.20376528044785716,0
6043,82.63445828839863,4.761680201183014,6.568479014930726,48.74965667979263,-0.2810380038093703,0
6044,95.9008411688768,5.79457017927444,2.605990126062948,60.958567312811184,0.09469807236880354,0
6045,88.39743776471936,7.433631321235719,2.3578373296381097,53.31159750648356,-0.4371097053004139,0
6046,98.81608390594339,4.679429115884609,1.1896606151431244,42.93968202473815,-0.34402106500514484,0
6047,130.49741209815346,4.235063878982908,1.2975160090466504,48.7745983390936,-0.628423809225267,0
6048,73.00548555381704,8.57081251023393,0.7887969035987848,49.87995298046956,-0.19744244081585477,0
6049,81.75238655445942,4.523609275063839,0.20637481052292084,44.44159276456879,-0.3937603630103692,0
6050,124.59569419651369,10.447197400778391,-1.5724071703895695,41.02598394994353,0.04694966515878979,0
6051,114.56178881620573,7.863427250043136,-0.6511065896915595,52.859929960775524,-0.02149104291023546,0
6052,83.06658278075896,5.3578248132056565,-4.450110878849992,45.78034770867928,0.04828633246730504,0
6053,102.6828731138747,7.748526256427198,-5.260318672882374,55.94884967465931,-0.16131779909165314,0
6054,86.8295320373074,9.70232479786444,-3.330412244628314,49.62756130548081,0.1926487743479927,0
6055,103.62170379954152,8.091030657264282,-4.859551489183264,47.07700862720384,0.24300417660826917,0
6056,67.9818510758939,9.385961317168292,-6.342319483395138,37.20666938206669,0.4146823725551556,0
6057,79.21538637714683,10.992167650778299,-5.068443618024795,55.2241963073591,0.5055045765423495,0
6058,103.16752879538717,9.24996427490171,-4.093261059330373,50.38286626087308,0.3198283001638889,0
6059,53.41096652079362,7.898432784575234,-4.418329313211369,46.457318101342075,0.4480020412560543,0
6060,33.143095028921884,9.268357053695423,-4.059522155292145,44.01041568793407,0.3965677665626591,0
6061,36.99172227528478,12.765121557950877,-2.4038819794958823,56.20152549849691,0.11318460747294476,0
6062,5.398176232832687,13.34985278335718,-2.3246199679315396,42.6098859924394,0.34653989949565733,0
6063,50.49722622914401,5.959210439572817,0.3614464610291686,45.79349049202662,0.08552407856445296,0
6064,-3.6539843188700285,12.175464851049474,-1.2201765147649848,50.17214252559588,0.054583428037716375,0
6065,-22.634855059581017,10.463072391831533,1.7825173921126454,54.2450107113625,-0.15006443337339462,0
6066,-43.63913353840414,11.755208491209947,3.112608097435856,45.55854362752771,-0.7075650015580752,0
6067,-14.461085157593178,8.72596983740326,3.3001840721481672,42.59636650802032,-0.6162426352981911,0
6068,-28.178124672954922,6.185560315784294,5.146397793403503,45.348556989252316,-0.16352125572403609,0
6069,-64.13050479078846,10.761905733759322,3.1834759539802775,49.998055710203886,-0.33758545778654203,0
6070,-50.774552097435276,7.557837131085203,4.172254887063136,50.697936510497655,-0.7751894464275969,0
6071,-99.97234323497591,6.48647572488149,4.668332080403559,37.732406243557286,-0.2728435904452353,0
6072,-72.90202648439114,6.426373929743877,5.636844526145474,44.72229980924439,-0.4164437362840169,0
6073,-73.58114881216973,10.042467144635538,4.87207164914794,36.49801093007102,-0.5302364225199745,0
6074,-53.69884317795358,8.87491040214418,6.340851238185152,47.59469544434351,0.3695353106884055,1
6075,-107.59325634681738,9.894817867153668,2.768280059605456,44.77253183875671,0.19878792925906325,0
6076,-121.15437287314072,9.38109630927774,1.413171028063764,37.52462325133737,0.35633628973871084,0
6077,-115.95124261300387,6.894035472182649,3.7193904050282685,49.25436666776727,0.1628501849225244,0
6078,-126.24980641433424,7.268576526937249,-0.45537069266696817,42.69516072788333,0.2478410578386312,0
6079,-73.26668694622086,6.041749740088058,0.6648474479410849,41.56610275011063,0.18166509549953835,0
6080,-68.50928060749423,6.28141249207408,-1.9898622751319377,38.94845443903393,0.760248884382286,1
6081,-91.5659754314238,4.388250122269895,-4.033174510277167,39.19175660858322,0.08245315466384362,0
6082,-71.05376163635216,6.70861614024162,-3.213011131792219,36.69677594720888,0.6320170672326448,0
6083,-89.35584529126815,7.667960972895317,-2.6999473866303534,34.25494698664179,-0.01872317246561031,0
6084,-89.57301478351594,3.4607739126145884,-5.438939841612471,43.448259529502494,-0.2129332154981768,0
6085,-89.09132566526587,7.2200874133567865,-4.090670218885057,34.16559022162491,-0.12733464489954135,0
6086,-82.57456552610078,4.4364978211053065,-4.167448388124159,33.30930832688873,-0.39161968913166,0
6087,-100.49591795955862,4.232998041727688,-6.2689931141905895,34.59254735020183,-0.3510778010008155,0
6088,-56.73311313365072,-0.11600883635487413,-5.09282858512529,41.6451643533466,-0.6286283495470717,0
6089,-54.68354274461054,-0.8078697181584777,-2.961801917327444,39.44818698920091,-0.5580709871852525,0
6090,-30.289986372131786,2.6116771490698256,-3.3811428705760003,31.07436475206918,-0.6449801420456103,0
6091,-34.195471747554734,3.4138907942796344,-3.6253541348700704,38.425563804893976,-0.2749182781692694,0
6092,-29.82839756293164,-0.001937331780792917,-2.1465858192791027,32.062351382315384,-0.2585569633599337,0
6093,-34.241044130501386,4.184057006567418,-2.3430301162740883,26.52212976327894,-0.19320151561620147,0
6094,-5.448947053910322,1.8146775702676483,0.4261332945511247,27.563819643857475,0.10798404645391328,0
6095,17.86676726960508,-1.9718022997828428,1.4233130472539508,36.003968623548644,0.0991065459611925,0
6096,-9.801717109727225,-0.5929601616796591,1.416213430234011,38.733503797018265,0.22727552073814317,0
6097,24.647036056350597,3.8012993750407844,2.4596283810520583,29.08861214157508,0.29546236515694557,0
6098,37.16213342369906,-4.132707497634868,2.074879963711304,23.816097963212773,0.2756051594737359,0
6099,27.418950140864176,-1.081942123146831,2.443857229759476,25.172792698881263,0.3380329460892501,0
6100,38.8846367297474,-3.2695285240633236,3.9901754295343475,21.1234367851251,0.5293000816786603,0
6101,63.60950106367411,-1.6892455224459786,4.676175235088413,20.980144527165244,0.6778393417050756,0
6102,44.09490362223802,-1.0397335180828975,6.033092433019168,19.607400896038392,0.5203487485903355,1
6103,80.86076112855042,-4.809063854001713,5.901623925326503,21.895326863914555,0.4149262236321312,0
6104,62.31615463152841,-2.2509846270472518,4.974255463421069,21.995939979065582,-0.050479035127000554,0
6105,107.03970712970172,-0.4874021906012862,5.5992487956175605,19.743661560045748,0.12881537802190934,0
6106,137.24146762547235,-5.225937358087362,2.9087495209270835,18.461591543743435,-0.20426176295576276,0
6107,77.06796079479862,-4.203993884982137,4.219521994600527,22.446576265195755,-0.22682813021568965,0
6108,107.82339264979123,-7.355505806343744,1.5164367960628709,16.566528055681918,-0.265726178740968,0
6109,84.48995274794041,-6.521525308858331,2.619272995402756,15.948863366874033,-0.6879257928468588,0
6110,120.74000678793674,-7.282417079908775,0.3839455155922241,14.945801451327966,-0.46496455682578414,0
6111,74.51351076040886,-5.686898952098675,-2.599119958681545,22.593370627553274,-0.4446078001346673,0
6112,108.33081449647798,-5.204924705569178,-0.844848053698358,11.46323742057728,-0.2436118683510921,0
6113,79.17333196749127,-8.148060322980978,-1.6768409060004736,15.937602122693903,-0.4585903307283363,0
6114,89.44192539516648,-5.156161233594551,-3.7552237776537014,8.24586188568993,-0.24760420262344812,0
6115,68.97458096117583,-5.437414107606699,-4.350653843453552,12.764308339586947,-0.06049045169673043,0
6116,101.16036068127327,-7.056664222980013,-4.661044195195335,12.7681782816712,-0.048522552761137386,0
6117,62.24558117048974,-10.013416119225262,-6.769294821735953,14.476722225908741,0.0922448094490739,0
6118,83.50711654978618,-10.413563305467596,-7.358394580807726,6.148876365018401,0.21114677675982918,0
6119,58.344439285479,-11.000241019404031,-3.6424824469352837,1.5119678276583643,0.39784214154946645,0
6120,55.04380027598905,-7.639284994463665,-5.521511442513018,2.170584857945509,0.8324957740015021,1
6121,51.82235886192328,-12.09945329909237,-2.408243095890464,9.919514039012594,0.48120287868309963,0
6122,24.676474966846556,-8.43635657197509,-2.2891962566852664,14.509820280330633,0.5690362114509099,0
6123,34.76724117016411,-12.04189559077833,-1.3425969698757652,7.2759449523211295,0.40763682796732453,0
6124,51.50817627772567,-8.297535623377524,-2.6942812269466265,-4.205645012098331,0.23375443760308354,0
6125,-4.527665363650785,-9.950283274936211,-2.705086328618622,5.108848794205758,0.1579869862387477,0
6126,24.492928198590807,-7.332583287855462,-1.192548939681935,-4.613281033682523,0.16971764203515108,0
6127,21.03061453275848,-7.707094782908037,0.44310974357082994,-2.6399908998077053,-0.14323867493505527,0
6128,-35.153262409312156,-7.085046836366411,-0.5238982865803306,-0.9577169661989046,-0.3012859345413035,0
6129,-57.64193446174313,-6.973831185017906,2.2599457238317786,-1.1158650858555044,-0.428569728065782,0
6130,-31.927133425176358,-9.523764396751616,3.3106827258605778,-3.563178857363564,-0.6587385726405248,0
6131,-57.96066371916104,-12.01964718503087,2.8549023828590485,-7.892073929615076,-0.28935777256083106,0
6132,-18.216877223513876,-11.673892049735322,3.580380429079166,-0.5808911945178501,-0.5796671783292123,0
6133,-62.91379281045353,-13.585410754440614,4.687589852433322,-9.510331671299104,-0.14550696935543345,0
6134,-87.03936426481798,-11.398388736019525,5.35612378644155,-1.5890041407002276,-0.3003072873308687,0
6135,-100.61463647794018,-8.889680291877117,4.0013357018627564,-15.644391019827676,0.05326630668720525,0
6136,-61.77334981324016,-9.920342889382924,4.881697195062968,-8.75222467586503,-0.1262030031221308,0
6137,-100.06011292078051,-8.913014654169325,4.240610136304701,-16.939084201962338,-0.08345239279410224,0
6138,-91.93921595031384,-7.297644119613139,3.501365404545892,-15.95287235833951,0.4155822874900384,0
6139,-76.95171082545681,-8.600833614199818,2.015461640642888,-15.316937229033082,0.22000249027218877,0
6140,-108.04502919514093,-9.926011243199639,0.4407485464111265,-6.1131653162497885,0.684906367954371,0
6141,-100.58775593092469,-7.459269638593995,2.506503609840021,-8.134899370776544,0.600921413960266,0
6142,-100.31400325829257,-8.801853761612218,0.4439868316695246,-11.25673918646888,0.7921112611446306,1
6143,-85.63060709756772,-7.181007732721104,-0.16953019250772106,-16.408263561307844,0.27337076879545386,0
6144,-85.80452911048613,-3.571847631517276,-2.2009803101583225,-16.574477222740768,0.5875492144065889,0
6145,-99.36862800440372,-6.400738745047219,-3.139052759584322,-12.115450142386011,0.13988394640784962,0
6146,-90.09143729672515,-1.9054933379957983,-3.2234393777044343,-15.867014610040831,-0.32443016297873273,0
6147,-94.2851808356163,-2.1582010944955097,-6.139789741045381,-20.201444855647082,0.18662689327600138,0
6148,-111.0192583214405,-5.741597241671382,-5.839116385199614,-13.767958679606703,-0.14191301759398828,0
6149,-70.1184111766579,-6.355292633698701,-5.753269492909715,-18.0300182621057,-0.08366370936005052,0
6150,-30.477934010811943,-3.7778814407580263,-5.443522804130196,-21.783075205284472,-0.36859046560806075,0
6151,-78.36484441019292,-0.8966655861247976,-5.703219880394074,-26.173369264062707,-0.45897562657616703,0
6152,-67.91334912665221,-3.706244286851975,-4.132986206628564,-27.498456381857157,-0.19862499265440053,0
6153,-61.105513116968304,-0.4254100027620873,-3.848578140855547,-27.296981075944043,-0.46490233507242285,0
6154,-20.00077925225714,0.6651640631944455,-1.8447150192042991,-24.18476295550679,-0.5304147491823017,0
6155,-15.979924079821743,-2.8055141540831885,0.05769720074114293,-23.133828854998498,-0.3608580159634662,0
6156,-18.328116861779876,-2.112168965955436,-2.761073678058551,-35.36630297975412,-0.18886805797433628,0
6157,-23.574026735057842,1.1645531099937816,-0.3733502649283271,-38.69868039535026,-0.6468518709599784,0
6158,6.629700864148865,0.5428717717197021,0.6231952492437965,-34.53239340655114,0.16973478045416285,0
6159,-16.56224879395647,-0.6335965710742921,1.4427529807553747,-32.61067522620866,0.486341539311695,0
6160,27.39957458448474,0.5316694637619545,1.2933241183273994,-25.377675432553247,0.3286436970917803,0
6161,51.51727438843737,1.5894057003470847,2.287339598864313,-33.53207900577136,0.34793877811070306,0
6162,18.277963448568954,-0.9091748091244773,4.143576232173816,-31.61584658414548,0.5646953282139529,0
6163,21.434081426690238,4.23635931006616,3.500847027238705,-31.546760485407642,0.8473878889381026,1
6164,91.93529500199348,2.2254665015687936,4.971239705388653,-39.487252997801804,0.5595085122048129,0
6165,55.77047193133818,-1.9147592554050723,4.739950612870311,-27.78932288792984,0.43393852522737564,0
6166,97.70425907143616,4.065623787611652,5.102718849805263,-39.11812978862083,0.20340963769961595,0
6167,78.13575792746961,3.0806344663718512,3.78513918110636,-28.68615922739419,-0.06705993511244729,0
6168,83.39554343118624,8.380425563001234,4.4843809628361315,-37.792419102907374,0.0037179993786484893,0
6169,99.95619761555436,4.258390983245034,2.8619308900488534,-39.51061405186036,-0.1403649600037539,0
6170,77.15015055631665,3.6469237695685583,3.170333882469405,-44.02347321555762,-0.669535390848367,0
6171,100.17474333756829,7.256402824613689,3.4958044160237565,-38.11414327676578,-0.5376183887230103,0
6172,91.61524937872315,5.30237164293573,1.4781929696474045,-28.44406049150244,-0.2345955632902342,0
6173,73.56378240425066,5.430528154090736,0.5513540415868998,-38.24754787915057,-0.5504286390618051,0
6174,106.45300268740722,8.357147538527098,0.0498159269590015,-39.546696182694305,-0.9778691445763248,0
6175,93.17071194836055,5.587572833081593,-3.1372297435493914,-44.79893087575702,-0.11088238455910271,0
6176,93.04632976305098,5.065155533503957,-0.9119146261270898,-39.056440395897496,-0.5153222871959942,0
6177,68.77249873611652,11.722949153757819,-4.478707856032088,-41.76191051204226,-0.30687191336580966,0
6178,120.66363359549283,9.700527848991918,-3.1992696226788695,-43.3807928975713,0.14284482614257588,0
6179,101.34220239155712,8.26233965043192,-3.825219297408101,-41.092041504432736,-0.06859053554830159,0
6180,97.2259477508048,9.011059330233874,-5.785217944394199,-53.12721439708846,-0.17186826064394778,0
6181,65.19006842849653,10.234457657204091,-3.9904158870986053,-45.0149574353757,0.3880949953540143,0
6182,29.359041432456394,11.351067012284599,-4.418433302946211,-50.94402032890467,0.5956278827530892,0
6183,95.00588930352407,8.050598619943788,-2.7472162537775664,-45.24295178862522,0.39514513707596643,0
6184,46.17142458241965,10.429097951094137,-3.9798946485830333,-49.41884996275154,0.4734283101775896,0
6185,23.38967297668877,8.7934152810816,-3.6515199922629358,-49.469142611146395,0.22658304530052215,0
6186,37.290657459679075,9.51436792702752,-3.286195150519534,-53.23076468453887,0.18667727255560707,0
6187,42.596693751443986,10.274497259319219,-3.63275558291171,-41.34022352417742,0.21020253994836152,0
6188,8.900536509958132,9.97565789129,-1.250271137196418,-50.64350418777196,0.26850479491692103,0
6189,24.946783141324918,11.471085011591388,-0.21342759158902236,-50.69328685199904,0.010184632963385001,0
6190,11.05525270166392,10.960065840644805,1.3165528465768603,-40.21731221215848,0.04732390183208143,0
6191,-42.00643655068162,6.930536279842983,0.5813760398835339,-45.309746721614275,0.04071688465723455,0
6192,-43.62406412166841,7.1673482541159,2.6355391680843625,-58.58261722136457,-0.22010491804148435,0
6193,-20.365736480423553,9.054978928681141,4.2062757074784365,-41.723144195590876,-0.7873257950567805,0
6194,-102.7421131565568,13.33859952312213,4.916289312880755,-40.6315565392345,-0.5560783398031521,0
6195,-59.967863206676235,7.840903702727682,2.8226532815937,-41.30064624768586,-0.30931021577182505,0
6196,-93.51494801013938,8.966525070042923,5.643888645701514,-45.91346905876458,-0.4507073062465019,0
6197,-81.70053203993471,8.125709017226313,4.749079875552431,-54.9251515489352,-0.6546308394738569,0
6198,-84.69589647705213,7.882751672590938,4.669653710943636,-49.805151779260626,-0.3155767545627275,0
6199,-91.6478817700199,9.11728687944221,2.1556198609933452,-56.923849298755485,-0.5157614134570161,0
6200,-100.44759261771813,11.310431438949898,5.498973508272266,-54.11442962196932,0.03261286759195769,0
6201,-115.3713350273237,9.147615420367012,3.5077855938447167,-55.42159644593599,0.09264001820569703,0
6202,-50.682824848347025,6.334833524305875,0.9923147168849096,-53.06518238348958,0.27849571709900406,0
6203,-61.29999182363815,13.134720692761986,1.9911502021635825,-49.15315659158608,0.6766002856019926,0
6204,-123.03305951802199,7.452707655617317,0.9881777795860449,-52.22039321945213,0.22437417330638387,0
6205,-68.2948331824366,5.790183739891328,0.8683319418402395,-52.4380520142684,0.3535317713435151,0
6206,-107.07336396367322,9.400524893530312,-1.6476912071415206,-51.43612639497569,0.23093178863402863,0
6207,-94.65717551701451,5.253459994334203,-2.256454660783676,-42.44720971188341,0.5946343302507994,0
6208,-95.69167583215874,9.117221847691457,-3.751270849747954,-39.06873737284819,0.49372033705348206,0
6209,-103.8629657662526,3.635426793033642,-3.2266021428434657,-52.06398321786163,0.20270116800302812,0
6210,-66.32681776139414,7.808652009260864,-5.1716560362295665,-48.03319520364811,0.04388345570861399,0
6211,-77.96268352800233,4.910196515530126,-5.66982883076944,-53.803135162635606,-0.40471494955873516,0
6212,-83.68385841514406,6.638447702726507,-5.0428710012219415,-45.62182992243039,-0.2569748933922516,0
6213,-93.17612407279077,7.397977959489045,-6.200831905263319,-51.68589447809265,-0.626846766070545,0
6214,-77.21745621503224,0.8583510214041166,-3.1743953058564656,-52.683005405349704,-0.4639269136176159,0
6215,-83.84141781864346,5.196421017039885,-2.46039314776392,-38.92373134485742,-0.5683592696118853,0
6216,-41.92789092262391,-0.6582294762647951,-4.277461158862286,-55.49662845827292,-0.6014110298924917,0
6217,-56.842847821256086,-0.42548724199248134,-4.494231605157136,-60.74554772277834,-0.4166980408574298,0
6218,-28.629099105558105,-0.43280564969753255,-1.93091842038555,-44.552996506647524,-0.18895896383164826,0
6219,13.908779974972887,1.6834839218660023,-1.819088351475376,-49.7917363641372,0.15760590747930042,0
6220,20.452186283776413,0.24274960854342797,0.8215213308807571,-50.89084297926925,0.05727816866533645,0
6221,5.815417479067329,-0.6574888110929065,-0.14240099848542265,-33.69076714586104,0.5519728799177829,0
6222,14.649465643771228,-0.529872708884511,2.1614602458228913,-43.36719235666858,0.27724477958576044,0
6223,63.755080906381025,-0.13683528260505629,2.6386794638847415,-46.9613520754418,0.7133462480236195,1
6224,46.077784084550984,-0.47669155855685186,2.6555119562691445,-49.8402292644925,0.5313433820826454,0
6225,38.255274712280155,-0.11409545523015208,4.246083593657822,-43.68490168854154,0.540160827420422,0
6226,24.992043064659757,0.8541540527872935,5.399118697478247,-54.17300902132099,0.46256663836889833,0
6227,69.55619300164362,-3.3051634258626215,4.941765528068657,-47.665955121282266,0.515716594033988,0
6228,85.81525385300829,-4.772985315816351,5.092982323576499,-44.82961124844728,0.46117239946713035,0
6229,63.454086604285486,-2.9627787682470306,4.064532179226637,-43.117468662695835,-0.023158394464302456,0
6230,88.00927356756769,-6.926931848674718,5.826303160960912,-44.42022254486898,0.26256374279244865,0
6231,80.19068640068308,-6.43280803000051,5.2847672106568755,-46.67977747568325,-0.3229723512094687,0
6232,88.18454523455212,-3.500929566426171,3.218739497455689,-38.09878101254388,-0.0323278299208814,0
6233,45.593906342789616,-6.15849353781753,2.7493995945854195,-50.431649778317286,-0.18374546789260277,0
6234,93.44716454169112,-8.722394519889928,3.417733220416266,-43.01742274338819,-0.12314672178458813,0
6235,118.82461127808111,-9.665626808993874,-0.08010750249129805,-43.655227054585744,-0.6472853057167427,0
6236,87.37006284757611,-6.951886824882623,0.6657042226290033,-35.427703920272066,-0.6973356498969047,0
6237,100.61038195250468,-5.111206985896727,-1.491693884530724,-42.18648584168658,-0.2588578127358619,0
6238,83.00781192671775,-5.465104732024875,-0.1122992177808162,-37.09294723944716,-0.6327671474340835,0
6239,102.92218024918805,-7.808330039480429,-2.7088639796708227,-36.9895137135645,-0.5526149640234094,0
6240,88.01306731355594,-4.300095919629789,-2.283342524589945,-47.18836069223703,-0.14801056554196873,0
6241,69.26621895190274,-8.794588747250952,-4.935181750470602,-37.683822592826445,-0.053889914690256654,0
6242,109.52982063665857,-9.10765862062889,-5.886118039964257,-45.397139727529954,0.13568166461880377,0
6243,95.45707558539578,-14.188898842189186,-5.150697717541929,-34.24023658162174,0.3519735882134257,0
6244,58.01180015455012,-10.149626217600069,-4.736600826373029,-38.94707421389451,0.4710739126649793,0
6245,72.59668644025562,-7.728611115087624,-5.393556302053492,-28.64680481386027,0.4324477107729553,0
6246,65.29425775826402,-6.458882686274685,-3.8133947205224623,-34.75484775157897,0.5032428756993843,0
6247,58.75213407367529,-11.377476781729863,-4.288273903615696,-36.95860336573213,0.4817121907957787,0
6248,2.9224044548281114,-8.898417551944087,-5.503785924675126,-26.353099238954144,0.4594345081509612,0
6249,47.47329760004091,-7.810526652171156,-2.077126965487591,-35.94297558262033,0.09175052202388573,0
6250,6.2076480248719665,-9.938475362973143,-2.6152188191286836,-26.328547652694624,0.4043958245833942,0
6251,0.5296594770572973,-14.559162495325367,-1.1279454029809965,-27.670557391200813,0.32419177597283666,0
6252,50.451645902594905,-9.504755192123982,1.7836687981703219,-31.029533795947074,0.0929205317856539,0
6253,-6.237688135426296,-8.458214423727185,2.991044128293009,-35.064759071262046,-0.06832746167904599,0
6254,-29.848122567401973,-11.832714451326469,1.5818666970203625,-21.347698125794317,-0.5082940296302548,0
6255,-75.85304537743042,-10.378131216367708,3.5882673501615483,-24.213809302345464,-0.6952641734974563,0
6256,-13.260152999505383,-12.088098316923237,3.1913084503581937,-29.72530235157959,-0.31125109906603077,0
6257,-76.85769450854838,-14.800247734110009,4.040567344843476,-23.781620603412733,-0.4942856636627625,0
6258,-78.42122570582706,-7.464645366871283,4.133000902124719,-19.102924785110517,-0.4439991189397178,0
6259,-72.79540179303176,-9.361061133290736,3.2368485722215916,-22.693072388242474,-0.37022363213568255,0
6260,-44.994895813782875,-5.969744908595501,5.080876332782191,-21.171303319910407,-0.2600248093929417,0
6261,-64.28048725697586,-7.23907339034548,5.099846398475681,-16.304464867284793,-0.05262102878949054,0
6262,-88.5274039822784,-9.428380538211767,3.774712630907123,-12.870770310672224,-0.05525745169728438,0
6263,-83.97718395504033,-8.63077021454342,4.990302849427199,-20.239458093298854,-0.26820199517193904,0
6264,-106.02243121682817,-7.055345378191079,2.767646878681,-25.405198258428914,0.38940872015391204,0
6265,-94.15397172096368,-5.9567596052895855,1.7400087393411574,-24.299900268961203,0.4836617816828155,0
6266,-97.44397593725,-6.92828924959609,1.9824448685899478,-20.30390296425052,0.1927624205901859,0
6267,-80.51069511261983,-5.026618160772999,-1.066062856310877,-20.57857738020624,0.2616726194473924,0
6268,-80.51988394733587,-7.477225123220069,0.38497424774382094,-23.36528364082786,0.6704645255185093,0
6269,-88.96344957594602,-8.507051807896357,-1.9013991355721789,-4.756652580584872,0.6725496948918558,0
6270,-104.08189263985548,-6.254981765898026,-1.4276995278653657,-10.392521596349184,-0.16920861455398434,0
6271,-79.02289714402174,-5.312281803634321,-1.9502531157102896,-14.684033170002209,0.3340005494999949,0
6272,-91.78530236897544,-7.708707052252744,-3.2905240999845895,-11.254830818674346,0.06205565845305845,0
6273,-106.7721004014547,-7.548803781199906,-5.278241026229359,-19.047006714370127,-0.0281144174485688,0
6274,-87.53681992941733,-3.53812451009823,-6.074633630732853,-3.3471205878026478,-0.16198754534461077,0
6275,-71.3237268767679,-4.792068361775442,-6.423099017998374,-17.89684746530888,-0.4691522957722371,0
6276,-47.62361892432363,-3.847547712107853,-3.8524433463993812,-4.610462620059058,-0.28637835263385747,0
6277,-61.65443512324816,-3.7629746402103508,-4.8589275253645345,-15.361654177573344,-0.6174894064372561,0
6278,-73.7444273084756,0.477496474894219,-4.903786520642036,-7.246058019878262,-0.3505396479014028,0
6279,-39.507009156620754,0.4461089005039529,-3.845474778806289,2.0330230146274406,-0.28156072071075255,0
6280,-29.048031901234477,-4.060636440364064,-1.8935580737092024,-11.352913494579727,-0.5827596120284704,0
6281,-17.96279936638062,-2.1560671297309195,-1.3376550102646538,-2.928156008335581,-0.4743582438752102,0
6282,6.572094049304576,1.107701822932418,-0.7357301710445924,1.9536572159971837,-0.1513416604154283,0
6283,18.525499057736866,1.111220210078118,0.45262129637438897,2.135540746349458,0.2729495593633851,0
6284,-3.7462984447658823,0.32431784249841883,0.9912650815327495,1.165586771017764,0.0024491010291941284,0
6285,5.724623192167638,-1.3690984838193396,2.077227562983026,4.293112009467745,0.1783165234005122,0
6286,6.972766906442516,0.037625209827235606,2.889393302845564,-0.24091334818272925,0.4380034034458111,0
6287,51.20476728801021,0.8622675103264057,3.455180977578754,13.474972443503358,0.5865887622707875,0
6288,75.2845944009013,2.938150131643227,4.857740654757441,-3.245833707076031,0.6014052674104653,0
6289,48.6235958783642,6.274015440759317,4.951145273767829,11.611948831444728,0.4989423914328615,0
6290,58.1648705578081,1.9680354137956284,4.011661172761319,7.741086785445795,0.3838596399523994,0
6291,99.76797035827036,1.7566073909342101,5.528720025229796,10.868461895017726,0.42406050499605746,0
6292,87.27857720075374,4.048867223867593,5.155234074195402,12.741834400257286,-0.40163744621545727,0
6293,91.85620379479136,6.77621755129735,5.231875890887064,12.529928378992311,0.47180550174821534,0
6294,64.44660677615889,2.2538936748652314,4.044527666461027,6.675457024096847,-0.08847825629782449,0
6295,106.09103140512812,8.476981460081795,4.323350096329449,10.27370576140425,-0.15954533032171636,0
6296,77.2608823466996,5.6337826018010135,2.6730796336763927,5.416912389892227,0.09669180743724809,0
6297,75.53270691453952,4.902395988992636,2.5722308583820555,12.147118836173318,-0.5697565305418626,0
6298,92.66586763773863,3.5479238156694417,0.43205471466041473,16.21147352418975,-0.015730173118992274,0
6299,88.27844998640767,8.521743090084346,-0.4939755015664238,18.58796165407654,-0.3518115017645349,0
6300,94.95620581359435,7.108990255091057,-0.4956619550031067,18.456713008660408,-0.38338511443185463,0
6301,68.9694082186654,8.116750262379655,-2.3767184904968413,8.664713986411986,-0.2746384901650111,0
6302,114.38913247438026,6.278288167220672,-0.7048675127326796,15.562938608788212,-0.4664041994812137,0
6303,114.23896278338783,7.726096361927634,-3.093871892746119,15.988857123055237,-0.495958481591793,0
6304,48.29472937834944,7.654596353867612,-4.239134782226376,13.667841418180444,-0.25547660814858775,0
6305,101.49538792486038,8.668478148101311,-3.8779043333303442,16.949503390528506,0.34661419922436887,0
6306,59.58173233840549,7.7502956767217785,-5.4249456968168746,22.037604223104374,0.07899649550918625,0
6307,86.04059714049816,6.2180556115591195,-4.070598389903449,29.993376660775517,0.04850013983571,0
6308,59.95250113387212,14.917223019427354,-3.9486463143784136,19.043168678497246,0.44278198747368025,0
6309,53.70458338692411,6.883575398026769,-3.247505524277244,19.038701338485687,0.6119418644247882,0
6310,40.70391210865349,10.099441315713815,-4.419564920135988,22.55032160395993,0.49869208295900697,0
6311,59.481553448088924,6.294270816536479,-4.520584027992936,28.089457333384143,0.5623435020584664,0
6312,0.9282172458350999,5.921444079222349,-3.0956258947417745,33.36454592738226,0.5827739207806534,0
6313,28.100806890703005,10.163620731768273,-1.8556343575957177,27.646444975460067,0.34530943335291164,0
6314,28.03531885468756,10.344216991052864,1.0674257392542246,21.6713476010462,0.05888628650392164,0
6315,10.340195508982596,12.521010365581052,2.5933557171226926,23.545519095108105,-0.1685359073702084,0
6316,32.55188337628191,10.774646810371985,1.725254836438362,31.450648108356642,-0.04955031572176902,0
6317,-34.33721416934245,9.628538747560055,2.317192116081417,36.27161777730363,-0.2744903196510418,0
6318,-14.190981598165472,7.956751523655928,2.793097890419332,41.14764234594034,-0.5981104324926316,0
6319,-44.704596827948905,12.757133227838438,4.677598564171151,26.91768831952275,-0.223875148903174,0
6320,-26.73489556220031,11.495575972774668,6.597788807082302,34.27619273348576,-0.4469713092599593,1
6321,-59.86342801664689,6.999889250085912,6.575576321829136,29.162293493226727,-0.33930332669229607,1
6322,-75.17719568598257,9.399423960022144,6.117268820729681,30.53885900392719,-0.4767982925938949,1
6323,-48.334632760750225,9.41924537899608,6.0936528494479,30.821895093008482,-0.06517272463287482,1
6324,-90.57977190015036,8.224654918190355,5.595566132453721,34.7593143980465,-0.47528619504385183,0
6325,-114.48869192834925,10.222199256239026,4.318975533145423,32.69681949723965,0.32411899789921866,0
6326,-101.19513465552697,10.08280888850824,3.05865863496588,50.16519712575095,-0.25053349785544965,0
6327,-82.19373323137387,7.758171571567454,3.052030525890393,36.120231955507066,-0.002133823158881498,0
6328,-69.50485623813991,7.27686121231389,2.6503173571744614,43.98977852497678,0.4351094550970235,0
6329,-96.92163750122711,10.516380948979842,-0.15934544615364699,36.36990686173252,0.35577705580887636,0
6330,-73.58826107620371,9.04521388358647,0.15604922448073605,51.43453865927485,0.43218410003279467,0
6331,-126.92498889737985,6.967383852678564,-1.5145397525172717,42.54834489455465,0.38308309982715205,0
6332,-107.4392639751392,3.1903188641935674,-0.6449209847017812,45.60602194933211,0.2804289779147334,0
6333,-102.17308246221599,6.74669254053701,-3.112495683545328,39.01775107485061,0.4091425824372755,0
6334,-95.55714138651203,7.049671067821684,-3.036421843460247,47.39032827376609,0.21385321768848978,0
6335,-87.51655521886728,-0.2748581248074391,-4.732379696636228,44.700554319385475,0.258380402010261,0
6336,-70.4214726256227,5.30552228570879,-2.941619861420313,41.63199553295924,-0.05197643579911981,0
6337,-87.33538217221074,3.52399571481246,-6.566067576245464,38.610789979272596,-0.29472313100272246,0
6338,-69.07448629351497,3.4603762475344793,-4.521497133366764,43.28828999358893,-0.18093540628494376,0
6339,-65.45538045511414,1.6222748418035875,-6.207393972628766,43.30826073232667,-0.79674699094801,0
6340,-75.12359187777487,2.6670193041659402,-5.175718772148873,49.69912109310157,-1.002680374411385,0
6341,-50.366412352629006,5.266335223573696,-4.010415146416633,44.60459597973945,-0.8164873919946455,0
6342,-41.973023796367585,1.1023046724237495,-3.343357937714403,36.551676662943336,-0.5356504400383971,0
6343,-33.0175265172787,3.4340116713386197,-2.608091837452381,49.76538715089834,-0.31496468155345103,0
6344,-19.399896502306348,-0.6057913790171492,-1.8111367103781755,53.35679837277901,-0.8186776677693972,0
6345,-8.640601285460958,2.0258732957659897,-1.652003221385105,38.89835083166951,-0.15253924896806578,0
6346,-8.817506011746898,0.011891835882198878,-0.18121354078260007,56.571173271920884,-0.0734895867526453,0
6347,35.266876512705736,0.21282755055808866,1.0081566640302526,54.830592794712786,0.17269150613918482,0
6348,-3.6908905619690344,-0.9754900270402427,2.1266350337809112,44.973605731731155,-0.10132333958993017,0
6349,14.968636922591177,-0.20264653069552963,2.74335232809717,42.80363573983283,0.9131115557878595,1
6350,94.38299307413442,-7.113453719138884,4.304394112413453,53.89639064674648,0.4715820545653552,0
6351,27.032060871625223,-5.305375919442431,4.291445409873773,42.005875099695956,0.2551230537242444,0
6352,29.24744111224841,-2.1128430766595145,4.8552758133859335,45.71549474454595,0.5133904453885623,0
6353,78.9799599934685,-7.507993585207144,4.541650609531589,42.66500334138109,0.7318664764450669,1
6354,30.073549829022326,-4.947439882832489,3.945897723914765,49.4339499053103,0.08229530696987392,0
6355,73.52042764771414,-4.4506094737404736,5.027137245254185,56.87433427813329,-0.08294631136235248,0
6356,126.9707558981851,-6.443004128775703,5.761047571959628,51.5471717336082,0.04949936117210717,0
6357,58.144048147815425,-6.602678404063905,4.496418249001345,54.86727068331221,-0.08287056487277496,0
6358,53.50230018018608,-5.096176772790932,2.572455907595043,48.10228634427844,-0.07706804644897716,0
6359,66.32614918216862,-4.026441419939615,3.4069361023005893,50.41226954633458,-0.046951383956336024,0
6360,116.48285249637306,-8.352510822272235,1.3559825589396164,43.8380536173592,-0.2785200007667918,0
6361,122.23274751620562,-7.960223501853753,1.437238351920048,49.51031240828156,-0.765753358030825,0
6362,89.71044789925416,-8.630102384711014,-0.6435339073926856,46.26939388282399,-0.7125092959394091,0
6363,112.85269314370073,-12.349898052097974,-0.9078010778371268,49.18239628823418,-0.6235342616256588,0
6364,125.22871468303816,-7.544509141266203,-2.7156979523824116,48.80319793336356,-0.23247574559425688,0
6365,130.43227500201743,-6.259725648705501,-3.538750755438248,48.32059078537053,-0.15614647532752846,0
6366,86.07431498489736,-6.376784474926705,-5.339038890946063,60.355150603236766,0.11012999544841465,0
6367,40.378008033185566,-10.411492594292277,-3.8373653948509143,58.559738013272145,0.11745588439894922,0
6368,64.53293111465835,-11.411574505927678,-4.382538813473044,56.68748766059932,0.027828463782629126,0
6369,66.14866210754215,-9.080920074448018,-4.540058478519001,58.44698954466858,0.24775621629244643,0
6370,62.493981223483075,-7.658730981073813,-4.706964650199647,56.41333888959435,0.1029784117297165,0
6371,56.227416463818344,-9.177436298620806,-5.561710873672257,49.030343835968495,0.5937303691614885,0
6372,74.07499743181765,-9.054673862346304,-3.4593878467425734,48.32343110765618,0.37391420482542126,0
6373,68.38163460706998,-7.471689026555239,-2.8819118497070377,49.911150472765506,0.7304250253041351,1
6374,30.226980257294557,-11.331308451706441,-3.9578609446854656,47.447401703988106,0.548689850469538,0
6375,46.061213996244675,-10.366032500836834,-1.8060689320784826,43.047876783955516,0.721007163868484,1
6376,21.435092478213626,-6.705128236804424,-0.5385548087104586,49.45910876422849,0.29236096737316986,0
6377,5.6196335976489475,-10.391277785742773,-0.9026437199905522,39.85426607078017,0.14499505133260607,0
6378,12.464787203258691,-12.53065681853083,0.2696636335221499,48.06279538007663,-0.12113128179813162,0
6379,-14.160051295860747,-11.308037674739191,2.0755048535603535,42.071489238443746,-0.3033912744507582,0
6380,15.76805588317919,-11.794109658540812,0.9453033857312505,46.292108283797845,-0.3998245363051361,0
6381,-63.6857962138013,-9.127060048729538,2.183459298712453,47.28659052174229,-0.23878840189919426,0
6382,-54.401511232903324,-11.532316153587391,2.968101498934498,44.181045013836915,-0.7596834986267655,0
6383,-55.368377992421586,-9.073044584312857,2.689672082011385,37.33911960594979,-0.4848725702836842,0
6384,-52.260913215849826,-10.937901695471156,5.9201979580368755,39.179725240153346,-0.7939373021141223,0
6385,-43.2927331645285,-13.539527005073422,3.0036296214195675,46.97113567672595,-0.30805864357173934,0
6386,-76.05594261269529,-8.48330193896037,5.292369574780943,41.434933388713006,-0.36216092931226895,0
6387,-110.17354243001844,-8.580649118082603,5.521128447337193,46.55093164336838,-0.03337300566670859,0
6388,-70.22304103591141,-7.60090650016037,3.988284526667832,43.30222976923308,-0.1342609000429323,0
6389,-76.4485053468031,-9.719655662742978,3.0152432223234302,41.754303374535894,0.10990727054560981,0
6390,-133.94450139824627,-9.649099425833807,3.1713297235998983,43.95432347448217,0.42042969092312127,0
6391,-97.79277743991602,-6.983185195862454,2.078048484629259,38.2973769988467,0.4255318018321336,0
6392,-131.15254502268536,-4.424726963124343,2.1346763981510417,43.11292558380687,0.7795487231011976,1
6393,-113.28307455592338,-7.098424255797393,-2.487489792475042,38.43606038390168,0.40324320042298273,0
6394,-117.68750778861941,-5.911786057072732,-1.773438790828458,52.62145549648449,0.3698937290627229,0
6395,-82.09182861988579,-7.027428722790871,-1.2548416531107782,33.66080604203724,0.671599634229447,0
6396,-93.60435991387352,-9.078854193928859,-2.655243441568864,36.918965734576155,0.25365776159996223,0
6397,-118.35801383262907,-3.649098245601338,-2.7350617152054593,36.479917089820944,0.11808678184688584,0
6398,-70.82441483468803,-3.3455355548239467,-3.867461379876552,30.649142185655666,0.13305545287053738,0
6399,-111.99787014332503,-3.3063197101574193,-4.741974510734965,40.36658796360597,-0.12567208874580324,0
6400,-70.78297400615823,-4.645445157529353,-5.203605963911226,33.90826511968367,-0.2962482523143458,0
6401,-86.95575151622731,-2.630426945791889,-2.6749425157133992,23.45293465015901,-0.49267911315419133,0
6402,-70.57320148105326,-1.5704410588360718,-3.364397145148823,38.11326859075843,-0.17012684745726647,0
6403,-45.126296959559156,0.3573203707987678,-4.107862847325859,30.728727212299184,-0.5216969764546755,0
6404,-36.18311885407756,-0.42377114426069995,-4.045406824996981,32.64344601417029,-0.6090641031040659,0
6405,-10.807387515516563,-1.7850064498705414,-2.9418352301991897,35.79718129873711,-0.5167143962663092,0
6406,-29.751350227019465,-4.03620033100669,-1.8704947890888395,29.821685949843555,-0.3062040204505987,0
6407,-12.255937599851759,-0.6118736498464454,-1.3883305331392244,29.00022848779814,0.028910951946154284,0
6408,-17.234683541038926,0.08877561630149777,-1.5963193986113264,42.39536894317004,-0.159803312269546,0
6409,5.149607054007962,1.4935521719583915,1.9354744986618646,18.49824927495576,-0.14991860094499118,0
6410,20.27419133975171,3.2829594444494608,1.3870565172935152,22.020563175570384,0.5530114626677813,0
6411,19.37818537676314,0.8831201664016661,4.099180857383591,22.162118750266455,0.32782766695095705,0
6412,-5.083981422415338,5.7709580409047225,3.1336684812426205,35.72852134453889,0.38414966267325235,0
6413,46.95744000953995,-1.457949550081683,3.444669315850553,22.710612318936313,0.4881123446031055,0
6414,56.55330118753765,3.385798575571182,5.671142946347679,26.27462130676453,0.2507454453111272,0
6415,44.10044133501117,1.4301979263629316,5.013960660598216,21.833054904851053,0.4721993360386514,0
6416,39.881450959115355,-0.3146479287843995,5.084083801747403,26.339635562385375,0.5716537389427682,0
6417,102.29690982026098,3.56005701033918,3.7908171882900366,22.37092490087783,0.564714449621645,0
6418,89.09118518184498,1.503163108238505,5.492936774170487,22.801873911204314,0.12136023505053932,0
6419,80.37164004848245,4.5375139804889555,3.9882809064118763,27.065880813470596,0.0856646300723147,0
6420,67.05476380815179,5.360621151007447,3.504005498399588,21.916016633422004,0.14644600450204825,0
6421,77.30407953794582,7.945653400660399,2.7739076160622687,15.116465349617412,-0.2338303495258917,0
6422,122.80051582576186,3.0966197861417033,2.886006472625928,19.421754849723726,-0.2160707108882228,0
6423,101.54359738269584,8.31662356846175,-0.003440536387527171,29.01715638370846,-0.3615782803796198,0
6424,88.83318729358405,7.067591371133121,0.34498005018094435,18.80444869326944,-0.6258913850885786,0
6425,110.09566580379307,9.283651013591026,0.5378350353291048,15.78845670394508,-0.6788173443393591,0
6426,82.67268340250324,6.698911473545785,-2.6687433295041085,7.219444383057136,-0.2420107818330678,0
6427,127.0474916548703,5.215483671187306,-2.174092515657722,16.731973821965557,-0.9065428348733837,0
6428,121.18712765364785,5.742837385087354,-3.8087015668163477,16.503443813656784,-0.3898868153035878,0
6429,80.95959443309687,5.871643991830615,-4.284656925938253,12.733496628922289,-0.39688604352451096,0
6430,72.97547123427657,9.667176322817427,-2.774751426134661,10.76345516926553,0.2431941619480651,0
6431,27.589236426743454,11.899906846061143,-6.4527264695098925,23.374709600550705,0.45008071483963963,0
6432,43.92445623503846,8.028314034992283,-4.217490500978162,12.50449187953486,0.1625249366566545,0
6433,39.6358994787044,10.605751198275764,-5.443271358402036,13.439545550803857,0.9631807630821934,1
6434,61.33462551926509,6.46649616551581,-5.277276765308318,6.582970456200422,0.7518101618727318,1
6435,43.72584857268395,10.01614396393655,-5.456092739913988,4.597243695844103,0.5394122012797182,0
6436,14.461430263371192,11.110614156875272,-3.0123456604278314,7.420265260240937,0.7789315034209761,1
6437,26.449139732041917,6.970798199890471,-3.229216499316118,2.599905795258908,0.286758690286978,0
6438,32.56298707922095,9.528177158010699,-2.5059399087505905,2.0119954128863347,0.2588769153258407,0
6439,23.17247930126421,11.411840036767458,-1.1416527385286368,3.5808333397044345,0.277861747946118,0
6440,-35.34431696483303,4.131581304260305,-0.4351030225039172,-2.299110608806525,-0.09871118588161593,0
6441,-9.90925342609313,12.664152965991287,-1.2682726314149217,0.367012411611902,-0.36622964517576223,0
6442,-44.930493165914456,10.669751925514309,1.2096231257806593,-1.3342912103585096,-0.4362632076530407,0
6443,-8.976304533511723,11.340094005691032,3.4961287919973305,2.101431826626833,-0.4050863017118894,0
6444,-20.80526722995604,9.000684250893007,1.8906308095580697,-6.788159026961392,-0.35629994270602094,0
6445,-63.56147917560175,6.275601755500766,2.9684312182671437,-14.727645252966788,-0.5619428198550281,0
6446,-69.5789483238685,10.659798986440887,4.130905197363608,-7.275667586419663,-0.8223747977992975,0
6447,-71.5983664694948,9.273144590711713,4.149699668253419,-4.728281210312543,-0.35621995371251286,0
6448,-114.92066388521272,9.325617422428024,4.970700352374632,-2.8837065813652174,-0.11126443697081795,0
6449,-69.93913710552452,11.236513108937874,3.8294939871906832,-12.15490982942921,-0.3808951675683274,0
6450,-88.14314968707457,10.362690984429017,4.262453758125094,-6.963170303708974,0.222919015178621,0
6451,-68.48434152976816,12.436210363989645,4.144658177095552,-4.977003221326321,0.21319636525541388,0
6452,-114.179465684022,8.635136417370424,4.216789718848247,-7.871366213396047,-0.02587046093587972,0
6453,-107.99583379141473,6.657881280795776,4.045596389988477,-16.550988632881925,0.18439664908688674,0
6454,-128.1906362531572,7.356254081234687,1.6605582144965465,-16.979099619292047,0.35235316349152124,0
6455,-119.61291421271196,8.237867446680486,2.854835698576126,-12.347680119921755,0.44179825471962936,0
6456,-123.6392728013265,9.093194171637816,-0.21100132088235948,-7.34991654554668,0.012307556128942687,0
6457,-79.55352596391518,3.764703637537158,-0.19101352822087947,-16.353522606246955,0.3258194499903856,0
6458,-111.91770184674333,6.336393737337402,-0.04051313480386454,-18.192147776419603,0.2996323253861466,0
6459,-92.96970785747598,9.143153782390273,-2.7062264043514337,-25.14781130981545,0.6857228746119362,0
6460,-99.61550927314991,5.033597596668909,-4.979132885807429,-21.04805354224905,0.222769756261708,0
6461,-113.0173301609187,6.952201752069099,-4.131029714059341,-23.722014680289735,-0.12828994840843955,0
6462,-85.74626669060956,5.639853006227488,-5.281588598104287,-20.920973746402108,-0.20526162773386336,0
6463,-64.32730866750562,6.117147452987911,-5.206213876916334,-29.523814781116013,-0.17090570419945447,0
6464,-93.63122217972548,2.1272020694243574,-3.0120265282734158,-24.496587702398966,-0.44702085359888066,0
6465,-45.76625596903001,1.6678518685540002,-6.085773637786217,-28.78310662376549,-0.5708274528850954,0
6466,-70.79643861571537,2.8429361184590594,-4.234677324911615,-19.91259277284347,-0.6061951746362083,0
6467,-54.77763510900509,-0.7453186361146429,-4.904197474519633,-29.775060330957523,-0.397136341402826,0
6468,-25.36942682052475,1.290579724725164,-3.664943282796909,-29.196212629662696,-0.7229087788070352,0
6469,-39.75741398462765,1.842176053294752,-1.8094077817466478,-25.76856827602359,-0.577538625271421,0
6470,-15.97812897016523,4.408715391628315,-1.3312210570737835,-30.281641939722284,-0.4271087778168986,0
6471,-13.097221154797605,1.1458038224629559,-0.9037963780666161,-17.038459234058724,-0.3222400164855822,0
6472,5.7781545025346,1.0908969105141895,-0.33088335986185524,-24.994270949912334,-0.11692983207570024,0
6473,-34.46167015711099,1.669863004693491,1.6199620190542536,-30.3600798911501,0.37211803166386465,0
6474,-13.609628312699247,-3.0862851468943764,3.9445556720166772,-29.39269386272646,0.527748019370365,0
6475,44.90459554014402,-1.9821247511589668,2.1793252338191933,-43.78491187150196,0.47392226701927365,0
6476,62.60454985904867,2.7080053381197,5.7133324060952875,-26.610962516525678,0.5241675166838594,0
6477,32.508593509591755,-2.7865687756734734,5.570596788498236,-30.958790089563358,0.36584807258006513,0
6478,54.1884056070223,-0.8743978767339993,6.1356215856909415,-34.61934074388741,0.05761571603972765,1
6479,72.72380512959667,-1.6509521331398058,5.279853406355735,-32.14588044238552,0.43426834024260036,0
6480,87.78648205133673,-6.996879623338986,6.149508740191508,-32.243470278636266,0.3604870459953493,0
6481,39.72268904363172,-3.871818421474427,3.778033362347938,-38.4578941153893,0.034764426923936526,0
6482,68.10744039726727,-4.640177209352826,3.7364692295037076,-35.153986426152834,-0.19229612029711854,0
6483,83.87110114326327,-4.702318145381766,4.612381404284908,-32.47511760318526,-0.38039327354382024,0
6484,108.37546330533719,-7.28562145123983,3.4311165873186913,-36.09310828005139,-0.22958211250239502,0
6485,147.12889873868744,-8.411955803657435,2.1506028332652503,-40.26413709045467,-0.3606247511900433,0
6486,94.4770107402993,-7.5154149936021195,-1.1315694003182608,-38.13576358133116,-0.21831386476533665,0
6487,71.78486602820792,-7.12785813212225,-0.04703617713541863,-33.3098852281505,-0.6576907261482453,0
6488,107.85865508134668,-4.913845327057203,-1.7837033209082365,-36.88717610188418,-0.5492061099908925,0
6489,125.1247861600308,-3.9825329248920767,-1.0898978374874377,-47.19204456078427,-0.4392811198017193,0
6490,98.77050318346797,-5.138260294508589,-2.6852568425906123,-38.99639256899089,-0.46424821079543804,0
6491,75.41730286467165,-6.505562478658309,-3.933613592886044,-40.19535359912256,-0.06638191452376344,0
6492,108.71548218935868,-10.508529789820706,-1.3418549000573794,-37.16492110051125,0.1544544777221742,0
6493,97.93703533610332,-9.570312783672906,-3.467183218796319,-43.32354312605193,-0.16495478040455097,0
6494,58.40906977481977,-8.563462754480591,-3.790463473102437,-45.81909964287669,0.10885889458496775,0
6495,80.03511337194628,-10.456533752343047,-2.791890281292069,-51.280391380367455,0.5917955349999264,0
6496,85.1043639139925,-8.222610835750405,-4.140584231284488,-48.36193323083508,0.48872672559045693,0
6497,80.89825723707969,-8.097978717020046,-5.465347729588526,-39.2806722489456,0.5068626331926335,0
6498,47.46075315238165,-8.604457191575777,-5.146757114350396,-44.74392901026507,0.5678121945666357,0
6499,32.66992912667006,-7.740666937181478,-2.688637707452452,-46.627668982146375,0.6022612829475184,0
6500,55.020796521769185,-11.68954516196785,-4.961919320556742,-40.027178596375315,0.4783549500923352,0
6501,-3.388587274036169,-8.079436153359557,-2.1136531377628764,-41.415251267993376,0.33690253519441754,0
6502,19.717538478965146,-11.37625773418733,-3.259142498137576,-50.88121278764137,0.16348134624212676,0
6503,-26.432618352513373,-11.881754794621019,0.0020566230084262532,-41.51784440149841,0.28416176070985694,0
6504,12.28773009551314,-8.925572176965781,1.7523731882223879,-56.1170637763559,-0.18708610017183017,0
6505,-24.078292392759014,-7.523009568420157,2.1369957916448126,-45.808637440985585,-0.2699735010968942,0
6506,-3.2542878699609155,-8.918800260150658,3.680911072628856,-46.662781787595655,-0.07207578564659728,0
6507,-28.22024690244757,-9.768557810486287,5.4835032630229685,-42.86402875085587,-0.3954174693535908,0
6508,-71.55528802232759,-9.080676525347585,4.010733970698263,-46.93204994514171,-0.5108274997570695,0
6509,-27.170193630107764,-9.294701252666266,7.43190154649559,-50.264545140527915,-0.3638674757687801,1
6510,-32.65354401258059,-11.662113887286393,5.122544789380683,-50.054577628129216,-0.3932936238080602,0
6511,-53.41216654212273,-11.71458876162622,5.948922750300953,-35.92584871630753,-0.49611692782452244,0
6512,-92.95911373565073,-9.183068042776501,4.279253266088223,-49.12446495835357,-0.1777038542617822,0
6513,-89.74046951064369,-8.639211584020538,6.205226787462411,-46.67804788037531,-0.24665533994929328,1
6514,-85.76897476239755,-8.527776739806013,5.140393961589181,-59.87512957342653,0.42985892079192595,0
6515,-106.92301932609233,-6.9283828594667956,4.91950443334201,-53.9920926331308,0.25590418340701093,0
6516,-62.24545748798787,-8.420986956549092,2.714463922911621,-47.32751382943179,0.14555834068409557,0
6517,-95.48931371417875,-6.553551675182948,0.5104041157952282,-58.04004470441261,0.34996093195903283,0
6518,-153.74331939628217,-7.6389653127318295,1.2616835608285701,-47.24652964607644,0.6374145590775802,0
6519,-93.19382427939547,-3.354984941344633,-1.8922140001435133,-53.625245571154075,0.28091673514609783,0
6520,-106.24969404273591,-6.474685888556539,-1.520078522206366,-55.15497115262854,1.012292127573457,1
6521,-99.0986444517013,-1.572491768215527,-1.9343127470172476,-53.59599805540421,0.10438256062122714,0
6522,-102.31087979790999,-5.152105872851852,-0.604936637037711,-42.260244620253694,0.4724751127925611,0
6523,-75.1873492685366,-5.871038187152177,-3.4014907179973743,-48.15701291696904,0.0562657070471444,0
6524,-64.41178518740557,-6.816528214838055,-4.1700740324253145,-54.282519049922854,-0.15566181926756992,0
6525,-75.75440840194733,-7.464816359254124,-4.790405486312625,-45.739981064573215,-0.034364184516799276,0
6526,-81.99814979820361,-6.1118855154402585,-6.298760081907185,-45.334485760016356,-0.36804757578936353,0
6527,-69.08363185655483,-5.427854948460634,-4.902532693575346,-51.236422527625805,-0.06952469385891452,0
6528,-60.22785687397524,-2.4094739775596654,-4.718295100839154,-44.36098714618619,-0.7440285772406869,0
6529,-68.42571795297701,-3.7739203297761676,-5.430400371955358,-43.93041825502916,-0.38582223451488784,0
6530,-32.032477293371514,-1.8634084952264407,-5.111274028338693,-44.49523274391814,-0.5433204767405514,0
6531,-25.208389698343687,0.8166131030958428,-3.712377070789131,-51.888878787462545,-0.37540200107222244,0
6532,5.945208422908703,-1.4286738971941513,-2.343349328268427,-54.164196725239584,-0.239393932898551,0
6533,10.037428072049499,3.4026746211474905,-1.947301791242793,-56.46278559113159,-0.5655228649640958,0
6534,-18.83844690915758,-2.607953614915788,-1.5626968264983094,-50.98633513501317,-0.029803600527591234,0
6535,21.276844701080343,-0.057550933798441756,0.7757818113200702,-49.23904683160533,0.2906427095830977,0
6536,-4.201032877714415,-0.3356707806157029,2.0043117187884434,-48.50444320600235,0.30904063275759963,0
6537,38.53577747089351,3.113450181632113,2.5072552756751882,-46.96172283734014,0.2656667985141441,0
6538,23.837985864681688,-2.744764834719012,2.648366925559735,-37.69551528660858,0.14999816274219718,0
6539,22.916921719128695,-0.6613668384363245,4.503556357528048,-47.67455313281118,0.5890303566984916,0
6540,57.761150921536256,2.4946544082597293,4.259715597633748,-45.8183570297033,0.8738012765244945,1
6541,6.925991468624133,6.289815849291835,3.6252891920471564,-54.242035634678025,0.597556553429214,0
6542,33.05124247739146,4.108490438229445,6.02280341155865,-33.575748081884925,0.621776051682813,1
6543,71.49419575137554,1.414318112011105,5.313454859400727,-50.83878572673393,0.467026848439436,0
6544,82.91633304518108,2.17339469729975,4.6163068895166015,-47.31946245501522,0.06694956379200168,0
6545,79.29258862125745,8.352605209630251,2.7514020293242076,-39.8150054157487,0.015801854183029127,0
6546,59.63563680573658,4.190740170498963,2.9921283839470636,-41.55376330752019,0.023752883814294273,0
6547,78.50044101485186,3.9598872923795705,5.021106859141051,-34.042790675883964,-0.6001570510570271,0
6548,105.36858692352727,9.198751937076368,0.6400497280984776,-38.115747352140424,-0.26273777452810365,0
6549,110.8915269078107,8.64878684030052,0.9572435525343632,-41.56264372031786,-0.21506294740887194,0
6550,99.65118820160308,9.540735097961624,0.2042753297368014,-35.35975001261323,-0.5091764834703024,0
6551,122.83316157976657,5.441077135353659,-0.455688926647852,-34.18134399351859,-0.32359312758645836,0
6552,106.36912750129008,4.621145619276794,-3.2391701822689,-42.680397275472956,-0.5413154745425415,0
6553,81.21338305891348,8.24871148836332,-2.46420850766178,-33.940424967108974,-0.32838829766928385,0
6554,87.33294030150061,8.943700594985893,-5.115691669523164,-39.22734442876501,-0.26623463686926235,0
6555,60.7374879102545,9.27304244335508,-3.986632074450335,-37.97864896330514,0.02367604841869246,0
6556,81.59665253086374,11.749242066785968,-5.228114834337244,-36.07682981604348,0.06023389579605774,0
6557,100.12916944665797,5.552397768805594,-5.750822833022809,-38.01092129075641,-0.11191926007341385,0
6558,84.94246075269461,10.943834672349434,-4.1646253748964535,-37.58105104069718,0.20192052227397372,0
6559,91.91457442349788,7.212650794964548,-5.150225747226907,-29.77140666681816,0.8254105249509389,0
6560,49.81620010590245,11.27531798477631,-4.160155298614436,-41.61274349953831,0.6027508767662331,0
6561,74.23714435980379,8.747975756205271,-3.6615481732655497,-38.53563499812124,0.07829188202253107,0
6562,34.41755010499657,8.179747723310317,-2.2667506162530575,-29.099991096229335,0.7035984714995425,1
6563,58.30130502741563,8.673173930495407,-3.972293635434456,-32.07133001710681,0.1543568066910276,0
6564,18.72998163532585,7.062319675946206,-0.9621586312322085,-25.969758860388872,0.4520985430658505,0
6565,23.41774577531303,10.070080023781466,-0.9068545885504115,-28.345779612587833,0.39594880510499386,0
6566,28.788713367712074,8.4545895763349,-0.3067730049541588,-36.0000294065261,0.00963572253765031,0
6567,-14.561609312771132,11.558252399969684,-0.08607571951985227,-28.201666911658485,-0.35732910943666196,0
6568,-16.197958324622547,11.226528741331922,2.6192034612474995,-25.016026943941807,-0.4341222917735347,0
6569,-4.4556648490176265,13.258630464714072,1.9595893652210266,-25.680419460862808,-0.2723747406233423,0
6570,-42.25811443298646,10.52617046134675,4.153932934814154,-28.34310053670904,-0.6968876980156258,0
6571,-74.98536396800141,10.721591475409358,6.173308699059067,-26.512142839032848,-0.6157689075798755,1
6572,-14.191573800927621,12.342960463405745,5.665552737173149,-27.073521945829604,-0.3818018819629921,0
6573,-74.36115887769841,8.126108413872018,6.330308675843455,-30.020027588794633,-0.5563377415276272,1
6574,-69.05578577644289,6.220141647696095,4.276270892503822,-29.81932871383566,-0.04560614250638928,0
6575,-55.65410326606772,9.389083603359516,5.615264157448923,-19.658112865647368,-0.41158123546570125,0
6576,-96.7003584562613,5.913398401047773,3.3721164954076954,-25.059453231333222,-0.7175800056193821,0
6577,-109.59948175471499,13.41442043777724,3.7665970043714014,-16.909832435462867,-0.06622108939327581,0
6578,-88.3853445311308,11.144155500926402,5.06562985665915,-21.840910313019023,0.2928315743269013,0
6579,-132.40576307108586,12.267148798668082,1.9082618326216356,-24.501518134761632,0.5242394094533152,0
6580,-104.42186321243845,7.750283445011197,2.7188973338189273,-19.038521631796478,0.3592572350489403,0
6581,-94.89665945809593,8.393670536204663,1.650537400495319,-5.583157553334409,0.43546304310454526,0
6582,-105.33301879089409,6.022478831513439,0.7116703481665093,-15.582893472188832,0.49085447522665066,0
6583,-129.94104052517713,8.33883569399764,-2.6135599565971073,-10.919271661027551,0.8071385115177601,1
6584,-65.33660845286781,3.757027004065338,-1.7511610755094962,-12.342692126126469,0.45525285035803115,0
6585,-92.32615863573962,0.7015873336984253,-3.272013297370662,-19.24553302098885,0.16779172488679217,0
6586,-62.007450658960465,3.7915463380835877,-2.7417688097708988,-4.00267062023801,0.5397527477645517,0
6587,-91.159239389536,2.0337848694835925,-6.047416397820019,-11.510041064895194,-0.016864145799834952,0
6588,-98.02790632983677,7.459990282309548,-4.411666675046905,-15.842831768929672,-0.5809680053093839,0
6589,-68.7095939412376,7.683638713107484,-4.749576156261571,-10.867057433402623,-0.5752490931443919,0
6590,-71.33418563742767,0.7844440519587734,-6.964189413174887,-8.349409066693935,-0.29160641483503064,0
6591,-82.82927690499316,5.70277791996637,-5.659313767850111,-2.580162497093035,-0.828047772569289,0
6592,-21.541720512044037,4.543364437826374,-6.2135462952662195,-8.738216600745877,-0.40012451679848887,0
6593,-54.53721836833684,-0.9843112436940262,-4.5444979650110575,8.762620408284553,-0.6382209165837766,0
6594,-69.63098233814159,0.883967735913423,-2.5514568602303127,-8.027923812937528,-0.18610075793085892,0
6595,3.3318087955985938,0.009275635422973272,-2.064225565614593,0.7162613890023812,-0.2898938696238257,0
6596,-23.49120864968728,2.167770760239533,-1.1590254887864786,-11.214274196849324,-0.5236653422812436,0
6597,-15.601521425472272,-2.285280955562996,-1.3840479710663312,-0.9630631424570053,0.131250729396444,0
6598,-28.75816881688121,-0.5254003264551368,1.774002485622945,2.491580087412507,0.3704013388273215,0
6599,51.29759788496659,-2.198637937370235,1.6065291163957403,-3.9427912310878,-0.01713475202718137,0
6600,0.45369123390197785,-0.3771339252842326,2.5660518802960026,10.14940676251126,0.19694370813445664,0
6601,36.91461300881424,-2.2511388667145242,4.278790184080814,5.824555296147047,0.5453132760378988,0
6602,63.143191809087696,-3.377241782059497,3.0199963156136387,3.060501578794804,0.6287784993338636,0
6603,62.02175209353909,-3.2167734216798256,4.7529217318073895,7.761763854389664,0.9666959305038192,1
6604,60.555527547447845,0.8054494966058394,5.280495839791385,3.669220704494232,0.6335294122840078,0
6605,35.25952523776473,-4.568726450779892,4.450489991813207,13.882451966013349,0.8541305577250478,1
6606,59.950223128269855,-6.275893251742069,5.588279244631457,13.688756283576158,0.2630760250905262,0
6607,85.99179117398866,-3.475488790589954,5.156097765624893,11.462479640011388,0.19798623475858096,0
6608,71.76169480860071,-5.366274909345158,4.1343306620971685,13.633417488187739,-0.1411296632477548,0
6609,95.96743440820981,-8.333867655112838,3.4910329505190365,4.164174304514865,-0.27833245042313903,0
6610,109.01194551248878,-1.4508257124869006,3.389963058696283,19.855459084922742,-0.2751736655973819,0
6611,117.15099095087044,-7.014413397477384,2.78384306447439,12.989514514575161,-0.5246679803042833,0
6612,74.92300821415988,-7.445061184774186,1.1076793796493032,19.57170759610004,-0.9880974330626473,0
6613,143.93154109727007,-6.732798521622244,1.172724300263587,19.150087795537093,-0.6332980373151604,0
6614,114.90107836018261,-3.9377551353990836,-0.28327821838041445,21.39768769924952,-0.2645988065270345,0
6615,98.0753942717182,-11.084507656346188,-3.6870603905505037,12.051996866292598,-0.4025041588740811,0
6616,117.47831541734558,-7.480765114561738,-4.184594349651494,13.623096567957738,-0.3012571377127719,0
6617,139.61756689974686,-4.1458346412451315,-2.367745870826894,30.39445879128425,-0.34118987066932377,0
6618,59.234512016672994,-8.329767140540167,-4.425511115619471,12.476205268755901,0.023365555702973377,0
6619,78.32380778885921,-11.30327440869851,-4.476725958993297,15.496665659089949,0.43764462992654557,0
6620,29.25297344784802,-10.292705187891979,-3.7787569529459963,22.10434559286324,0.5257308484659309,0
6621,73.89960720514364,-8.842816391859074,-5.005537343934915,23.00767747134827,0.436502168329533,0
6622,69.87954905896456,-6.7725069566009015,-4.843637789920247,20.96822886610681,0.2778673477017201,0
6623,53.688314194436266,-10.266739439443008,-5.436827609556981,27.624787016303443,0.8472623514259456,1
6624,32.73651557947648,-8.064751942468902,-3.7031811799797056,29.921065819837768,0.7067701448650088,1
6625,-4.265362932206678,-12.69449090037246,-2.829356117683348,26.17590252177208,0.15564179589232457,0
6626,34.7263981170526,-12.792333427409922,-3.2002629319088842,25.769877096298902,0.01698186007597363,0
6627,46.622880995233075,-10.92688442418076,-2.6463691726158873,27.835756586023745,-0.03311826789083694,0
6628,-4.2227069398495996,-7.116713941774271,1.8687190665462579,26.28382625919612,0.014354126259447306,0
6629,6.406418284176791,-9.861533720874114,0.14650087993427063,21.091500324608347,0.14446232757941696,0
6630,-43.726181182669606,-9.401179223175458,0.5431520533277409,31.887529357489885,-0.006079644744712592,0
6631,-13.064018302390691,-9.381214231433896,2.8719554669698466,35.0001551203241,-0.24307363643700364,0
6632,-39.699012404661794,-7.650691007407314,2.9667731855130133,31.176941564082938,-0.4410559467512256,0
6633,-56.384763843839195,-10.996614279956399,2.6636982139351484,21.38401024505853,-0.0035621023200111956,0
6634,-65.23769467892399,-8.28223325929935,4.814936106326482,30.60056580252029,-0.49320211473547604,0
6635,-66.29678308076012,-11.179057406898282,3.8884810764649056,38.724108052714605,-0.49490931417245404,0
6636,-58.5862559063569,-5.385447096570483,6.538746847997337,27.7269340517944,-0.5138857401774994,1
6637,-99.62675957575539,-10.764099835631818,5.4796494790192725,39.106308841024216,0.13200664399773043,0
6638,-87.74115188464368,-10.716517929918076,4.532378434559871,34.09426992420956,-0.03650763295828724,0
6639,-86.24630683093119,-7.618446707173438,4.550989912709248,36.90740859228933,-0.24174052663842505,0
6640,-112.1622246365661,-8.302466555973869,4.800240765590644,34.23692055095587,-0.11647844980655188,0
6641,-58.11164184749742,-7.5314449894052595,3.382864443467257,32.63857325096602,-0.08312967185815895,0
6642,-114.03869520517605,-7.433169982269893,4.491512750783783,46.12245975114911,0.34969868031027496,0
6643,-112.31248354743428,-9.751514356149226,2.583310281360114,43.649584211775036,0.1525656119440486,0
6644,-119.45645057908642,-4.0080216035188005,0.9553846285706806,43.39732820752583,0.2615497809993418,0
6645,-63.88916537359293,-5.0935814721686565,-1.4675229196927764,45.3037655285426,0.707324752316977,1
6646,-87.7713822859777,-3.7914943223530018,-1.6545886194563524,43.845523684788475,0.6263450243817423,0
6647,-115.54457516045191,-7.178514248513196,-1.945881753140905,46.607034579275336,0.660883910467693,0
6648,-71.7040311895509,-4.885962183290514,-4.068006947799047,39.10454955472849,-0.04939307890201908,0
6649,-85.8931108334071,-4.907134605900629,-2.642733754211891,49.8331936496141,-0.09558131978411676,0
6650,-79.9421167782114,-2.6154766179520315,-5.444410765074181,49.89044310839843,-0.1699873441994429,0
6651,-86.30666682830308,-2.1084197790231842,-5.463357018177569,45.83684750997286,0.1385403436450181,0
6652,-87.94187020746489,-3.5891786255217437,-5.551905775866407,42.96304160534438,-0.305177065850548,0
6653,-59.00572854126254,-6.547610553587352,-4.210337532010245,38.736184310202425,-0.05324126662308798,0
6654,-68.81323249718905,0.5199648676740876,-5.5261469566014405,46.429994399035294,-0.35474327924727783,0
6655,-13.148180236630637,-1.4474378413232674,-6.100015989078463,54.12604247252074,-0.5224044527270776,0
6656,-65.946499158904,-3.289943394832152,-2.619400410063104,40.29376177630719,-0.360184269210803,0
6657,-0.5096569453052737,-0.7684600452163015,-3.4114214548657706,51.566365890145846,-0.7534337012561931,0
6658,-23.819216989226028,-4.108253391202545,-3.1768523966500575,44.478248506052736,-0.7146047427180283,0
6659,-5.755424423944977,1.5228324682201342,-1.9204598599446356,45.24567312689136,-0.120971717672373,0
6660,14.898990751261682,-3.0306351496971646,1.5403737460293452,41.62071643422189,-0.02357107884166506,0
6661,-4.378549009023015,-0.029998156416259192,0.16281167608838576,44.038397526012474,0.5090066241658218,0
6662,35.419810219314094,1.3994332529906477,1.660046597968008,51.31850364743693,-0.015695410112532726,0
6663,-26.28882629993788,3.4847814671728443,2.2289565547106522,52.204728928030036,0.44916297373908026,0
6664,22.911080023890165,2.1132520632030687,2.2289938984855673,49.773540362456835,0.594837767479327,0
6665,27.905636535556994,3.658399707494305,3.3667140861435803,46.31590745403401,0.5647405270525234,0
6666,29.929311930788515,2.814481452298057,3.292270336229308,43.50838024964439,0.7120409895144271,1
6667,58.76333876656026,3.28160913315525,5.850082598513721,49.52154326499848,0.31787977045727295,0
6668,78.21033923156094,3.983738091552686,5.100786604847751,47.554879635794904,0.5232101387453107,0
6669,91.27707804440146,3.8919403316457832,7.38896098430104,50.58270729291938,0.34960977613592015,0
6670,87.99835596200582,1.3435153530504857,3.9081501496348707,48.04795064576126,0.3298188216196208,0
6671,74.99277899802615,3.614819334472277,3.2849106338850875,48.28329318195468,-0.15487480325321504,0
6672,99.93047369082385,6.062950503768234,5.039041585229565,50.64399453309649,-0.4344704568688202,0
6673,98.35462501458724,5.483162714763872,3.7850252613034905,51.67778840111109,-0.4499107820541636,0
6674,116.9509101897018,6.062840060824971,2.224860856166162,56.084101438857026,-0.6348211650047972,0
6675,115.14791704345691,6.104871563949099,-0.23390688969140405,48.30723709665987,-0.5955003544204285,0
6676,100.60284538711981,5.384627363898325,1.6293954474318146,52.72733892600635,-0.5665559583505596,0
6677,81.43329093820815,6.468094617337807,-1.1784807858537296,59.00566492973669,-0.6545354783095616,0
6678,84.71142626382677,7.1644675887144365,-2.48372177579021,52.815630194183456,-0.4010750311250749,0
6679,84.1898306949798,8.092813619855177,-1.774907440524333,55.72421604597173,-0.5328400100593008,0
6680,85.34441648693931,9.153478179942372,-3.688656672340659,46.7275763678372,-0.17955012742088616,0
6681,92.55914305624941,8.268902615040076,-5.434359745195073,46.136755227647946,-0.11709701941807152,0
6682,96.17875871010759,6.8124038776620655,-4.660535982443195,48.829588402473654,0.10617127856002287,0
6683,74.71196280778864,6.295086835771599,-5.726928705982991,49.22983531139803,0.34590932752314374,0
6684,69.15918572911073,14.482938464264791,-8.002497705456722,54.69693586213799,0.2965402174936072,0
6685,64.11737592230833,7.202031799896666,-5.723382017944114,45.522935602328054,0.3035816935938974,0
6686,42.735701169606685,8.574360441695852,-5.024900482766684,48.53708998239325,0.36623960588973414,0
6687,25.818423782733387,10.771535612570695,-5.129015333883782,54.14363851484122,0.6953325766540589,0
6688,0.04707906582911647,10.560842023683723,-2.7159232730089093,49.61700578850244,0.6957000513217612,0
6689,11.731152424506854,10.95784530878871,-3.255208588740534,48.235563543752995,0.24784344179805406,0
6690,25.319223376188354,9.082887783117501,-1.0871451515452035,49.213181810872655,0.1989648145656773,0
6691,-8.138170776374679,10.47273044857354,-1.8242872203415819,42.09476886703216,-0.2524938253996098,0
6692,-8.831490352987391,10.120610190735821,1.3164153141959514,41.706511098300155,-0.09738299554135671,0
6693,-4.701411898991132,9.350979081793092,0.11264410832268701,39.157983727926165,-0.49523826444741637,0
6694,-13.430752263095554,10.41844734550323,-0.025853627820583203,47.78739824651152,-0.4282214118422616,0
6695,-55.011456995550105,11.965931101100676,4.387170787573545,50.98449891010173,-0.21117880021068652,0
6696,-22.721940998172776,9.713738838837195,3.002668919599963,49.83583796359286,-0.7850209021694678,0
6697,-28.93217864145973,9.605593990255697,6.170317583070875,51.325323334299334,-0.6797392868634649,1
6698,-82.37786692017659,11.627472677076195,5.356858354386023,52.45933003238489,-0.6488484794129763,0
6699,-83.96198582599257,11.244610703120594,5.770355159248703,45.474416740123914,-0.7313588463690135,0
6700,-50.693523132914905,12.297202371356647,6.014849182916256,43.97320223412967,-0.11769086303061699,1
6701,-83.73796296985353,5.40148995715634,4.873227503727659,51.20340739680349,-0.10150259440479886,0
6702,-130.67467143360983,10.486529495370426,4.485987018085209,39.82832218953785,0.35212229319281,0
6703,-118.88889014718835,9.620105713454638,5.070758619178289,36.9332165398402,-0.06054870211426433,0
6704,-99.59060473147898,6.365257340166291,3.177191924239191,40.606834066891494,-0.08012489954554247,0
6705,-120.62677338429494,8.339017316793862,1.4918463113034728,39.48094654252424,0.5738566536018812,0
6706,-107.4242558503797,9.617778798560545,1.8714661301951003,41.44302526931037,0.39026897540777616,0
6707,-99.30698444143708,5.518126356079626,-1.8135085359516587,36.37654152822809,0.40464729642099,0
6708,-70.51022850469,7.704540584019177,0.6221555579211617,41.88430403718733,0.7846305997647418,1
6709,-104.36808859165157,8.188049614526847,-0.3266989632056039,36.58306271932043,0.4703478210646968,0
6710,-74.92709490604284,3.91311967610523,-1.3722427515228153,44.94685573749473,0.5256226453175543,0
6711,-64.65867185994298,5.365269210843685,-2.211434665579123,32.19470095572043,0.09784366445372358,0
6712,-60.47206385583247,5.8323374844753415,-4.1217797918098675,36.81658975736646,-0.06493007262551936,0
6713,-78.49670768278848,3.205624577673207,-4.649718140793202,35.170802663092694,-0.14240504945122573,0
6714,-117.64990818390504,2.5950758278602732,-6.096990636677057,37.31650635930164,-0.07849328172710232,0
6715,-62.576765326759045,3.6279064712431013,-3.2495781793087617,40.097797444507805,-0.32663483461657256,0
6716,-43.51706773771906,5.036145598546285,-5.413667172345203,36.08336260958352,-0.337384238791996,0
6717,-58.15389700336414,4.246624279283658,-4.323303575514538,33.383484673273124,-1.0072866783957755,0
6718,-13.123512292487227,0.7552245810938378,-3.95777686294696,36.74323831865985,-0.8752274619423241,0
6719,-21.82140136026837,3.2950857377098224,-4.932962530357404,36.74929510028771,-0.8972039284246758,0
6720,-18.265632258542404,-0.1734054949982351,-4.574716209340158,33.11436512538306,-0.4682929336336978,0
6721,1.7795513650269257,-2.217886853549447,-1.9491275894692635,32.92781324416402,-0.5628772435140272,0
6722,-3.398314441228794,-0.23036132434320022,-1.4552150659590168,33.432124276430415,0.1889849672337534,0
6723,-49.93899680001901,2.2500780841316885,-0.09771553761756692,21.17632617705505,-0.005518794311230115,0
6724,-0.0818140087238941,0.8162636222552457,2.0506472665841775,26.827189018387514,0.18991100034512035,0
6725,43.729150228761895,-0.9973590341894001,2.164408025407787,29.636207896127964,0.06333704006854768,0
6726,13.321094474763466,-2.323699303269977,3.574898349767474,25.459722340393817,0.16669271280560716,0
6727,34.39611907797044,-2.7621605802525155,4.026335889393115,24.628980085251964,0.7758158568483546,1
6728,26.97315889060291,-2.2524589099968297,3.8865419746316308,27.08574948339678,0.8551405784805663,1
6729,92.07435298972953,-5.088122321670641,3.655386031461914,26.33090971486609,0.5703688559931117,0
6730,97.98827694943348,-4.121304087246562,5.190552660811683,25.799687943663336,0.02588070322834246,0
6731,54.00052847712614,-4.321509426688995,5.081995517273562,18.615594744612146,0.25355061882583796,0
6732,81.22716301960699,-7.048076627803805,5.786268750546779,14.590985749045053,0.2774654560973032,0
6733,70.49245878425978,-6.467518863665456,4.399025978210142,24.796555250224202,0.026195906120796142,0
6734,101.38204646974322,-4.402329368870254,3.750006944298489,16.148853016119435,-0.5016795685222837,0
6735,103.36753975884652,-5.623984224818081,3.153916534988347,14.881668879889585,0.14975717149978648,0
6736,112.56775157922927,-6.66609185900432,1.665870597424699,13.50132767613464,-0.5100793461204498,0
6737,105.16923714540454,-8.26186525295288,3.129648755421976,22.82882185782624,-0.703407561242567,0
6738,158.45173249830637,-3.6596586553849995,1.8534236571993288,17.19056181872143,-0.4946770241624376,0
6739,79.40126808562691,-8.846634817170544,-1.4966355846483794,16.89334940131721,-0.26133873167730515,0
6740,64.96504659880384,-7.006885897983068,-0.4657518054809201,17.6727208860806,-0.36077199507166485,0
6741,89.54173503882583,-8.806433545737525,-4.050180273014997,13.051655082091303,-0.6502973450329124,0
6742,63.296975142083355,-8.059187981119985,-2.067447860847387,17.360187585472733,-0.5724971910891681,0
6743,61.114917592351176,-7.497253147838376,-4.474946435474659,5.34104849606711,-0.579215404778391,0
6744,66.3364085998274,-11.412685075009104,-3.9939136192496867,4.920818376305422,-0.05115562345180968,0
6745,62.45455469896542,-8.923427736412586,-6.68496922705115,3.6646558024752682,0.05997201463118239,0
6746,55.533292492421864,-6.7444904538781865,-6.166223964729301,10.492748068046517,0.39098014284408855,0
6747,77.97172039203978,-5.795886351908248,-4.512837625501973,9.9290428601376,0.2589752081761879,0
6748,49.789736806048595,-9.748568100293816,-5.4978713325614965,4.043634311397614,0.6633095886942533,0
6749,48.03076710757181,-9.551111345392755,-5.261108792912989,4.251380334465114,0.6301399686887568,0
6750,60.6974741183882,-5.333660141803763,-2.4732098622524488,10.758787309176231,0.33946951406673287,0
6751,18.250356624380732,-7.583944340487774,-0.9517903120707545,-0.05065176258472093,0.5061779082998497,0
6752,18.71438927982807,-11.161199396372863,-1.393324707300731,3.9004195193621713,0.5982076811323254,0
6753,21.50915401471236,-11.212623107855363,-2.496905088699587,-2.0045667160056198,0.015048859635267253,0
6754,-34.590575980015615,-8.084651784914582,1.3398228366890113,5.904071753723505,0.020793591946702737,0
6755,-53.45287687934487,-12.017930300943284,-0.9869092926933174,2.566348865920664,-0.13249797383210626,0
6756,-8.770467130515359,-7.793523436175883,1.2453465582841794,-8.57014106478718,-0.2992060502576149,0
6757,-15.633777694067852,-9.24858065874902,2.5181436739951844,-3.878660769758472,-0.18867002675460193,0
6758,6.283618212648321,-8.805154918896509,5.202725020383063,-13.967781435666105,-0.26303948545084666,0
6759,-41.01589187721059,-10.252883548376552,4.875956672399353,-0.06713238277538558,-0.40889064504761624,0
6760,-36.51859009112728,-10.873541576711428,4.026146032545081,4.672299362491494,-0.4256171793435033,0
6761,-65.02973930331301,-6.540352610181593,3.8925553561637494,-17.459060472438093,-0.5725931669408478,0
6762,-62.771950296851955,-9.784603219977093,5.994455857430032,-14.682335152914831,-0.31568921093473934,0
6763,-42.28097368984832,-9.916566216048857,4.414630043158555,-7.697209470117099,-0.5263674591298552,0
6764,-124.25995158594094,-9.035805598960629,4.923194177833038,-9.60965871897923,0.36289490667125784,0
6765,-78.84463509201082,-8.248138391694706,2.907511217806305,-12.551338487152652,0.2856236519796714,0
6766,-48.871646792205325,-10.432903144451377,4.246857216267713,-20.160761969884803,0.3538707282912178,0
6767,-89.49404728642817,-9.217142340744878,3.4199918795800963,-10.826388077470291,0.3767025725724311,0
6768,-64.7240678913285,-9.01939567491707,0.8265124944273481,-8.972036028349649,0.48298860404531396,0
6769,-111.94402455167163,-5.769248817328088,2.154141572568575,-0.13529744172775082,0.13341133169042219,0
6770,-100.63221575607251,-8.889566823406076,0.6868989028759711,-8.788656573956768,0.2478847034261269,0
6771,-98.95317646085981,-10.26921926636415,-0.12345654450138743,-22.767417809347055,0.25635609227343237,0
6772,-142.61248994712477,-10.315023850558529,-2.2033691274298888,-17.275527252290125,0.4352048595585932,0
6773,-119.27943465067663,-8.928797404258445,-2.5341990113045156,-15.1910277375454,0.26978212690586456,0
6774,-114.55022966673717,-2.8571961650437587,-3.430076596795125,-22.520809406189578,0.3617752326724053,0
6775,-71.94290073852838,-5.126147032328255,-4.282652868303805,-16.099896438166624,-0.13799830649431116,0
6776,-65.82954847234078,-3.721456004185847,-4.440177414565759,-17.395522057588543,0.11111265526010151,0
6777,-70.84823762002358,-3.2045652448047592,-3.6466226587422583,-15.629702304410428,-0.39919183222837573,0
6778,-54.130618953720244,-3.7080677594624505,-3.925030179390677,-18.70065068309922,-0.43861206355361715,0
6779,-66.47383703590408,-3.503343987403155,-6.079423224253784,-22.172425322286283,-0.26412112565433227,0
6780,-31.099005208414198,-0.7896916254485795,-3.614492094980694,-27.66464248846511,-0.39087926416984453,0
6781,-46.35774250548788,-2.1045203854517984,-2.927698649779675,-31.807427239310705,-0.7467695451240579,0
6782,-36.30715570496158,0.889905047913294,-3.624762572839521,-25.10386761368194,-0.24398545643405392,0
6783,-33.332882347166674,-0.17363798561189658,-2.1813998042372287,-29.0645535706019,-0.3585151874249401,0
6784,-4.608636291550699,-2.154360881114184,-1.3048715413592036,-29.416986315370984,-0.6906537581943709,0
6785,-16.8154143100311,-1.4142103975029845,-1.6861507278081387,-23.096512660053282,-0.29322616442687294,0
6786,21.12724190713946,-1.3749963411094288,-0.2221152793533518,-22.673828227955823,-0.05795425983810888,0
6787,-11.070288936476333,3.0147051457117486,1.9003040097469275,-36.4964575758419,-0.06337707527799258,0
6788,-0.5471822338578427,0.26773430503045803,1.5974976075759535,-32.16082627619889,0.5703232858878547,0
6789,44.82399405082804,-0.02357630276751288,3.9291914208380008,-34.051304795632596,0.3311619581874397,0
6790,38.638395030588704,2.7045258491628297,5.001281945985569,-31.07458774521693,0.5662063651574963,0
6791,40.261515211691915,2.3570746812403724,5.4352387950866365,-44.73131219412441,0.5411871692584168,0
6792,75.5775799855883,3.620607852724995,6.695537772648221,-41.44154694429856,0.6220667144434289,1
6793,53.4909959120707,7.28358347064219,4.861165703449605,-35.44861046646878,0.7536168281664665,1
6794,68.83618250980471,5.793824045659752,5.167847329897894,-31.640394572429692,0.45480725078783335,0
6795,107.30095472272183,4.475513173597422,5.1510962565508756,-35.890123785404626,0.5402955031667992,0
6796,115.78292755547298,2.047403500279756,4.417248107935822,-33.590142838659034,0.18719809771986093,0
6797,121.282437054171,4.294925385553499,4.488528213862819,-36.627458468134286,-0.07614668544858776,0
6798,88.12875316221411,7.134308327895212,1.5465199268196181,-31.883829541841944,-0.17821081352072657,0
6799,121.3851911325102,3.7732222208724417,2.6441288868179176,-31.471811119626686,-0.8859627175127297,0
6800,79.82503563639321,10.785047994286234,0.14604224708193847,-43.323974771971905,-0.5380699372467151,0
6801,81.71177602738436,6.903489246575319,-0.41562527781064684,-35.7080369723775,-0.5219725427584053,0
6802,52.888791268813385,7.326718567350315,0.2815998295590344,-38.17421929369116,-0.4078012655124392,0
6803,132.40520028065745,6.232028264991943,-1.630702693754347,-28.763744291363658,-0.458416454342482,0
6804,79.72951311062023,8.876181677750399,-1.6571956200832194,-45.832013809086575,-0.303948501858086,0
6805,91.57044938556665,5.864387404268742,-3.4049314904462658,-42.96553348882075,-0.5196552107931102,0
6806,72.04637793499619,12.787414331352704,-2.7801511553443206,-48.06528894263785,-0.43279939109762644,0
6807,99.40615674203147,11.348430230055628,-4.67309598059029,-48.273505882699574,-0.20426149594918008,0
6808,72.38584933149326,10.916639197717245,-6.75962137109686,-41.96854560898217,0.492608519803718,0
6809,47.399535881254224,6.379141526599195,-4.7584495643171,-43.33863164852109,0.05486132438619379,0
6810,75.19212964231194,9.759884081539859,-7.1331511978748505,-42.11133036772702,0.2532394349807153,0
6811,29.884246553825434,11.932920564141615,-6.199550830064789,-42.65412744931276,0.49780059959410583,0
6812,33.42560059241655,10.84286688008288,-5.223073902168284,-46.847299544899585,0.18166634773642643,0
6813,-0.850518321140413,7.77020957423949,-4.768107114272807,-47.279743785088186,0.30408030220544147,0
6814,3.5091219062366257,8.567580995994172,-3.5758035171053346,-51.30055855961983,0.5497165773567628,0
6815,25.940271362109026,9.032572671471838,-3.2223490658458873,-50.31327486766647,0.22554912424244766,0
6816,-26.763139504596708,8.773409781810804,-2.6488415026694767,-47.43372830076918,0.5206788008836339,0
6817,-27.062611396067037,13.056738109518037,1.2858893648397025,-46.48792802139288,-0.30134023362409257,0
6818,-7.479935089598628,6.151056404137565,0.0630553071749047,-44.22350498775779,-0.17978779750500767,0
6819,-28.223290901774554,11.27384570238079,-0.5219708651830526,-45.01839902108273,-0.3373753522696941,0
6820,12.744350511359343,7.321425584040835,2.2473510138355848,-40.543351926457674,-0.3684434815172327,0
6821,0.10705757888376155,7.902794347957327,2.2790274581153183,-53.43887880108973,-0.6960939428013241,0
6822,-63.038409652697766,5.700537451692524,3.1785829072905365,-49.96563844846589,-0.6106580005561335,0
6823,-43.18987602116957,8.49230723729946,5.271684097837644,-53.43698679901442,-0.33638115191148077,0
6824,-47.456771580328265,12.45832027122595,4.4291287834982445,-42.81217776185188,-0.5035835776965665,0
6825,-81.8778901599983,9.78935909380735,3.84619256917199,-51.87945285101058,-0.5789757161942731,0
6826,-106.62633342281177,6.662696701451543,5.367259498821672,-43.74067027402648,0.16826015201639719,0
6827,-82.98214542821266,10.870780499346289,5.79697865830435,-42.38079533102785,-0.09851894193834623,0
6828,-91.387091161472,11.054072421938992,4.724679095551523,-47.68660241728388,0.16341847478404464,0
6829,-100.96089955836182,8.533061415704635,1.1080658194513848,-48.37765347937341,0.33902708563853223,0
6830,-86.79301657044756,12.10716324318251,1.6784557413788137,-49.71894575950291,0.3008626655187359,0
6831,-113.09209357830234,9.373399672994882,1.9613517804420832,-51.54696133357724,0.2577422264622935,0
6832,-122.57564191996713,8.768861282487311,0.713760567673078,-52.17763073138717,0.5190747782906991,0
6833,-97.81769336954994,5.4515786627538425,-0.3632532856588324,-50.73707067408906,0.35994854916559627,0
6834,-91.7444522557789,7.950270693231037,-2.0113385946410967,-40.86737591822812,0.5503593573632275,0
6835,-121.46744436390932,6.7494587247300455,-3.3857634404103805,-55.16782971992702,0.37674851739648973,0
6836,-76.86489503919834,6.960150221216305,-0.845051592894122,-48.88481054533586,0.5124425315928306,0
6837,-127.37501967259621,4.141138876737834,-3.584642849480594,-46.28066738516196,-0.05216166765405156,0
6838,-99.14746790316488,5.342552877311188,-3.584563279102154,-51.16848274029867,0.1736867824150641,0
6839,-87.49004891069993,3.0159638628870624,-4.666860564151838,-47.555700026732566,0.0039060974978235574,0
6840,-88.97641896948653,-0.09286737753899565,-4.886887490736796,-57.028775512764035,-0.30487145550828165,0
6841,-80.71333649110021,5.7392146146146015,-5.058791481680181,-42.73040363766586,-0.22628151867927682,0
6842,-24.457276648956203,0.26968160456117163,-5.981383647578207,-43.52998714224946,-0.3705375909638919,0
6843,-70.74481517251813,3.0125021443731326,-6.045886703119402,-49.488297890057524,-0.3622986360093807,0
6844,3.7857577180978765,2.9808092547749756,-3.634978819410829,-53.186187599365525,-0.372156602652328,0
6845,-27.157672906237607,2.478821001709603,-3.1628560124185956,-44.59384326173188,-0.43594088272693277,0
6846,-24.56193450781733,0.7658635102716361,-1.608329975510543,-54.0508343718389,-0.47847422776291443,0
6847,-7.117248518943459,1.377441935072524,-0.9056371623587985,-53.065936959850916,-0.3619635744471361,0
6848,43.883762983992824,1.2778633385355402,-1.4784758854281872,-48.024227189530485,-0.14304564522534802,0
6849,-16.592296511965266,1.3059293968729557,1.4603712508000792,-39.86023316797848,0.21775157702642672,0
6850,-9.16720755944398,2.803362925718756,2.0774832196750825,-43.92281344823595,0.3204239477063142,0
6851,7.973112938433044,-0.6929925146444655,2.9356501970182203,-50.017130642096376,0.5226945965120151,0
6852,33.312073680619,-1.5282413449879133,5.336994585718331,-54.83036432580225,0.6415595891500987,0
6853,7.426142161810446,-3.96061519812308,5.851390151589069,-45.83142504521606,0.43816641977764376,0
6854,51.24163711114267,-1.7607160770731207,5.065318476538943,-44.382655682017685,0.8922937939290416,1
6855,93.01155728585985,-1.7767138252629588,5.334141658325278,-45.58614722029828,0.45261132759032874,0
6856,69.92361125093655,-3.967180627128811,6.05401661071537,-35.754682316254176,0.3059378562486256,1
6857,68.12820572181307,-2.955488907341133,4.3935922767549656,-44.992755011373355,0.3665413783533428,0
6858,67.96595455199906,-5.081776281608549,4.214462352997735,-55.27246962300427,0.2649878890218922,0
6859,103.8440237923981,-3.595549051255346,5.073723973035116,-45.408768569517235,-0.12672466951167788,0
6860,74.04373789170069,-3.5407789238261493,2.9844112548242694,-40.59370226239644,-0.15872955120893484,0
6861,131.27006590841512,-3.983764850548096,3.7211175497006774,-40.4091467893621,-0.35363546822395964,0
6862,135.84846103826882,-5.945919423087186,2.447923585693571,-42.68679605352573,-0.3495707576211855,0
6863,104.18439755791296,-8.64668106909543,0.5063060846204332,-42.95754603746644,-0.2985908556978872,0
6864,99.69752664441779,-8.159294119616412,0.40544904609745125,-50.67112198374704,-0.5499372580827088,0
6865,120.42102556237174,-6.096541556920448,0.6866177166845376,-39.654437570577336,-0.3768314687135965,0
6866,120.58655359441867,-2.72240643797661,-1.5094836330254664,-41.1706562419059,-0.7198700291182349,0
6867,80.46741939295433,-8.615601328100194,-2.4152344453564765,-37.60975347053463,-0.17537787140001646,0
6868,82.98775390107063,-7.316781896406654,-2.982986666147999,-35.76247514681211,-0.3236932651856606,0
6869,63.06910091823881,-9.614292978453376,-3.5309354043216734,-31.361211233824978,-0.1861178084426502,0
6870,92.8001266490413,-10.702601520499229,-4.840042726040789,-41.6769840573943,0.13755021995493125,0
6871,92.20868046501306,-10.337896618425159,-4.498251880245459,-42.68691560874217,0.2922755640418182,0
6872,45.34680080616785,-13.358347821152494,-6.043599045975551,-38.39019845807773,0.3054298797250213,0
6873,55.987675775643616,-6.6716939965711655,-5.740499403811451,-38.48748332170596,0.2470383635175267,0
6874,30.242541539864412,-14.00054335681121,-5.362477961030722,-38.211793921257666,0.38784499871668243,0
6875,30.736189911906955,-10.205812301734218,-3.7844381922760046,-26.121809350623987,0.5185552156497399,0
6876,50.77037748502147,-12.148094272267985,-3.4872385190538266,-31.85251961255271,0.5686034601553774,0
6877,15.721075887741806,-11.64980705621418,-3.0296882162260745,-21.967851667384558,0.2351334703696653,0
6878,14.711225040833387,-7.192511979320198,-1.3369883256704516,-31.067659602728188,0.16507683603445378,0
6879,-21.68856822527531,-9.583075278341623,-0.700485583719132,-36.12175773104378,0.21289372504020965,0
6880,4.61890648742851,-11.930695713425111,-0.37788361226789235,-33.50121185811222,-0.003460409675349248,0
6881,-9.993711844223256,-11.168637246073413,-0.12819227293012048,-23.524241910536286,-0.10581278254359801,0
6882,-33.58377161053491,-11.485296203015196,1.046114405381859,-33.49049881368156,-0.7942290773893697,0
6883,-32.49132617873773,-9.981275237050887,1.2834138946327314,-24.195450265576977,-0.44231366758055984,0
6884,-34.52472500691482,-9.46352034713896,3.6655503370608713,-27.921395917074136,-0.2904258357480777,0
6885,-63.466579410174994,-5.908755843373406,3.2970695710861206,-29.929106214237688,-0.6208163614388478,0
6886,-85.26176190851993,-13.398863883080496,4.1322984262717135,-17.47961311549857,-0.39244506768013404,0
6887,-27.635416177088402,-9.478333267990944,4.783955120099096,-26.47751082394568,-0.6798600027029913,0
6888,-83.7858147262258,-9.858773439298577,6.043657552734958,-26.785591072989178,-0.6598938208314762,1
6889,-79.71840736278388,-7.130406125075879,5.817248759395062,-22.14619786297775,-0.14197246179957346,0
6890,-63.45207119002015,-8.087178011831165,4.527658089038203,-23.388217041682392,-0.09448168156368177,0
6891,-18.13743107967663,-7.367413445308143,5.3590939546411285,-8.85905665326014,-0.0013520659694896547,0
6892,-117.77148649593947,-7.5879232099882366,1.4292673270911185,-13.71118393948713,0.37865264275533855,0
6893,-87.12039207241278,-9.851344625259632,4.5296553945986435,-21.037811834086725,0.2718237963359399,0
6894,-112.54279224566179,-5.25413392818185,2.4500093605355397,-19.525181094783008,0.3026483126666172,0
6895,-110.45926501671099,-5.7497699940391245,0.8953213691979762,-26.303023560936303,0.3376517058701237,0
6896,-114.38340756010146,-5.167471978543972,-1.095428353708746,-14.569568480447128,0.3085937455307308,0
6897,-121.78901592142199,-4.104690295561911,-1.6305872222070272,-18.03658556963056,0.5610596055814338,0
6898,-98.4065610844811,-5.415120987554244,-1.5240781401706278,-12.900213738307006,0.33219680086804965,0
6899,-124.40061043641472,-2.8905440101154163,-2.357205748658661,-22.205286987407604,0.5147570417643224,0
6900,-72.35591330263689,-4.684679030162041,-3.0575744930541924,-11.536394654987767,-0.438147155395781,0
6901,-85.66135371695984,-5.451907642810106,-5.042604748715184,-1.9333920128749842,0.18934733936194542,0
6902,-72.91516943078432,-4.588298715717876,-5.660106005490607,-9.176007746485451,-0.07126160453932907,0
6903,-84.47713669630522,-4.172643514438032,-4.76262285532172,-12.33631093703647,-0.29652864842911597,0
6904,-75.53603113492429,-4.703293464051662,-4.2178909880987705,-7.578035028306019,-0.6469573640154465,0
6905,-54.79791089303531,0.06887140377388601,-4.815631291309126,-6.806756305775041,-0.7962419063657252,0
6906,-75.58245070863134,-2.1247254331972822,-2.9762920959918233,5.466435976428125,-0.34816851043654773,0
6907,-50.69091713237046,-2.043457208517254,-3.8858816072860187,-6.16195945730996,-0.43955811286822566,0
6908,-51.51810065915939,-0.96642247379782,-3.2247315167880006,-9.51743737122014,-0.38935402285037124,0
6909,-42.58895618033509,4.711057746093374,-1.7299350672889604,-2.3955006862035226,-0.36173454424096446,0
6910,-57.17852497929687,-3.0146589903776033,-0.2620369436357939,-0.5259449871262489,-0.04803946975927434,0
6911,21.75028421983282,-1.9419693270976146,-1.8522409196575835,2.307650460887234,-0.19246260562626114,0
6912,-8.771189514870656,-2.5130864294696478,-0.6226634955185296,4.274963210744719,0.006868767204271778,0
6913,38.17338523007095,0.28218502781408183,1.1606726770717506,11.273569262638146,0.18164513100684337,0
6914,46.07905466614955,1.7358802210685753,5.552700699813508,-0.4831931533591787,0.2976659549511546,0
6915,8.533731928465045,0.8085466674257807,2.9566835390851187,0.060565137152830406,0.7007393796328456,1
6916,21.693767257877038,1.1497394039922983,3.7924647761920123,-4.780577303656983,0.236847689068519,0
6917,103.44605921383335,2.998432208180536,5.072646562145315,8.793369157603214,0.10756362890227722,0
6918,95.50660207530697,2.1870536569332617,5.79369177763386,2.041329771741304,0.17388740965406696,0
6919,67.50541924724637,4.28129128134116,5.156987098113187,11.926933199152435,0.5261281606397042,0
6920,80.25016763306756,6.349928198356059,6.1231645785539985,5.997160287147491,0.2591645981265891,0
6921,68.70229202894753,5.925738820020794,3.538768613675641,18.0689657481702,-0.17545381325725468,0
6922,95.37027418851055,6.772496136480679,3.551894684476152,3.2517069342565232,0.016305049331629497,0
6923,76.91707196026573,7.608574262691468,4.89356901193486,16.509766828079936,-0.21601920836815594,0
6924,54.23927791167103,6.415072745242111,3.0063776605990413,16.88569215374725,-0.1734091674037882,0
6925,71.13280761444581,5.930192863499403,0.8779179025668822,15.965755133520966,-0.2350550378583654,0
6926,99.6885219769952,5.085411830733644,-0.12256520035625984,8.707615076371507,0.0363098974877622,0
6927,77.35622626158168,6.213433360006297,-0.5992029764608238,17.90503092011467,-0.7354211595646127,0
6928,98.34398278405482,6.296804505820291,-0.7828128503955156,16.832894262413028,-0.8586387499289354,0
6929,76.91220755277138,9.137549494157003,-1.2829420275691725,7.99000405397779,-0.31193825300853495,0
6930,80.49101163901688,8.678617704390653,-2.974985003356648,25.868558316829713,-0.13770493976105574,0
6931,109.97347794780383,9.669457601965295,-3.0510445401036836,17.27781391436683,-0.4655432572103855,0
6932,93.70353677802362,6.22547190100668,-4.526244721541543,27.333035004879743,-0.3219122604847939,0
6933,83.51759151593737,11.658487405073004,-3.3553699066604032,20.501744292131804,0.15132656207169073,0
6934,95.41070207935519,8.16788762621113,-2.3350000413028384,26.656451134267208,0.5674043616448126,0
6935,80.78647131348387,7.026125095273651,-5.392180000655859,18.343266895803858,0.17118592802301785,0
6936,92.73729202717715,8.528972268919748,-4.433044620517791,24.600082807770914,0.4549684184337778,0
6937,46.603038989115795,14.532675582665641,-4.232111863522059,25.12522273387817,0.10968800503457443,0
6938,38.644185302678466,8.923537785871492,-4.024768190669442,23.65535048368188,0.4580346419164183,0
6939,12.179384843996417,9.158364119606352,-2.8771694450074285,21.78497539820352,0.4387943186035513,0
6940,20.204943661583656,9.509416960523735,-2.27780925471171,11.644367573334266,0.6775775232485721,0
6941,38.375337943562656,9.656725900851685,-2.3439959106788177,23.586064956032686,0.13097166242172045,0
6942,35.18442909717299,8.426475149299929,0.4019598364225966,32.142772763410136,0.2735026938684632,0
6943,18.403756305066214,10.286345694693429,0.281898370514012,22.47798893909788,-0.16638655264700933,0
6944,-46.66519630968378,12.136607001093264,0.6870511608662083,24.315596710464863,-0.1411475316740816,0
6945,1.0102571275745618,10.574535129412498,4.463942222113134,23.87197699129246,0.12329255347024765,0
6946,-67.0879533148159,7.659305502921429,2.772853923723383,32.86833963570858,-0.04041027186142199,0
6947,-21.717244844474646,9.103924949125082,3.8971607486089592,28.12174501441956,-0.0781316324957333,0
6948,-56.000826975680056,8.576066175059065,4.425603163662328,39.44233663495296,-0.4199398359561262,0
6949,-43.07396915951216,9.647311366352346,4.558773540595048,37.75222828945013,-0.5261010645610176,0
6950,-91.68233091559757,12.040798615635227,5.388915785800082,35.80462688099189,-0.36841911250805626,0
6951,-48.868947947615936,8.897147669870245,4.149881880148612,37.0347105629224,-0.2355501767351213,0
6952,-108.12841139691382,8.810639019036113,5.446925709571335,32.396972024234174,-0.12488533242619582,0
6953,-97.94699808891542,12.311811197701124,2.7541593915104006,33.08051521281091,-0.20090313128950457,0
6954,-109.44370140648509,10.25661960309906,2.6966750955081995,41.11661993157266,-0.05957845555914208,0
6955,-128.57734223151564,9.37880015351892,5.143442949902926,42.780932078658516,0.11273628869530482,0
6956,-94.67679253290203,11.852758481919134,1.25224496892979,42.36248350258133,0.5665825421582512,0
6957,-62.55639125836172,8.60213831803187,-0.3608302522519735,37.11991809278838,0.677368953947816,0
6958,-46.46493920703524,3.316429761825434,-0.6053361760793309,38.12209211294231,1.1278470078605038,1
6959,-97.9875989283594,8.60356388505328,1.36812882177483,36.009758770533146,0.5820141940826133,0
6960,-76.72628551710292,3.385621811006096,-3.1469710145916543,45.083385170030446,0.3005387692195688,0
6961,-92.55744072220743,7.088635142947313,-3.240080353336138,31.991915181215504,0.28285429494734526,0
6962,-84.38990843742624,2.3566645979386203,-4.580549067678336,31.318369354927174,0.23371749678981202,0
6963,-97.43589461837004,4.435510898774443,-4.110097689255423,32.83867664892087,0.42936214735216904,0
6964,-82.01155782386051,4.213302375669397,-4.832673340466089,32.65580511176114,0.12615077706501207,0
6965,-69.62528171721912,2.959933330309869,-5.262812240697093,50.64388692442007,-0.4365225419456235,0
6966,-85.60273087305123,3.350519575056815,-3.120679754786212,48.26359743827779,-0.31032139223532834,0
6967,-68.5023841571295,5.651280584176636,-6.172236840887842,38.79024457831379,-0.6983352864878196,0
6968,-60.37109517291035,1.6872213679286334,-4.873433015812977,44.6893073256615,-0.3545400062446339,0
6969,-34.332889341795656,3.7265928044072893,-4.040513211592491,52.96558101487756,-0.6411379091258566,0
6970,-63.331876159573554,0.21960621466141195,-4.79261146746117,48.53702549355748,-0.6041203883635421,0
6971,-33.772591587435606,1.2811246460162453,-2.6071115264196054,56.98890317305897,-0.7966727268403114,0
6972,15.094991994699644,1.8128711914586533,-2.6514751881256466,46.20811441710201,-0.17101556493354766,0
6973,9.96397405645866,-1.3257076892565223,-0.9455520474946755,43.847362455747536,0.04669849166738427,0
6974,23.62730172363829,-2.455603261975175,-0.44343808778234767,42.04247481964393,-0.18885702695326823,0
6975,7.126842123406726,0.6516628582686761,-1.3881748965331884,47.87212882191691,0.06658505336716476,0
6976,22.986314414302733,1.4149663697126051,2.939844150437505,52.72101146518778,0.1435409706240725,0
6977,46.37371867098781,-1.4863479008282574,4.61046058664634,48.803883002663355,0.3147795913484097,0
6978,67.033667505697,-2.736547254919617,3.1682430478621666,46.76552850813315,0.28151207975970216,0
6979,5.938073138220382,-1.9997203916159572,3.1186856526321853,55.06792939897446,0.272614373660062,0
6980,27.353553047912598,-2.6834845803130594,6.034160230330611,51.639097938666694,0.7696017889677158,1
6981,88.00733225557238,-2.7850279315468667,6.749517264884894,48.617168008785626,-0.07314733189745154,0
6982,63.819064630542435,-8.795536429606823,4.827607450161391,45.521434074129026,0.4739109920608545,0
6983,62.76784674283755,-6.336122359006529,4.715799931227712,48.232475335037805,0.31472010110792914,0
6984,57.203065752106525,-6.336748937033058,4.59592496574041,51.99892304216047,0.45075179768464946,0
6985,76.44779706074343,-4.781315116545472,2.556231862736536,45.84408677050195,-0.07611119598988411,0
6986,63.887839036459226,-5.135351275001348,3.3259316842772586,43.66831301074974,-0.24932097813277673,0
6987,137.22561739738808,-4.645037833995376,4.574075590757872,47.506634008485726,-0.4673413642921561,0
6988,97.47027558763857,-5.797736666753454,1.8185365444473702,49.71219212731871,-0.3378224315314528,0
6989,98.29687622992415,-9.294092697041787,-0.0039422185252746544,56.80555907961551,-0.6173385429446313,0
6990,111.76058065865314,-4.161607641249153,0.5403393019862183,44.19979409376428,-0.7257142079209971,0
6991,118.78995320686111,-4.857139222030304,-1.6177240770500387,51.12459479131167,-0.6269791151776978,0
6992,117.01021436959604,-10.244230776166155,-1.9732619201614472,48.57387462849498,-0.6056923020693878,0
6993,117.13418418590604,-7.3699704086902065,-4.055924605678436,48.772921727150724,-0.5170988537836266,0
6994,79.6583078236421,-9.513690301502795,-4.592854096933856,57.54038644814905,-0.17020451118225516,0
6995,82.00937278751974,-8.311771316818096,-3.44594912629309,50.16060813991629,-0.08080443263988824,0
6996,98.15989776542791,-6.728067225224892,-4.528332783148844,45.07786425867603,0.21713314014704446,0
6997,66.21693614445336,-4.797585622711332,-5.695698549846257,53.96060619535473,0.2761951306506213,0
6998,69.88102977637271,-7.75570534773226,-4.879417064808452,53.444503685713705,0.12369799897866379,0
6999,70.47763411957263,-8.845717060175378,-5.486117487037146,44.194125729251816,0.024688690839955174,0
7000,70.10075398254509,-10.268970587022725,-5.348240362428369,43.047299323580354,0.2827980598243745,0
7001,10.194609228515795,-9.354831901794034,-2.9039837893108356,50.85697913900219,0.6474837477924373,0
7002,50.93721643670314,-7.105038558070753,-2.6264995791468593,48.41241236372052,0.5994603336539283,0
7003,22.495779461267396,-9.994924219839291,-2.636087820388627,45.97778962075061,0.5643739871970379,0
7004,31.575895752163067,-11.733897762530516,-1.5716710505713796,53.346310234246765,0.41840441531439265,0
7005,23.047734057655216,-13.232318951172672,-0.7571879829752545,44.81830347791415,0.32921878698474927,0
7006,29.674731661488376,-8.973133101794954,0.735289608700606,49.58329948866853,0.04404037131571893,0
7007,14.617648626169391,-9.485949337242173,0.43595085219765217,53.02549527297172,0.1776777190054289,0
7008,4.6365646765656905,-11.228692570690432,3.0358758122443446,45.11454730885883,-0.25352908573508176,0
7009,-3.0421434845968562,-7.816361592884103,3.378210038543099,37.30391265581899,-0.01386197796737737,0
7010,-35.38976183947146,-10.618791357954263,3.492277965075229,44.05469298914157,-0.6034920903303237,0
7011,-49.463601410948996,-9.926940594481191,3.848533045753044,46.61864879214073,-0.6303844285320781,0
7012,-41.040267494194914,-9.549256357661141,5.58554375469561,50.27118969314596,-0.5155920193539142,0
7013,-51.6598173528805,-10.052324391146959,4.812883465454762,42.21618456263713,-0.4191110583373004,0
7014,-79.62512630410185,-8.689808413514015,4.285559764077498,52.98535508302977,-0.3735952731186303,0
7015,-71.75587239297208,-6.646728816164278,4.422251765061776,37.405928430392386,-0.07151119594087899,0
7016,-86.16495071334504,-11.000573730458377,5.206762047374077,44.23335168934223,-0.053977930460776605,0
7017,-107.29844209608298,-7.48263599763111,2.2808286537321707,41.71204676608417,-0.006024209127607802,0
7018,-68.2658853902813,-7.83828049075162,2.8346602912985364,49.121382395678,0.17482054789806162,0
7019,-95.88646435384986,-7.577539493100116,3.4321612164214317,34.478804215383235,0.6134747694248298,0
7020,-57.96253652944495,-5.824138773249851,1.2707224402434185,43.41958784119202,0.5162607022994931,0
7021,-132.40425674729593,-7.133078194837957,0.7317506446635029,39.498113807182925,0.15999981915755862,0
7022,-110.98958452260342,-5.916984237304435,0.5474013301247252,47.776547465361055,0.795568073613995,1
7023,-98.16312180311715,-5.074293192617268,-0.6238366423023916,35.383568259075986,0.5342550934206651,0
7024,-74.04283026156655,-7.127070875306084,-2.872578964356428,40.982661908264795,0.48951110163066924,0
7025,-85.80852023546085,-5.116998910886803,-3.3822907353699474,34.07925991470857,0.4293225635243202,0
7026,-83.65871038909842,-5.7996809668284355,-3.036867394549784,38.559367948333254,0.2997261630840332,0
7027,-107.58576610606747,-5.132966726558849,-3.5347555208617143,35.10602502064354,-0.22942398325383306,0
7028,-102.5019465138655,-5.06905690186853,-4.916495613486008,34.345712284032096,-0.4047518030721272,0
7029,-66.44268363098409,-3.0290442116997514,-5.043716735916328,25.639187951682004,0.1604992651084497,0
7030,-92.97623444965907,-3.3442605684530635,-4.685270610834341,36.93955814109775,-0.5579928950876237,0
7031,-68.4766134383509,-2.24603983618224,-3.3513781788912866,28.731769288073615,-0.4048706214406088,0
7032,-39.38774695731193,-2.5901543098351176,-3.227934422677516,27.82223732034331,-0.17360160814728154,0
7033,-60.12596473587036,-5.276966819932747,-3.0080874625363054,24.878526981824162,-0.563234983118912,0
7034,0.9587117819278959,-1.5144224391247199,-4.0385509710644,26.61094428942689,-0.47880877945534495,0
7035,2.972615835563996,-0.9545757605334656,-2.375121487482075,33.61708093364918,-0.11740514459545798,0
7036,-43.07733264720609,-0.09824863019876268,-1.3792492826115523,32.58159410703393,-0.1289977505841126,0
7037,-20.32278689060829,-1.2712294281244265,1.2509723439050804,32.84319814317735,0.07390146548787939,0
7038,-37.40059659982359,-1.974831626356458,0.5897510426267774,23.576845088438088,0.10748914522737534,0
7039,2.57035114139871,2.16415989167795,3.0451520968901695,28.9612795757127,0.1559581793160602,0
7040,43.27510804303919,0.8642853937255759,2.1126746486052848,23.974921101262925,0.30896510948398126,0
7041,29.115359217088997,2.247010495896217,2.977175780440648,30.97913415159062,0.6951233776713813,0
7042,55.681501411906616,1.8298658203367206,4.595939665216786,27.478720582852716,0.4372168615996992,0
7043,24.626900169480663,2.862945189341772,6.165026531034152,21.199085151449353,0.5777611491521157,1
7044,79.09084455053011,2.451594830997675,4.68423386990514,28.80778809370004,0.2499817684404416,0
7045,59.45612034866617,1.8807213654567432,2.437185802741468,25.25542410296677,0.7638849740315499,1
7046,77.52366874208253,5.221534648635068,3.3403805533520567,14.888393069794398,0.29990624619581235,0
7047,81.3725962944534,3.5143309815544375,4.911606315276754,12.56177203040344,0.16326293117312082,0
7048,62.91731962003458,5.483174981236135,2.663998078403943,13.268562092871303,0.13128901359030445,0
7049,69.52206020865341,6.398007829455651,2.633379964608943,27.332505506860077,-0.29463244904330715,0
7050,115.2500268347408,4.811337506676685,2.7319416199392395,13.081255138480799,-0.08646299034466398,0
7051,106.22622869287362,3.970107930932434,-0.6175325547727051,26.60397746631166,-0.726182665834568,0
7052,120.61796905366846,11.60702531271614,0.4913144548805645,10.944502590940996,-0.6057364688204969,0
7053,106.48541559508813,6.059401601098283,-1.2892883862320557,9.463077087011198,-0.659896875686295,0
7054,102.22823672585982,8.704087280179982,-2.614217000911971,18.777338869383136,-0.8479374721477698,0
7055,63.23152835490918,11.659848423360899,-2.8633261590976242,18.044616280362103,-0.5075754166349998,0
7056,89.75102041066128,9.664956928086733,-3.994283865755632,15.230182234800353,-0.3063541981293508,0
7057,91.06649073399531,7.768267283956447,-3.2029144362230757,14.860684219838031,-0.38163547409493037,0
7058,126.21676532932388,8.498013070090465,-3.0767807951095207,6.496508358303119,-0.2635857826669427,0
7059,95.56337806046743,7.20854823020595,-5.068284072896234,13.689915989877282,0.139918173431481,0
7060,106.39753229459092,10.856492562813893,-5.543004696291722,9.741356315438273,0.2523644643285668,0
7061,80.72299335932155,10.422250150553339,-5.406889162711387,5.728052517999149,0.3279014708464445,0
7062,46.95495580204326,8.434246689600712,-5.947633951605279,7.037563792852409,0.206473491038902,0
7063,55.32098523214435,7.528485486086563,-5.782017947500371,10.875102534489782,0.4183783187895035,0
7064,48.97111073382611,7.096077317632348,-5.613526976151874,6.536306923259042,0.3571956593644551,0
7065,16.289565533543325,11.812941202997983,-4.613999410114406,-7.208606850842027,0.45698057608386095,0
7066,17.860533923115153,10.157433197269926,-0.8380515821185492,7.038460559603276,0.2381062863109537,0
7067,11.65327612428758,10.398643203155846,-2.2475549586670223,5.656399466888633,0.22093674169373465,0
7068,37.94379239335187,8.349847576156055,-3.523775713437818,-1.311866063445588,-0.17508918091137315,0
7069,-45.778900400203,7.070825162275947,-0.17100912507185084,0.16721686088093918,-0.34168631052054166,0
7070,9.998399097255342,11.900155687659753,-0.19275818167537961,-0.8526411851027971,-0.09463363594646937,0
7071,-42.66669135831063,10.011171655079425,2.3830296884424196,-12.312886639376002,-0.1784818287682855,0
7072,-60.946079236741,11.66891538002635,3.1084470898169734,-5.422222920257614,-0.5058912338820489,0
7073,-19.144595878969206,8.985301302652639,3.92009069551021,-6.2256738767856925,-0.4794396963920834,0
7074,-36.91734177525315,9.161865527928118,4.376829630386081,-6.199575686995213,-0.5892094242504637,0
7075,-34.76167024525323,10.916347490598358,4.422082050104331,-9.02817071328712,-0.24952348679997893,0
7076,-51.536724632792236,10.7849777843367,3.5249796384367498,-4.075154111612518,-0.43739910381953295,0
7077,-33.377637939367474,10.722647507932356,4.8937332947699925,-12.422482867672276,-0.3889212395209296,0
7078,-69.67871149326467,8.321534356742017,5.7767496369827045,-4.810577338191943,0.03757502384576092,0
7079,-89.45352768235102,9.903176737725728,6.171256342275224,-7.262633284328771,-0.16313259116687998,1
7080,-84.07372386634579,10.632745904572964,3.545627048441247,-4.515495895711707,0.17111784525244184,0
7081,-69.76257510083303,7.9244356762290025,2.9292026229873644,-3.620309913206448,0.06572425455717087,0
7082,-112.97363918808398,6.806104984862256,2.712488735427959,-4.553847667807629,0.5193495586651542,0
7083,-112.2050293024463,10.19810030697125,2.7703641901918123,-20.145696021753682,0.6260252871850751,0
7084,-106.13673645459357,5.864459420900708,-0.19502775449749954,-13.452489594052972,0.24035144940692443,0
7085,-141.84072798899058,8.075120028487206,-0.01354557189112926,-19.71209346051147,0.19981762953453708,0
7086,-95.78237994148004,6.325101691678578,-2.498328057790535,-0.6649585875143522,0.49345188399566153,0
7087,-134.07677972978308,2.368492847328211,-2.2481744572513875,-14.932567742988178,0.7319812235337738,1
7088,-92.14053756064463,7.90336407425767,-2.407156266720153,-11.850631661614658,0.3979733358998443,0
7089,-71.81220604911749,-0.28909196016772043,-5.333697395971449,-17.67703854054582,0.03631658484764036,0
7090,-93.68137012801611,0.8257347087601081,-5.071882712641373,-33.944854644800316,-0.24150978575478282,0
7091,-44.786625810545125,5.404044064140969,-3.9145919995035294,-25.590910753822477,-0.4569960065368705,0
7092,-100.94142659330416,4.94804817079255,-4.381724352375285,-25.99777773336323,-0.1943833977984533,0
7093,-40.59194383941998,2.153535189411273,-3.8912000028168423,-25.408289207655667,-0.24709550730467295,0
7094,-42.95653026706058,3.250558265869728,-3.8115372887012753,-22.538138376111046,-0.6131762330938,0
7095,-82.25792790773787,-2.5891125725189825,-4.548132680099164,-22.697949245372733,-0.548086723704858,0
7096,15.279604778330437,3.4003488012566803,-1.3871702445650849,-39.19984654700391,-0.45659549861797066,0
7097,-30.82116672236369,1.9935342395163533,-2.6858047715309983,-28.095888732041313,-0.02903794254400688,0
7098,-37.41070479186165,0.9067485217752441,-5.0022453507724105,-30.178033923278512,-0.26921596274628457,0
7099,-38.119086790783,0.5411735899471249,-1.275102149667201,-21.66972501167636,-0.3438640778967018,0
7100,-4.394331682524323,0.9862069088524689,-0.4685683699335082,-26.428527337968166,-0.23123802773352845,0
7101,7.4412029501702515,-0.5578958062832152,1.78918668358514,-31.108216190285603,-0.034398359725209104,0
7102,21.925752308843386,-4.746745109048887,1.4964616779513582,-29.865425949982686,0.5352002715641213,0
7103,23.60185708809296,2.897985086340025,3.922679926438848,-40.19755363000486,0.4943477423147137,0
7104,51.61189332001506,0.41461289707609805,4.145299836294747,-29.221582037484282,0.3969535738139702,0
7105,40.19524795179345,-5.044220987714972,3.2075901732560794,-35.25892978163898,-0.0863054451136196,0
7106,17.769940733760833,-3.6457645062310697,4.520040521151076,-38.05770990918919,0.316376833229323,0
7107,61.4391498283314,-3.901329621138806,4.151817640840628,-28.175629840091073,0.500352906908801,0
7108,24.390256246766725,-1.7367619361802937,5.182609021715068,-34.09095966744397,0.4080984228823469,0
7109,85.41185104432813,-8.668464643732369,4.0876102745547165,-39.4839101005622,0.28229999331284916,0
7110,64.56435113493536,-5.792536454311859,4.620671442041744,-39.86215062963668,-0.19899048300681837,0
7111,92.39067761484785,-8.748402161611319,3.769821439008945,-35.67934706615298,-0.04356186848659753,0
7112,119.48759266586865,-6.216864555125976,3.2246480583908275,-36.72171309655872,-0.41652341324689907,0
7113,77.38245717708945,-6.997105815094137,4.627930613021509,-38.65387061737439,-0.3435705167462645,0
7114,119.77112269992037,-6.283019291416466,1.3138874582332385,-45.44068423203528,-0.5893870714571545,0
7115,91.08213361084158,-8.026356958032869,-1.2294299061186422,-45.308359768890085,-0.2746977264140408,0
7116,135.0210801236597,-8.675817706249457,0.7233535707097598,-44.363735056335244,-0.43058499067219264,0
7117,91.86265181426786,-6.273689612115014,-0.27033246916992826,-42.17777449198408,-0.4915196886880678,0
7118,80.5735334286559,-6.924110991136263,-4.192083018237657,-41.96199655882733,-0.1102493076480271,0
7119,108.3728285336798,-7.031533703247758,-3.7606659178860053,-43.096993657263965,-0.34976578368799605,0
7120,82.21143902938609,-8.768672895873792,-3.348595965470079,-43.39314232778706,-0.4226355154203636,0
7121,69.48890257355704,-9.817859406024436,-3.8339711410796395,-33.923340330616675,0.21967207749972087,0
7122,71.2892952238227,-9.149915294224545,-4.762919385324503,-39.57363743543463,0.20629858338580234,0
7123,73.6743735465234,-8.125438394218994,-4.950697218424036,-38.351596262948476,0.22555820970952667,0
7124,94.38547490590597,-13.674059487783424,-5.919358129049044,-42.42643578370121,0.26813988381741294,0
7125,21.160629401194385,-8.701717380389661,-7.194299035654411,-44.82291957010412,0.5711880366434668,0
7126,52.0065841959956,-9.017386110916656,-2.3674834656646997,-43.55424555306361,0.6620035527423329,0
7127,55.23060930476945,-9.632997779811713,-4.8321070392728,-44.87579870085147,0.33157988929051635,0
7128,37.362105917906966,-10.153175374646858,-2.9793598977149234,-42.34746998723037,0.5403205269316137,0
7129,50.11638248537692,-15.05940500251107,-2.481325007576995,-51.626970503967534,0.3815381274462602,0
7130,12.619125648444154,-10.854677710981354,-0.4993010543182833,-43.47273995415362,0.04009295414801292,0
7131,0.46101373544915525,-6.41896648366277,-0.2999489952441832,-46.587551377633844,0.06290916677021471,0
7132,6.00315801802008,-9.969924632729779,0.7367857514501582,-56.7656806984582,-0.19658295366001433,0
7133,-13.794246474457637,-10.583206106879128,-1.0760385588258594,-47.58994640393946,0.019219285459912194,0
7134,-33.36811362312646,-9.882796869499218,1.6377518136938902,-54.8187463867277,-0.47978538586124897,0
7135,-24.761087689739256,-9.130259995891835,4.030020534231302,-51.2124338752728,-0.1381161178250061,0
7136,-57.30801655391166,-8.420767326376144,4.62337428260917,-49.56377260213167,-0.46420339472652694,0
7137,-65.2122701203549,-10.070429276803525,3.5421520172870697,-56.51419596508764,-0.8463694702786024,0
7138,-71.75043806043132,-8.613064214237829,3.2617212235644857,-49.43866903132452,-0.8942523917605307,0
7139,-41.719609142060264,-5.936183951677289,5.119328526326856,-48.9992318976993,-0.4226546503478592,0
7140,-140.10451724582242,-7.080347220487171,2.039929428272152,-45.71807681929149,-0.001484904895039163,0
7141,-73.91919980170395,-4.192884263206759,3.5547740247890287,-51.8943487066333,0.1145953190797063,0
7142,-86.47509651804556,-9.94548219667645,6.032842512121136,-48.3653738634341,0.050164520981702945,1
7143,-125.23641905958272,-5.016443891749562,5.116643600012692,-50.30714512402698,0.016408949621851077,0
7144,-88.96752450341909,-9.666133914511184,3.411346304475714,-51.993836184733254,0.2126498823035794,0
7145,-88.23924261283862,-7.073410312986636,2.3673794170604854,-58.30780977705015,0.44341599597413733,0
7146,-87.57699170868898,-5.991898215304679,-0.8363089427353703,-50.545384332355276,0.6893390403320658,0
7147,-153.02896152523644,-8.13607608017175,-0.6173928122881334,-46.277285516426005,0.6134980018806409,0
7148,-72.28814494540049,-6.578480964926537,-1.1673961533171715,-54.66089789154921,0.6764622975383492,0
7149,-112.99887071862753,-4.556492632312474,-2.5523703244063047,-51.05370292128,0.5515600864246554,0
7150,-82.15936219434899,-7.405021735381888,-3.070854734953203,-50.26970467583408,0.5128521952475804,0
7151,-77.75771367194578,-2.23782003801426,-2.2005796097062067,-44.33758307203154,-0.2539526404994541,0
7152,-105.87658249742556,-7.923948661753297,-4.681293586763534,-49.611826049067325,-0.12472464149691546,0
7153,-70.01420277292691,-0.8406567780448486,-4.955048570491868,-48.21460294661112,-0.3164806173979342,0
7154,-84.982486952137,-2.2708740040958277,-4.165266986981622,-49.571133359452396,-0.47626204929883775,0
7155,-111.97730353716364,-3.9957824464697063,-6.419424046813321,-51.84238506907334,-0.3548421465076405,0
7156,-39.7671493755737,-4.154933895678614,-5.735970799998242,-54.886476668089486,-0.7332810520502766,0
7157,-70.56442104457948,-3.888547928931824,-5.334127952111111,-50.4530337167682,-0.6808018307513526,0
7158,-63.54474842905298,-2.6637918825062386,-4.058208183916398,-46.85483244129426,-0.5160598477802943,0
7159,-45.44339212829525,-2.0009222680613004,-3.8121531267474924,-47.980674856798224,-0.7769759976061561,0
7160,-22.491026520086272,1.0995508401480647,-2.995696731209181,-40.95346200669119,-0.4726675232672998,0
7161,-19.35573061229537,3.0229619588406047,-2.455437509617535,-43.35743665665221,-0.13330856860702542,0
7162,2.6584062509179773,-0.016745600005507955,-1.898256568853138,-41.600323484018006,-0.3684826996546807,0
7163,-25.10236926678087,-1.6068830694650584,0.7778607052795701,-57.6617915739412,0.1845614137612089,0
7164,-3.1868191613118135,-0.5074097177565677,0.8203315063026364,-39.28203327274402,0.010507676895450402,0
7165,19.197945043748362,0.7160694495493491,2.720401236936105,-45.504071714234215,0.35717174523526485,0
7166,69.11761097729823,-0.4824896004864636,1.8492260785495038,-44.434192907591296,0.1856487709962521,0
7167,38.21425391755561,-0.28856816761905346,3.037042521618062,-41.62078311184571,0.565262692075359,0
7168,71.12102178233042,6.749956878917113,4.074934514926444,-45.59799316526945,0.4391817254739066,0
7169,58.61999761052043,3.6409293984876006,4.590810720114937,-50.64186108954406,0.5737907842607904,0
7170,56.03003218291778,1.841848296754628,5.70748790550095,-37.620183451585646,0.30923834385408155,0
7171,67.96654244113913,5.604965462931974,4.559586081396288,-48.247652892501385,0.42985401761099373,0
7172,76.00205967149883,2.0687825033502856,5.5748744499345735,-48.86668843898571,0.35992158416130854,0
7173,97.11974834083375,2.6761057058295807,4.848630656772567,-44.62359041150977,0.06936615542880228,0
7174,117.36567871449002,3.6925322588199654,3.834036710089361,-44.87870954914022,-0.19966502455999324,0
7175,100.99570428023215,9.024887098868867,2.2996823746361468,-42.40908084188416,-0.290405183461484,0
7176,120.53503541517335,5.61305720719265,3.18834192732686,-42.38161086753177,-0.6146627557046432,0
7177,79.52195312669915,1.6230663098266103,0.5886797824089738,-34.600619418550465,-0.40705028993767794,0
7178,91.56204946996104,9.298012282665297,0.516888500591358,-38.46882009203436,-0.3688796972174328,0
7179,85.40780597741345,6.619326701562007,-0.5140750261467782,-44.46727718415573,-0.1819764983246644,0
7180,105.22383909914662,3.869405974526792,-1.6471890759922534,-43.17760200076362,-0.19108870089980984,0
7181,89.8083449084504,7.252070953242157,-2.7519610058812027,-40.89698286212706,-0.565292507593107,0
7182,108.66646951690097,9.224952177097911,-4.013074275175086,-40.242421666607505,-0.21144889586680893,0
7183,71.59454826381213,9.268096072308495,-5.509075311153021,-40.24518629002995,-0.14183212634340386,0
7184,86.31737939580161,12.312735464460186,-3.0343081399687897,-42.51515657542445,0.2772935088133553,0
7185,93.58223988557738,7.244492323268923,-5.298876781128348,-34.874614592088136,0.03777904450405892,0
7186,32.12956223774502,9.255220422180717,-5.112659823156826,-37.91029642026321,0.48510473729014925,0
7187,108.72503554053009,7.951494078644661,-5.097451334874489,-39.682677396621244,0.21431134657186135,0
7188,52.823791510389995,6.431727589703616,-3.648427760047786,-31.77372131736264,0.4559733189149703,0
7189,9.596069684254388,11.428863537417367,-2.402516433035368,-29.225734507480094,0.32309491896283576,0
7190,44.36823333430279,10.701903853535338,-3.594690690570604,-33.94339170725957,0.08515338268037725,0
7191,32.572991845434636,10.435844216196408,-3.1806866478999525,-23.045050466288444,0.23272969972256732,0
7192,20.645226571947088,10.790524225991234,-3.295742117412312,-20.09937429745852,0.26061544312986534,0
7193,32.26328258845308,8.60961747223396,-2.677872538171778,-27.904552154111816,0.46797599772776344,0
7194,17.420414949305954,7.987846130944056,-2.021050985299062,-31.932926449207823,-0.180427802695942,0
7195,-1.5636000340109257,10.068211294626465,-0.045862839430114266,-27.432139859040767,-0.23311195460647327,0
7196,-8.435501967417837,12.284042512652887,-0.3737139218930068,-34.075647355484,-0.5390426930846469,0
7197,-29.269033553868667,13.121578274920335,3.6946725965353258,-31.47809346529431,-0.1365053020693059,0
7198,-1.1437052934572662,11.415335312446745,3.833355262764258,-34.68671736909887,-0.5434086490846936,0
7199,-75.34287048000394,9.777308588924631,3.8170786146778664,-28.55958388086439,-0.5624299458808727,0
7200,-51.61413615948158,10.128725092942938,5.6743562286127105,-30.71368094587959,-0.5635487673155873,0
7201,-61.21127809652302,9.45857455239948,3.8080782510196007,-20.55479665737682,-0.8392336040141382,0
7202,-53.72616672611245,7.206146200725641,4.17899567826927,-26.535403850476587,-0.6574395409165283,0
7203,-93.64952184493717,9.106833422211341,2.9856324313562697,-20.51192012987909,-0.4369482740360635,0
7204,-117.65948090759042,6.16475168668949,5.418106405724069,-17.25215203007658,0.016165408497341133,0
7205,-84.83598246596769,8.341036113301588,3.372606657074288,-14.22323342857609,-0.4577715511429195,0
7206,-86.65525530332363,11.594717527091422,3.5710778548914432,-20.927297734632102,0.2956953199027477,0
7207,-65.87326940961854,9.680740557869868,3.7886510701065372,-16.679553260790584,0.3846673748138383,0
7208,-123.50203534475354,5.881215179512339,3.276545847840267,-15.58550612688373,0.05345187983695099,0
7209,-76.450325143598,7.255712234893109,0.9201951140962195,-9.995910621485947,0.4162190624912764,0
7210,-52.6507065108325,5.386437005067969,0.3393780266924979,-11.490388704143069,0.732726810102232,1
7211,-107.00992796457676,6.567147046822694,-1.9411221276914268,-7.937102659896372,0.26153223122624847,0
7212,-123.73539323697386,8.394648219585106,-0.3049582540885327,-21.816952061172366,0.2984357330069965,0
7213,-103.53960501838596,7.222928672499647,-3.026273366610668,-15.849519688074903,0.8577171826909924,1
7214,-91.65038074641822,10.47489196619328,-3.5376049930101736,-6.398539235725884,0.2400705418932106,0
7215,-76.26654602771872,7.467485976813071,-4.63827630051747,-7.678950096223107,-0.02294533510530956,0
7216,-94.1073277994121,5.053755620049722,-3.477014022134808,-10.22829004057828,-0.215555308768893,0
7217,-45.09048329590178,5.551666524574953,-4.735081039931641,-10.990073663132033,-0.1835966311162368,0
7218,-91.63881125758815,3.333600715861204,-4.235422409559324,-3.689715642784587,-0.23622686853601443,0
7219,-96.59307503866188,1.0152547872802438,-4.504891884797706,-16.541284689150963,-0.886023191294669,0
7220,-31.517995730401452,5.40541870017074,-4.748045428296697,-1.690047100261082,-0.9426881024166153,0
7221,-90.45178197173757,4.328467550758976,-3.086450942749244,-4.202905065625055,-0.6922431686983715,0
7222,-39.899894779537085,1.3392202127926078,-2.998784730781933,-6.104024876321706,-0.47612965247311073,0
7223,36.03625974360972,1.8754917878527364,-3.499942656539681,-0.14963978925619026,-0.3431915899353327,0
7224,-16.795342948078964,3.3124720013955136,-2.621817183439603,-3.5930420183817287,-0.5799352651624602,0
7225,-29.04152714021288,2.0241937401725827,-0.5123344332917275,-0.5179901450371502,-0.13976748260256175,0
7226,2.2203809021278405,-3.0946429081870646,1.2440997864993473,0.10566518985782358,0.03608074110896136,0
7227,12.313163467909341,-0.1807106428640759,2.9604446294685607,5.059387074015763,0.025231895515269998,0
7228,26.36984635687036,-1.5010544881238923,0.47552775885635956,3.1319551426463,0.21561940556973166,0
7229,45.99839993642675,0.5652830812871823,3.1203085176474943,-6.211178023472677,0.2757238796989827,0
7230,21.23995111823417,-0.08940878836021904,4.302829906148145,-2.6290083086946154,0.5747818598805639,0
7231,84.62229810591404,0.00032305668288801215,4.675365411518313,-0.09406236697340553,0.5011448132840878,0
7232,64.11449562073203,-5.35148875262921,5.780932744493411,8.602669291676891,0.24452023769303433,0
7233,81.49733496471798,-5.154942991254122,5.628820119714344,10.09485748004081,0.5949427601576819,0
7234,61.4786534307503,-1.820609966943385,3.991197238987224,16.650106570166855,0.025349154687249742,0
7235,106.10967194873336,-5.6840015574343985,3.7669117918609087,4.2105746479110575,-0.17559138410951583,0
7236,80.77821815043988,-7.984261545221427,4.708532966455564,16.809684641626525,-0.02877387211603647,0
7237,96.14907680644691,-4.304537349278571,4.82570040284736,1.550614325670411,-0.1783311685481921,0
7238,75.70943966928125,-6.879080416842758,3.2648322783662707,12.300889443179955,-0.2508138337988963,0
7239,77.26353391687776,-2.6055166112414536,0.7052604479255133,14.405323984082766,-0.6150146132324853,0
7240,112.8256658895195,-5.9777241351855395,0.30677717375010016,15.349194047769593,-0.27968084529492565,0
7241,91.0590261121294,-6.618147949714295,1.0622418588890188,13.549544648640422,-0.1539575953468436,0
7242,82.72582477699396,-8.02838453334447,-0.9759213497831368,16.63724086163511,-0.495456009055387,0
7243,85.81255204061598,-4.4412353640038855,-1.4823136925961122,10.81548682286996,-0.37827456580647345,0
7244,110.54327250854043,-7.219753098676126,-1.4440499389256374,22.254417476421843,-0.7754193703732686,0
7245,80.90660836598981,-9.047979019757484,-4.520829438772644,20.107416371129514,-0.31880562634432663,0
7246,87.12332661972391,-10.0926921982985,-4.40971253764784,21.591942298455514,-0.22975493086268117,0
7247,84.87202105507208,-8.903758812966739,-5.035905409962063,19.300091904106065,-0.11281550067169768,0
7248,40.47451899353171,-10.942506825598903,-4.495272406974348,19.961397275211116,0.07141342958377922,0
7249,42.86144093043359,-7.137395362954286,-4.222048009336749,25.122430826713014,0.21735305990542236,0
7250,71.74976162230641,-12.996788362509214,-6.420332545246805,31.337127352043712,0.13451266879116108,0
7251,42.37415106314551,-9.820640943703385,-4.693785542457968,17.298229804215556,0.38664026791152406,0
7252,69.76909937531852,-8.459005366396195,-3.3801984738770616,17.91545530764064,0.29110951031741555,0
7253,59.00466524000534,-9.10850004561378,-5.496177169643546,27.326199680621315,0.627850397953413,0
7254,44.689463716692984,-11.316294513870691,-2.9524755430206473,25.183141901321914,0.4649874857621788,0
7255,57.03628493312583,-8.625501661317601,-3.235421166376805,28.302903106855467,0.3583648935146884,0
7256,9.107584887171283,-11.75752849049371,-1.7122407102375028,28.390587010290993,0.3543997993070935,0
7257,13.767928215704835,-10.044691241744077,-2.5840610912977935,32.43533632403957,-0.15340246744158378,0
7258,-20.884707892123124,-8.685716402855087,2.308505459055323,28.69849851035838,-0.0824368257985939,0
7259,29.955622109415618,-9.028083309406579,1.518231141559138,24.880231564104175,-0.05841493627696359,0
7260,10.876567829384413,-11.243616624533365,1.9504444646037324,27.75162745635599,-0.5634174257549676,0
7261,-37.97510443574352,-7.413450607818323,3.8595411755765907,31.665565799325872,-0.8674276657800022,0
7262,-39.515787636646316,-9.525435546262843,3.121820942923976,26.94691184469399,-0.6359073639086095,0
7263,-28.624277831806097,-8.078976904969629,3.4937329229258287,33.778146507822946,-0.2981759110904458,0
7264,-66.75810013179287,-6.349001313137224,6.42353044070754,34.99325665908787,-0.6280814472275965,1
7265,-84.31525018456718,-6.990884719431076,6.8082142881398795,33.613657389265164,-0.43939710548805033,1
7266,-60.3591977858656,-6.781329485041404,4.294521244717574,37.147817467558355,-0.38028518919146875,0
7267,-82.1486904357922,-8.40934164633584,5.646160563972756,28.71490510289754,-0.1203456345419249,0
7268,-85.09959157556867,-6.957962298971964,4.444524694957292,32.69025349427714,-0.14255472972925243,0
7269,-109.60005725098429,-7.84841029565411,2.0213363910434037,32.39757596479278,-0.08605641208545564,0
7270,-130.49485090468067,-10.403338585568664,1.7167699254765099,43.15000537524862,0.24701231687510916,0
7271,-93.68472411963586,-7.068330704451472,3.300291866028699,50.90569321561056,0.3757724161752507,0
7272,-81.59123993376346,-6.831044412157993,-0.6430474862967921,35.57917739575126,0.7094253272376381,1
7273,-104.49344986109874,-5.827900155375154,2.068056822876207,39.39947342666653,0.5122319133057371,0
7274,-70.53661832216028,-6.885460573545874,-1.7725054067344583,37.68471798147389,0.23291453172628138,0
7275,-111.63960390266203,-7.76991526734919,-0.560643249966178,42.817709784645785,0.24746051171436606,0
7276,-115.97663514042752,-4.535915261165325,-3.3019636974119746,39.212575642274835,0.42785809807885955,0
7277,-92.60038579574633,-8.062776003208288,-2.9319810493409393,44.194652297712004,0.06628646854987963,0
7278,-88.36906718443286,-2.092309410741702,-2.923557774806903,46.61490829142204,-0.21517428334114072,0
7279,-65.9128273221373,-5.033977798539645,-3.3431747796555458,37.66235747930452,-0.12799765238091343,0
7280,-90.59400005793088,-3.6298538521070984,-5.543336909613455,45.61324869820447,-0.43744715147659646,0
7281,-40.765078613359755,-2.5432622803835487,-5.84450372026936,35.741890275525996,-0.2938824330367878,0
7282,-21.14014177448906,-2.009321847806515,-4.8976513096402705,43.86810956845821,-0.392166157587884,0
7283,-53.00859824814666,-5.5310108047861934,-5.75422636470848,43.95292655254138,-0.7279678509015224,0
7284,-18.45692388139983,-0.5804321185948802,-3.674233183789511,44.827964792792734,-0.1307017197175337,0
7285,-55.3723389231504,-1.1322903451680864,-4.038025837439736,44.79728028179076,-0.4579244476226771,0
7286,-3.1870931956608253,-2.5147679037140547,-1.3099904623220573,44.24833706436036,-0.8730204696179298,0
7287,6.051587189304424,-2.2461162043187146,-2.042894294984106,45.74076331256166,-0.14069033293280073,0
7288,12.321202994335797,-0.915559067531265,-2.2364073252725327,48.5882369586691,-0.5936254558096025,0
7289,4.737028195869013,-2.3449883742416815,1.9051000789203842,49.0377504445318,0.28343303988164636,0
7290,-44.09129711351049,4.196346577349068,1.6657866876534997,48.57229508921409,0.2295762365516356,0
7291,11.95471866494669,4.221552104105564,2.4306876014121332,45.39894732620184,0.31213616473108047,0
7292,21.818834903909092,2.646965041176603,4.31933919455922,53.91994763419958,0.4171576016192633,0
7293,23.976864711023794,1.7867249883792378,4.79134425382137,56.37696310085249,0.5883756791409087,0
7294,54.75657487185165,2.3236803856703423,3.6964687787121226,42.52053997189156,0.3853410557939607,0
7295,52.17951581701636,4.71160898892344,4.369356045938048,49.97679679963131,0.44522095468961687,0
7296,51.70853111975693,7.180725560841433,3.874873920631419,46.98791930501243,0.39523554183777093,0
7297,53.985315374914606,2.9847116972339487,3.4932196252621033,54.110066385982094,-0.31497758952053445,0
7298,67.06061860715633,2.3404548913511807,5.308459999939033,49.55276009864059,0.2448748388256355,0
7299,109.1973916123432,8.10959363945773,4.705682669831379,49.99543019646705,0.1306603825964999,0
7300,78.07648408827058,1.866186863939748,4.48599289850535,52.29829777304591,-0.07900531699158854,0
7301,84.61557956048023,3.8359560426864356,4.269923934905057,48.4097533434162,-0.22705771270420547,0
7302,88.44941704945762,5.757225998297785,2.906813266613117,58.33888468907219,-0.09243702179821828,0
7303,106.0572345171162,3.512374872806434,2.0548083203879792,52.53422918396974,-0.4936047375759519,0
7304,109.10440229574145,9.223260309131206,-1.8750973605890602,54.657625711813814,-0.5180000819621405,0
7305,38.78936878339932,9.060999339159574,-1.1006938342630317,48.8908687830292,-0.6332028791612981,0
7306,118.82229630287365,6.527464812697087,-0.7940619307060708,49.353430188698276,-0.8288269205555825,0
7307,124.8409688890031,10.546953344424749,-3.8216656303039924,53.97990811105465,-0.25946976385150206,0
7308,71.8735582324599,11.177018648980072,-3.3508190270834053,53.41180242322892,-0.3350329522032609,0
7309,69.26700569022628,8.322109408539998,-3.5748182558931227,43.5267139972677,-0.4675765017022107,0
7310,74.65719375711778,7.895764588115798,-4.13999535839954,50.30247785927309,0.051729378604323605,0
7311,62.655546389337815,13.542967065952219,-4.519914978288812,51.90789775885075,0.18806932695405584,0
7312,75.590421169622,10.670194013809773,-4.400763509448431,48.74178323748947,0.28443335124457925,0
7313,24.807108440358355,9.921562164611244,-4.730575961973233,51.122745866367524,0.44833198248765277,0
7314,33.36794731173837,12.293529858905233,-6.090092868571203,48.60326788735097,0.16059326395634899,0
7315,77.94252801892131,10.30391322977489,-3.651583476877196,37.60499885368024,0.6790536512606753,0
7316,19.555076228476352,8.798179703863449,-3.2393789754360247,42.06027597022229,0.5307161566689436,0
7317,53.56805549818215,10.054590869068281,-4.198964746455548,53.246189692591315,0.6147691850230703,0
7318,26.09951239196153,12.031699869590653,-0.4849692660719327,46.88655275899262,0.14326855778371536,0
7319,-27.08911653221712,6.005259315020147,-0.372015075879783,48.77485273662695,0.20397574594227097,0
7320,11.815424342395785,9.423839247987187,-1.291235903495177,47.50692757334156,-0.40409609877134195,0
7321,-13.22299875550851,12.751291259206367,0.2632998157468289,43.078524471062785,-0.3441593277578069,0
7322,-29.848881009503963,8.921757654057906,1.4648083790618331,44.530546606005345,-0.5846809285203743,0
7323,-25.503062566981093,12.973171014682308,2.331548160558037,48.15286359851045,-0.3648561623301688,0
7324,-30.268430487961098,12.621203731280412,3.9413461631010964,48.28667151561924,-0.7085833967414435,0
7325,-34.57087975875111,9.546945869520076,3.278482550516749,56.67886075109427,-0.6039862776806398,0
7326,-33.63245397157607,8.4030235286129,5.8198825592922825,42.93493095082052,-0.5015042496803618,0
7327,-56.93808876910674,8.803637141027714,5.987415674262434,53.245537229923826,-0.5231924113844411,0
7328,-99.86631915821374,14.522395621195416,5.613789458050367,40.141010279358106,-0.607985928028564,0
7329,-88.3564432655295,12.73384915004024,4.892460005810413,46.419052276843004,0.1106916921241568,0
7330,-25.76428593972343,9.005157997425941,5.446128666124924,44.38079118584777,-0.05122362346424078,0
7331,-75.03160241901766,7.28556336726648,3.713449459202665,42.36008112102707,0.4060634222702979,0
7332,-46.13738011894905,8.462196709876933,2.5865796752808796,42.44190221593756,0.009806379544685273,0
7333,-68.68169483801421,8.421446658677514,3.69084768306537,38.820917602542096,0.261323707406972,0
7334,-93.85648628442678,5.132923146780655,1.908253761228396,45.90054038829808,0.4426012222399061,0
7335,-93.78043443994068,7.446525843662769,-0.06679029756612431,36.59841560163676,0.7809060675899688,1
7336,-100.65897045570237,9.579842324531455,-0.7985271862877972,41.81326954758317,0.8093413913908005,1
7337,-133.8038145516698,2.9675767096592347,-2.1000842761656013,43.40299103567847,0.3538763618907418,0
7338,-96.81747766220369,7.8343020940283905,-0.2699882336140935,45.92692530507573,0.21484920489003184,0
7339,-70.12465746073384,8.530124579188218,-3.1251901458777263,43.231365809108325,0.24601466182743928,0
7340,-102.54807861213409,4.244360113058585,-3.683887902183221,40.58592582732925,0.3499046055865185,0
7341,-77.62855052726987,8.325361591074767,-3.679655965901362,33.87128990185267,-0.011593234264278744,0
7342,-63.29016060329507,3.1155312671997026,-6.000002797662092,32.45242159257065,-0.12175662851345814,0
7343,-92.16741063161875,4.926327861319197,-3.8811127797046776,29.99519853109026,-0.07879391538690131,0
7344,-75.91255768090134,2.9684660135882597,-5.580080809595436,28.80928595089406,-0.21585948886328551,0
7345,-79.48912095003925,2.4969143509261578,-2.938565719659189,34.25212266947694,-0.2767703548291218,0
7346,-67.22777770254156,1.397428960536536,-4.687479746315963,29.88688521017531,-0.3754059648831501,0
7347,-67.68272407722122,3.5437193995610095,-2.7690097036912498,38.77151361575773,-0.21109706643419013,0
7348,-50.66678358845219,3.353355387900849,-5.583517426029577,29.118884489630318,-0.663215756703988,0
7349,5.3304093841894655,1.0319376089985086,-3.418864217312252,31.710473588279275,0.12849277299838796,0
7350,-31.538739733970388,-2.0570182339729595,-1.6048996524431236,29.128982251963762,0.0182643754006874,0
7351,-0.7383279064002508,0.9697377616161981,-2.3573597500976446,22.63374012557388,-0.08100458207423637,0
7352,-3.3305525938007854,0.507496973669503,1.2720430228700181,34.28919687317082,0.32223650571958107,0
7353,40.231263800964996,-1.2690497873235076,1.955095051083053,31.496832128736298,0.1710818222910896,0
7354,52.637912858926896,2.401843404641213,1.556820810242281,31.23825374527377,0.45432425377790747,0
7355,53.192861815846,-4.95414625078125,3.3356346601574693,29.315724302201843,0.5644416852866965,0
7356,51.17213302206331,-6.749958924556985,4.8283979019568815,21.68837748108696,0.6653205769648689,0
7357,49.11611187743243,-4.2603778135875565,2.428857251886127,20.920175503727894,0.40377044101692994,0
7358,38.05074382013635,-1.8541801436551553,3.5877310276322056,26.00512836986375,0.6309172925512957,0
7359,108.29138400051112,-5.854853816924218,4.66164351707216,30.57506006833708,0.2838195125494152,0
7360,61.066284747252276,-6.163885747373918,4.956763285940081,23.896484922056693,0.40310641168283196,0
7361,95.6096486022622,-2.7481779347854927,4.614071356608363,25.956265668232295,0.11509848770340732,0
7362,108.7823283674338,-4.1617783286365535,5.115335565683799,17.523487181558405,-0.39495589344782145,0
7363,80.86452174294573,-4.756691385822775,4.088131118075963,24.722959081133578,-0.3236595618250486,0
7364,116.1905618389841,-4.358120233959371,3.548477824767219,16.209525033477647,-0.1370778723557407,0
7365,113.22124684568239,-7.166729485650147,0.5891963828994302,18.573503310541007,-0.47043037588810926,0
7366,134.02437701451947,-7.453889663975549,1.17222574207994,14.600792586427042,-0.23339130916872514,0
7367,90.61246610285278,-5.439204590869963,-0.27237012147237466,19.929697620575066,-0.7426313302294859,0
7368,73.81724930655,-10.093735085981645,0.5028285045497464,19.043852027234372,-0.33995609455111436,0
7369,87.9653526454678,-12.016093557740337,-1.740621498247481,6.186450185611251,-0.425096878283245,0
7370,99.81290225023331,-8.904591944106953,-3.463499138835438,19.231730301656185,-0.3642307985713886,0
7371,93.40520797209234,-6.46355587775785,-2.7099662847529378,23.51713071017486,-0.42169148793366107,0
7372,80.05567641987322,-8.080652996547585,-3.625167781802885,8.883611068291279,0.0014346524672829708,0
7373,44.54545419676695,-7.122184368429373,-5.4690843621533425,9.047192394540785,-0.09326390374377955,0
7374,86.11742747800997,-13.092263663333732,-5.269709035276121,14.895402642448031,0.12069480500950819,0
7375,109.36658265899857,-8.62894462223353,-5.330208950127919,8.045665180671486,0.3370201363749443,0
7376,71.7180289008825,-8.129327402874505,-3.6495596702629576,6.702445958534418,0.37663729014092284,0
7377,66.50521564081649,-12.292181704352942,-4.3576057332133225,15.214961945321571,0.6997912242932985,0
7378,57.118139988249276,-7.996030652544038,-3.336065371572934,-2.0358587348822166,-0.023494858753766723,0
7379,44.500583979657115,-10.048447298724257,-3.8961468915774424,-0.20557396992532784,0.41498780781919226,0
7380,45.71809469264197,-3.7634413677861938,-2.272440304970913,4.830475610293017,0.29397793648767007,0
7381,25.246751629940093,-14.316532046154638,-0.4043026638993703,-6.355339872801803,0.24796083892736315,0
7382,1.1669889298729323,-7.254876348744226,-1.10108414523285,-1.1223372963828127,0.0016358178207239032,0
7383,-18.492135066593924,-10.787488894476711,0.37230536971397665,-2.1680910792320036,0.16622491667209022,0
7384,-17.5190170218885,-13.214551023350392,-0.11924952607895634,3.5517375245073257,-0.23569228525175978,0
7385,-16.098850059317403,-10.990287353272379,1.4158081885466343,1.2077677840260743,-0.28670932787806536,0
7386,-38.32136733281412,-9.312712287239288,2.697268744935199,-11.671096875638819,-0.23601025270762852,0
7387,-35.01147206400833,-7.69936709661476,2.700352910612394,-7.717738642071362,-0.4682011370453284,0
7388,-41.401142248995164,-6.2125708645790105,5.662699615051369,-8.697863864192355,-0.75383171982023,0
7389,-41.905032106568385,-6.670776048938764,3.909201590076842,-7.323823374542545,-0.5620322498999156,0
7390,-40.7119988660103,-11.279607602783068,5.751233648613874,-12.719545191519227,-0.4356808094988238,0
7391,-71.94390128310798,-6.899428271748462,5.170581380684873,-5.9615421590198565,-0.6376111608407176,0
7392,-106.06130419861202,-8.165207213114424,4.835220986580261,-12.67540203765208,-0.3205625105282744,0
7393,-92.41118600557931,-10.022637857383469,5.919621545466644,-7.242360169418049,-0.045837794481340115,0
7394,-89.37680519229222,-8.88112864897852,1.625198490097958,-11.176670174761744,0.5191474823911097,0
7395,-130.82055546958532,-9.59972956323691,2.9870202414357467,-17.00023894607095,0.3293931699067905,0
7396,-69.23874589463685,-7.808150492271964,1.27336601191138,-6.1610872492028665,0.40239285157885174,0
7397,-96.10202179835886,-9.024240139630963,-0.5309892896759361,-6.976210288617263,0.7915164072023049,1
7398,-92.27139561338093,-9.284593349174287,-0.7446426180666644,-13.569860831231805,0.6130061569765667,0
7399,-72.53864299748582,-5.915980026448509,-0.5309589857762473,-17.168353984069917,0.6390053809816958,0
7400,-111.4050888705299,-5.245188299088488,-2.249974421105703,-22.198133783087723,0.3655786473547809,0
7401,-85.28725442453019,-6.490021272409596,-1.5436623943067662,-12.49868322088177,0.10766890590494121,0
7402,-95.96436148037787,-2.976418657332945,-3.472484421554696,-14.671491287182423,0.29467335901945296,0
7403,-93.51091267650966,-5.815200102617549,-4.271827881114402,-23.777593954292957,0.4667158533596033,0
7404,-100.43757598374884,-5.46927259421517,-4.798463426023544,-24.056720381634644,0.2556786228690035,0
7405,-45.996987608147656,-3.0999733378283,-4.929238827193724,-19.244848088633244,-0.06037152941983864,0
7406,-80.34194650728352,-4.231980195092098,-5.40919836578181,-28.304851349441876,-0.4571270965838885,0
7407,-51.637841865299954,-3.333795533316706,-5.802984687649598,-26.44527618059326,-0.7292321648711462,0
7408,-95.26673109252052,-8.071773245823024,-3.7261473768717295,-29.399557409130843,-0.6454165536334072,0
7409,-25.729084683483222,-2.5174111860236614,-4.915043164850374,-30.108605785847114,-0.45632315414013525,0
7410,-19.354026476366172,-5.718771744913129,-4.07902402396819,-29.52743842199781,-0.5683145917593656,0
7411,-29.11531575170717,-4.014675051872123,-2.5233138008661644,-22.246904891124196,-0.20559705789577937,0
7412,-25.9582144433571,-3.7478819115992956,-1.7734835241931561,-36.38875736475302,-0.5994741446087719,0
7413,-3.5607169552883082,-2.6641735342987176,-2.0417583228935436,-26.27665682077793,-0.19607228501487337,0
7414,44.18925506655925,-1.1770381231114075,0.5963460984200862,-27.971017562205635,-0.17712809564914633,0
7415,-26.861280848015603,-0.5524405268591345,1.375043219566787,-25.224007499863486,0.32312243852153033,0
7416,33.9500476367854,2.247919078080261,1.9779730251039582,-29.573427589008915,0.370888620407049,0
7417,9.8002581269355,1.8606703202936095,2.2595464038744137,-33.5334722948001,0.2102304018043809,0
7418,37.07724801420968,-1.8932671424999117,3.067721401028529,-36.48377215705955,0.6277130401000193,0
7419,41.586581362138745,2.563686803180057,3.917728385019807,-28.2101505613813,0.17194705312230424,0
7420,46.58133229274932,3.515832338767174,3.368534462071616,-31.419189469306005,0.13447855512389578,0
7421,62.990891009149756,2.6972163255166586,4.858536778581069,-37.097768024407586,0.2660922960046816,0
7422,47.937791383001276,3.6992207901477405,5.892086053114153,-30.801838575099143,-0.04168825529983994,0
7423,97.92021988056734,4.658705888768476,5.779200403767142,-38.275957649970586,0.2124434579131229,0
7424,47.39641594888057,6.2536847411477305,4.229362314935297,-36.737027133401504,0.07787477976071705,0
7425,99.18515234529117,2.009316725452632,5.197887543971047,-40.425795143282485,-0.1363917295719194,0
7426,86.08655866972381,5.092138772645091,5.398497279487371,-35.390265021250805,-0.09189225424615019,0
7427,72.50079027215922,9.005192169871634,2.395934992977062,-43.67130595452863,-0.4709017303449768,0
7428,102.3105741676981,9.21462153301039,2.515082474013716,-40.818687680554525,-0.6831580160409221,0
7429,68.48569314610535,8.460001790649528,-1.4005168480602344,-43.20817841976403,-0.6426429200344148,0
7430,100.7853822196071,8.19171452141965,-1.3915051718583449,-39.210541327145854,-0.7436750096516186,0
7431,70.9008804576226,10.769480412856115,-1.0325723923383916,-39.164142076125714,-0.5937265572040131,0
7432,106.95841665358606,11.619406039721511,-3.0759633514834253,-47.18842475007769,-0.281840746627776,0
7433,76.64386906835098,7.829593959457263,-0.8930714297484177,-40.179835125298254,-0.6461727009696645,0
7434,82.55865851095022,6.432717775199054,-3.080536482576975,-50.12309670867189,-0.23033013851295597,0
7435,92.99002723261839,8.093902155932664,-3.312080373638021,-32.29000643175266,0.17613405270863045,0
7436,66.32231314778369,15.06920022790786,-4.7358874247549005,-46.30033076181971,0.34732994980860143,0
7437,74.4589409641434,5.956234023526621,-5.951370341103555,-38.97225861411253,0.1330807594895211,0
7438,38.43112423774618,8.35027330831566,-5.511006289141609,-43.67063966446284,0.8245563408329021,1
7439,73.7282546707049,6.639150620660635,-4.582826112054835,-43.907533817558985,0.2499004847360348,0
7440,88.20142870642385,9.863585586391254,-5.127288352682863,-51.36887464426535,0.4517285450689279,0
7441,100.01114913694897,7.334170600090459,-3.2913703100956253,-41.72507961717047,0.25613212176650946,0
7442,36.81285211306617,9.62320160007293,-2.5663617657818567,-46.08445084954241,0.5257867470602116,0
7443,41.22648598677207,6.017067679387644,-2.457335249409232,-44.34386020531879,0.9091639104470453,1
7444,-19.931608211962086,11.204265703089009,-3.3743266680352995,-47.496325201718484,0.5962502043892428,0
7445,35.79741542586832,12.440563890185407,1.1414597711333836,-46.72191673745577,0.2550409088342814,0
7446,11.271743198923707,9.22985065975942,0.21222506426272408,-52.1184202665429,-0.1851366525925802,0
7447,-23.88455874935528,9.704353278333336,4.115458313642648,-48.7383755337233,-0.2409412387655791,0
7448,0.7266037562190775,9.599742881067476,2.983941080215608,-50.34553511693635,-0.10933907048282004,0
7449,-38.67768613426944,10.215511519320305,2.9537282503436124,-52.02681619753223,-0.2781352450858493,0
7450,-51.98421877551908,9.679854727558128,4.3176570761147035,-48.059803706250165,-0.4687059465453917,0
7451,-42.124686714760784,11.17054613514683,2.402423437642362,-47.129477498400426,-0.470810409310088,0
7452,-81.19026159391494,11.95442806285888,5.823445530545905,-47.8869541893109,-0.2573647793482685,0
7453,-47.183730160673974,7.690528983591317,7.548585200507891,-49.82686450211678,-0.13529079007455103,1
7454,-95.75347656484323,8.5070442501446,2.8781489004860656,-47.41503597607835,-0.5882057829921462,0
7455,-101.9065159371907,10.713160440144538,4.467677916072058,-48.39499334171419,-0.10901224314645455,0
7456,-104.56257550905158,5.828533589120297,4.247883044483321,-49.233569865183185,0.1086501950622922,0
7457,-75.77917029327187,4.470704101500896,4.653034847259448,-48.98595445443378,0.034641941151618824,0
7458,-106.99613569003986,8.584027565240977,5.157757730724795,-43.97727225245151,0.5323333198706572,0
7459,-124.36618385411484,8.82301322143736,2.5869750974778025,-55.973276405658275,0.32957948881795895,0
7460,-111.29225663932031,6.065073040195709,3.410325485930842,-51.576532347612066,0.72480122007747,1
7461,-100.60093217500132,6.012954052090191,0.45283439142887694,-48.308328601124856,0.4245362998944834,0
7462,-123.36219443094117,5.292532354873897,-0.26356448699276386,-57.908532288358614,0.5403381223784142,0
7463,-121.56243039955115,4.7046986132941075,-1.3556386324861989,-43.0575842164998,0.4825410010453379,0
7464,-54.10447771565389,7.4350798072210385,-1.3653295579710765,-48.652083575303855,0.6753742681344529,0
7465,-110.38080709456514,3.281513195414284,-3.8066246590156907,-45.07736064909551,0.36818294449976685,0
7466,-95.5385221779369,4.691783113079095,-3.2297695972937057,-44.178812512755435,-0.014061386782345198,0
7467,-91.44055592118954,2.9794208153591235,-5.781222484925907,-47.61119931022267,-0.12641907025819787,0
7468,-86.70083556919539,1.4348067747857454,-5.155888385851758,-60.712405807964345,-0.2702091163067659,0
7469,-59.242563192289346,5.6301714534972085,-5.634879587920524,-48.66712038379948,-0.3350798044351533,0
7470,-45.38633962697712,2.384872525089146,-4.83766618175154,-48.182549558649214,-0.6212313816309007,0
7471,-62.50503199003037,3.3275514717432624,-4.972830030869619,-54.49301440089138,-0.5035113909989417,0
7472,-72.58886410689335,-0.5467072488320919,-3.070089191608383,-57.80412158539871,-0.2250298918635006,0
7473,-13.365654544533179,0.49816647791006874,-4.4588342163299055,-46.324939815908536,-0.20077212942923028,0
7474,-31.36822074014388,3.0018679402318464,-4.546695368679051,-54.63731737818921,-0.7037476531971328,0
7475,14.83246612555023,6.1681584293214184,-3.2956362707454807,-37.82300310838224,-0.6257849626377856,0
7476,-54.80068440471931,-3.457376793690543,0.010118572500332212,-46.53387481133169,-0.2650266911281036,0
7477,4.002908974372321,-0.4069578185473818,-0.9600728927114967,-40.79233551355213,-0.35439826909419747,0
7478,48.44983457297281,0.320033258360078,1.4004846754154505,-47.07539066126624,-0.10355887729008662,0
7479,12.894595407384188,-2.235252897272135,1.6610364627889624,-43.13593522192999,0.35373605415400355,0
7480,25.132747365864333,0.19997383942589053,3.6552791973651577,-46.2709745828649,0.3849696074387197,0
7481,44.93940816193168,-3.7248061250165656,3.362616176783221,-41.13448016713007,0.12234549059450878,0
7482,36.84984984141658,-2.1709387975072287,6.976820341245745,-55.960590584242226,0.7328527034395665,1
7483,50.301061886197914,-4.003875966734644,6.561740825731488,-40.91647115248968,0.40220641377866106,1
7484,57.73797897675853,-0.9945702426301546,4.613641649906315,-41.58352658324235,0.3272291484787179,0
7485,59.25324097000077,-5.251279872487842,4.545447493032835,-45.25027235437333,0.5399923210339339,0
7486,102.9687430516212,-5.0576725700271234,7.999400657919997,-46.05970895075433,0.294578738169306,0
7487,93.41986600786217,-2.9070384685338984,3.463681069109802,-45.02617127448375,0.06066713885603722,0
7488,94.17628168340552,-7.286991885396253,3.981869588581996,-41.61618399092244,-0.17919497971538728,0
7489,109.40965447147659,-5.512837915155313,3.392764972068342,-36.44196938664222,-0.1086109570155578,0
7490,91.09402934493676,-9.700707275094587,2.5670372050514443,-44.64825532623656,-0.43147695435108124,0
7491,83.07697276573269,-8.621670121265227,-0.07271044438155339,-49.93449745654584,-0.4821571477550225,0
7492,87.7036767413001,-6.055594117410557,1.1928116455988227,-28.434540080462966,-0.7243621175715679,0
7493,99.99020675245357,-9.158259063489423,-1.271688560916493,-36.915012746814305,-0.26944373946751926,0
7494,77.96998207731691,-8.605078860816823,0.14911636304924136,-41.62827559002489,-0.15184858146827945,0
7495,87.35795007476557,-6.850043227554602,-3.677068539125046,-33.111447517209,-0.34309907912216314,0
7496,84.27697111607603,-9.295284889369233,-3.0073199175709524,-33.75505344378858,-0.37138380046005814,0
7497,133.3813571223592,-6.771586992172018,-6.006325766318622,-35.31458402831103,0.04874876728145272,0
7498,30.796717140293133,-8.245265300945517,-6.516904582702446,-39.49861740574309,0.1275595668092925,0
7499,77.20139346685629,-8.042857430872925,-5.600268651039435,-33.09926455121984,0.06836800268901458,0
7500,109.02117088549807,-6.6476443193500385,-5.6677198668702955,-30.296027362994685,0.5206078906462126,0
7501,69.91323918298383,-8.68246206950334,-3.514257790416192,-43.637832426214494,0.3128064354023723,0
7502,74.83955285640006,-6.413645876070408,-4.832514203598929,-33.19462661785689,0.21226576842919165,0
7503,53.465369071097065,-7.8143247450630975,-3.120414807356542,-32.09212939373042,0.48618803059257937,0
7504,29.30555486228394,-10.805175920433552,-4.237582367831276,-31.505098224978124,0.7014652663319402,1
7505,-11.42888339417835,-7.269006064705296,-2.542886511664457,-31.84390331923514,0.4471126237946009,0
7506,27.94194581231529,-9.39996820393057,-3.0400833685464135,-25.370966393836817,0.09589126289431246,0
7507,-1.4940330248418316,-10.764643613678075,-2.181441358958492,-31.571906689419723,0.12413729359187144,0
7508,-11.943406272595436,-9.44116374087259,-2.2268447512806437,-29.73103380196338,0.30007835716561493,0
7509,-15.911839654310247,-7.770942786886282,0.9279187829904905,-27.32867805021034,-0.03379902004559727,0
7510,19.029008740015712,-9.058183765851675,1.8287998638813119,-28.975687945776123,-0.23380798985938916,0
7511,22.450956597721333,-6.271250314393489,3.2561209557408635,-34.18244850000093,-0.377034712565368,0
7512,-30.822966052946843,-7.665951963081758,3.5069957195121106,-25.337993291266972,-0.22454719189139158,0
7513,-53.632421551575185,-8.691077702819946,6.000298035002794,-24.426999811028704,-0.287809058337297,1
7514,-76.60855627396272,-11.663580202566108,4.673719411883787,-26.51552392117644,-0.7773616654233293,0
7515,-51.889977319215355,-9.820931728014314,5.833799429151162,-24.476814362744847,-0.2711169647149288,0
7516,-33.18732370490619,-9.144512344089097,4.669110399009995,-38.83060646591889,-0.27678437524141314,0
7517,-80.6890177664832,-7.697736780206937,4.036932311171227,-15.996068312306614,0.05151231632840342,0
7518,-129.4621140352815,-7.596770094194225,5.418122793728241,-16.63097602534638,-0.14406916941462986,0
7519,-73.80304317014115,-8.290617780111008,4.178913697496681,-26.914856983784762,0.2452798612437632,0
7520,-71.94657185573068,-8.125691441361292,4.497584642276664,-22.684521472471353,0.25886737284770067,0
7521,-126.90622624338666,-6.6412585324833096,3.2698244730601362,-11.13833999141372,0.07440253346599268,0
7522,-94.24327695890261,-9.494924602722616,1.2589338222482496,-23.221609598873265,0.6068564922672592,0
7523,-90.35517240273848,-4.062860011986478,2.1795395869998613,-14.114493471876738,0.6342008190974908,0
7524,-101.45560181978358,-11.205734072622187,-0.7567945886624551,-18.01969878457022,0.369720252716383,0
7525,-115.42353565874892,-3.840315192550596,-0.25564529799375835,-12.555509918258508,0.5403596816566368,0
7526,-77.90878292144117,-6.464364748874445,-0.5596058200939276,-13.396291855281671,0.8436634093269788,1
7527,-103.93307544375156,-3.975761933892077,-3.112653631597761,-14.098444796001392,0.22745404779158193,0
7528,-122.24930071755689,-4.845219375158826,-2.3501471058762182,-9.769907206741264,0.34229729028669265,0
7529,-129.29047929761657,-4.458880754932209,-3.7468286921515106,-13.203298575158978,-0.16651376922321898,0
7530,-57.95713700540829,-3.607615266331825,-3.7655797498884667,-18.6804780017276,-0.21088718986007746,0
7531,-64.88293730981435,-2.6514024274039234,-5.743271129833299,-13.415272376418665,-0.07535125787518543,0
7532,-68.72731641612536,-4.469887891952968,-4.785599829985489,-13.029791005362007,-0.3055542672646441,0
7533,-71.85856993574238,-1.2758146306971185,-6.3020357579957125,-14.821814423589865,-0.48468462771542975,0
7534,-65.56932981801272,-5.039179001906238,-2.8816017985183424,-3.9622186585019126,-0.15178416160203118,0
7535,-67.89094331463508,-2.398549664804602,-6.1227439797605,-5.678729189407029,-0.6805181354019691,0
7536,-45.928796285005234,-0.22763095530385424,-3.8155380986567313,-2.048941259324077,-0.484903503281989,0
7537,-70.25221463738067,0.5835300074195886,-3.606564866277126,-0.21711325465282405,-0.2761981896248724,0
7538,-32.84425765207141,0.01165372713263857,-1.1075877713541946,1.9603790172355315,-0.43424156780313816,0
7539,-14.433170286158745,-1.1978533268353742,1.105280050556985,1.212277167057756,-0.020261689048338166,0
7540,13.973821377129912,1.8822300813261956,0.832509120295863,-4.72041197312652,0.2415671882000109,0
7541,10.950584150894645,-0.7502569681932206,4.128057522330897,4.0751501365928,0.15007255907508532,0
7542,37.5030754233777,4.589483760694615,0.7314978621417321,3.2859667125671788,0.16684899496432767,0
7543,58.226948822621736,1.4127978232414908,1.6668214816066722,14.126016670162416,0.34517422096407246,0
7544,61.73509998606672,-1.005592290210295,2.8151339402022035,4.2123640771410455,-0.0606732672500187,0
7545,58.90396745008666,0.17062857432405432,4.421899272238661,7.082881856364949,0.7011481117802829,1
7546,58.15857108467644,3.1272205407164155,3.694685080302948,5.687798149292818,0.5330998030095112,0
7547,46.15437367310594,3.7919233162086727,4.20266199056425,7.397484024190273,0.3822616270978841,0
7548,87.76067777265223,7.915146797280489,5.610012264777427,8.048155471100507,-0.015744226309057585,0
7549,113.0193971380717,2.352457892977149,3.5866440881878456,6.9530654509713585,0.41111712422646346,0
7550,91.93564019011029,4.950932773036137,3.3365171347506393,10.994262359557263,-0.043425072906492494,0
7551,128.2575459514537,3.1835398828441828,3.536878212945229,14.193564157342761,0.007989100273347954,0
7552,63.32139779768869,4.734194117846511,2.9397850578050115,9.960062668833237,-0.24710734121526767,0
7553,73.73248659937522,9.490273230776335,3.433717870839449,17.203473749537885,-0.6857077065720139,0
7554,115.93535577210471,4.237179436210814,0.6059110741834457,17.559960127035605,-0.19451731934776995,0
7555,105.14521120610318,8.055188203102194,-0.19094192049833736,10.544303215069924,-0.27796845381427543,0
7556,126.1653697347312,8.020970370661402,0.11269238318769081,11.078393794762835,-0.34223825823812204,0
7557,98.61254746394685,7.522780976446926,-0.6472025437482672,19.08247884702452,-0.38921444450273096,0
7558,79.60633017541778,8.927041385469694,-0.9417405490486426,14.842165885043714,-0.6084263040311932,0
7559,89.7689815224798,5.865455372853345,-2.7287098501940372,13.482312836180334,-0.0789289395863095,0
7560,59.522549637582685,11.775009672582561,-3.7673439350408238,28.218890468929036,0.3270616909873366,0
7561,62.838787211159215,12.567772662930206,-3.867158060369248,15.718449082794802,0.058250506127889144,0
7562,99.24045775956756,9.046217420016958,-5.077001390134309,13.839573568855325,0.20799390743495086,0
7563,90.83105214890588,14.009771279595004,-5.26000517643208,18.43796503868097,0.09016595749450376,0
7564,73.48597383242766,8.554150023880975,-6.7362512015764215,24.404611845825123,-0.001607697652535267,0
7565,23.993214811008237,10.31834109912333,-3.8478033415344575,24.494771921905716,0.4057427286402561,0
7566,42.85190978903639,12.522737727217677,-4.119821310460448,34.43406886115502,0.796333513968239,1
7567,16.625416476434413,8.858290798770444,-2.9716274707901773,22.0170282791826,0.7465221551477166,1
7568,55.350600730804004,7.106106063105421,-5.832416200073446,27.89042310827634,0.39978148091946225,0
7569,10.52208011041686,6.71400664060463,-2.211383831894978,33.19205007026605,0.39710188526484375,0
7570,-9.363624625770255,14.102492064015156,-2.0815569502886575,25.08347146591017,-0.0621709299621338,0
7571,2.978649298014787,8.941240899879741,1.263157553106866,32.71476578687065,0.05795908633222266,0
7572,-20.41277414590379,9.621274921294525,1.3729789356937423,20.841205211756783,-0.2181501910020293,0
7573,12.148815647249382,7.735701871466088,1.959714955609987,39.58974895836807,-0.2411899961888018,0
7574,-41.96354343139994,11.80149227938128,2.1914746756623065,36.55136263421508,-0.42339367329938055,0
7575,-64.72070748626555,8.260520818914,3.813957071173273,28.94316579749791,-0.5103892705457366,0
7576,-88.89617404746565,8.735387313390381,3.14568925677421,37.251658444543146,-0.2956674992155215,0
7577,-55.09739802902901,10.18693731646486,4.468863127721886,40.41127223804453,-0.10100981423107996,0
7578,-73.81967168914564,7.305822984146771,4.302803472175609,28.131265315201688,-0.4824233921424544,0
7579,-98.6332736144344,8.899188786606112,7.265638178637936,32.2906398506468,-0.07947803021600414,1
7580,-53.04479611506338,11.860074928939515,6.387777668427666,42.72175198475897,-0.49374487289891267,1
7581,-69.49091302518059,9.688832545984404,5.703500425308999,37.01560887868058,-0.12418392728174898,0
7582,-88.57899609476637,8.848000127233,2.687764733286656,39.53131396717876,-0.21583402694550868,0
7583,-65.0275230005797,8.749773935852835,4.413288986150486,38.35876829365677,0.12619562466421683,0
7584,-82.44036513250987,7.254107521223898,2.966361979556156,43.107322774802704,0.4602186722753136,0
7585,-114.56912804928233,11.716938787837654,3.1209410613722555,41.84117372896438,0.6408925201051916,0
7586,-120.33703474457305,5.773268759950975,1.2630150579168653,40.418528733053314,0.3242832277673837,0
7587,-83.63892503565302,7.473894112672482,-0.06045821193307311,29.973951616436754,0.5915483219987119,0
7588,-91.51798873968318,6.918925257316247,-0.8121742922661799,44.26124802399342,0.7212228790406328,1
7589,-94.50351961010405,8.326512772969632,-3.8021108547188387,45.26975584013766,0.625608175268724,0
7590,-112.30340892642342,8.119680086624374,-3.634806549565304,35.971563813069885,0.3562416840700283,0
7591,-79.73653941365991,5.438858799477526,-3.250679132940894,36.84010371466821,0.05580542049451015,0
7592,-102.60931693418213,5.660039218924254,-3.0967596787653435,45.797852643184214,-0.11044383028275784,0
7593,-84.26865640653973,5.298891444129863,-5.22989266470784,44.6759630467554,-0.2899663571204165,0
7594,-47.198020209597274,-0.3509478086620632,-4.976905046188016,34.307366685357195,-0.2656707713685573,0
7595,-82.50083290758415,0.5563887087920225,-6.5970025717949685,40.530551018358345,-0.5387248633466747,0
7596,-93.19891408044131,2.0559389686083787,-3.3974361166147906,46.65134430910235,-0.3198145100853947,0
7597,-74.62817655587324,1.6664039686626688,-3.410118826837681,48.88895018550305,-0.4504021289688667,0
7598,-24.994033965160806,-0.09240110165503213,-3.3585195249831434,42.98920514599375,-0.4558007703854357,0
7599,-30.639739302205022,3.3161270975484927,-2.9306866917856116,45.56039049973226,-0.812848936345637,0
7600,-28.809215241098975,1.3274555507332297,-0.9787592411022672,42.26926565896999,-0.3518189918379352,0
7601,-26.648751238763833,0.396779010168338,-2.4292194502305833,53.63533201520018,-0.32989654043536276,0
7602,3.169647126421933,-2.1852580378313573,-1.5655181021385043,48.21953683038158,0.33577908373823895,0
7603,-13.525002887744566,-0.2619702720170613,1.4070225504000091,44.320097820139694,-0.20421573090506875,0
7604,19.530508519809423,-5.925750998911235,2.3239013508977404,42.16991308454625,0.15534228166265573,0
7605,8.618148586828163,-1.496114448363881,1.067171111571336,41.89068448387759,0.40015406482210214,0
7606,14.883856303209633,-1.5387299338378893,2.5702598972661237,57.53730660104846,0.227198607754884,0
7607,29.353002468582318,-1.6720008714988668,5.508014198247561,47.84699429390883,0.8679256237675215,1
7608,43.43963261945264,-5.7693794814235275,4.79564135206743,46.93248340220321,0.8894864391806941,1
7609,58.30716182236549,-2.670286031016802,5.561413288650047,48.05983373549754,0.300859715226506,0
7610,71.73650771642389,-5.673727420124757,3.8151486228102565,46.15131806641555,0.2847851654953763,0
7611,0.33400371610608204,-5.677774628862084,5.632477620323239,48.92390843120746,0.7271010363986832,1
7612,64.28182032987861,-3.0688122997787812,3.3595587170818875,49.77041388921146,0.44478817762270784,0
7613,78.13327562985575,-0.9170283901621774,2.4120184181617477,49.787762859003315,-0.054944287154637464,0
7614,120.73682902308059,-5.270758520581104,4.556314471926155,43.49684509676448,-0.0432872650382435,0
7615,72.80084831954372,-7.422456265128015,4.548916707316292,54.34915461272828,-0.5438450806800337,0
7616,100.47892249258231,-5.811246113589814,2.0215023359442674,47.17941403439109,0.05972885863757188,0
7617,128.974265988961,-4.695382109806059,0.7988460349641355,46.688128933080435,-0.4442556542215737,0
7618,73.67504759969225,-5.699868531572994,2.072716956735394,46.47955814365508,-0.37993411844858926,0
7619,107.67616944760465,-1.806710112999494,-0.830870032154202,44.73357350919536,-0.6778838985770625,0
7620,82.61633969571429,-9.056454649167218,-1.6744515821565351,51.312166343634054,-0.66806780809582,0
7621,86.44841711642111,-7.435099726842321,-0.8231887186396851,54.40534531633739,-0.2612265431297068,0
7622,77.39358419229598,-5.1356651836751475,-3.678843179071956,46.25277529045671,0.15261338124222154,0
7623,74.79958414227448,-5.534541555503315,-4.654830838757691,40.569431962045854,-0.19734079623036832,0
7624,138.96228046254058,-12.659112101831166,-3.7013404691527247,44.546914045678044,-0.13569237684907665,0
7625,95.65592589685718,-8.99587487905841,-5.564677807884397,47.31861109962604,0.2651566435038107,0
7626,94.25732472891337,-6.227853279843751,-5.1399294664823625,43.26059474576945,0.6573369582233598,0
7627,74.79657224689892,-3.6003565559269433,-6.257844844092309,46.26207686511866,0.29847961922766664,0
7628,24.916675859458834,-8.135349273930808,-4.499757632465409,46.31636355853874,0.43444692684661745,0
7629,56.456137225026936,-10.41611375079667,-4.176743378241272,48.79518099441041,0.6668061819861227,0
7630,61.04557102822054,-11.81204366378928,-2.6672783253890646,41.376943797970924,0.6586119817247336,0
7631,13.153450170958646,-5.444921846394184,-2.0235719147792945,51.31190798066014,0.3412282195045345,0
7632,39.860471273510086,-8.488995716320984,-1.4599907549211366,56.45629630469344,0.510271702945384,0
7633,24.76779225234486,-11.681822053622884,-0.6677408758459438,55.018189335219574,0.26353258764918136,0
7634,37.742277375195854,-10.4062512230654,-0.14340003574832905,44.65423526492171,0.01375968245104032,0
7635,-17.640784268779534,-9.368821108927527,1.5340571901813913,50.60055535271576,0.042815430117925046,0
7636,-41.131170271523644,-8.865868703911072,0.7699592444429366,49.672469840215335,-0.12065403305798103,0
7637,-36.11370968602499,-11.692128674525254,0.4160745242578505,46.34872840512335,-0.5944390361102236,0
7638,-9.58335362889877,-11.035954467150656,4.699474002348421,47.07790991389842,-0.16540137289739099,0
7639,-83.89388838444285,-13.003611200719932,4.843201320888921,49.21615164378443,-0.4288129057156096,0
7640,-97.25141889395694,-7.484146637135453,4.507332449001263,49.807542870429984,-0.21408377345694402,0
7641,-62.095759322592684,-10.088933092879328,5.989399846930379,40.90387806028967,-0.4264620966618815,0
7642,-80.0969066100354,-8.291568461959303,4.267926966241022,48.254287559684236,-0.2958873973088606,0
7643,-77.74016104829195,-6.175154618636217,4.179203722245731,52.38392872096315,-0.14337744813065492,0
7644,-64.85978336154528,-8.352846744768664,3.731092976666271,47.98068974829502,0.02840935759098659,0
7645,-99.85174321274305,-8.769466486659677,4.650987111460462,50.75283421763473,0.37410554000553664,0
7646,-130.40754660652945,-7.885266721783558,1.8457506129312047,29.63643332634781,0.30506429974532456,0
7647,-55.27617254536497,-7.855628143004201,1.8703988416050694,44.99906484843704,0.3305712341638493,0
7648,-118.36788621731,-5.178640148678458,2.030583991459326,42.79145766201242,0.6324397464433398,0
7649,-120.87816640424919,-6.719074712689389,-0.4291765399967209,46.038719048168495,0.5725227509456825,0
7650,-77.9009834803663,-8.08098685447788,-0.8821260912052717,34.6918982508823,1.0899992526879902,1
7651,-106.94420497944999,-4.530443188514402,-3.4213303927269765,37.18992958261707,0.5250653018279334,0
7652,-98.80954102206108,-3.782567174122985,-1.543673870448039,43.60803698466593,0.6405074820529829,0
7653,-85.19865806005527,-8.521986136879931,-3.6913404121806015,33.176087190829534,0.460480625120014,0
7654,-69.5477606239457,-2.366935842080355,-4.837070893001893,39.0396886647259,-0.2602004519379379,0
7655,-93.34216437632251,-4.27668036374179,-5.618082915057536,37.08198111970967,-0.1452427750206342,0
7656,-50.861430749683024,-4.0006516557603975,-5.154197480008896,35.51071118261017,-0.2336232411439598,0
7657,-117.75206043417433,-2.10361433841264,-6.540254597865298,38.66295255085243,-0.580503501611545,0
7658,-52.86617576946331,-4.7901984141834015,-3.0440908819251975,29.516730920483504,-0.46939670546067763,0
7659,-77.19827650648283,-1.2781599244176454,-7.198791878870291,30.474389240214997,-0.7394861103664598,0
7660,-24.70452982806477,-3.4623186500097645,-4.900322241396253,32.945717931183616,-0.7204264184273784,0
7661,-40.53023227422994,-5.174177319111366,-3.801056371814198,26.88958250640783,-0.43908352309415455,0
7662,-47.61704426869811,-3.7297372355424923,-3.985804350213887,38.29047800863838,-0.0487889123046476,0
7663,-11.348626732405984,-0.10579507063353377,-2.172766126290965,27.36955405540857,-0.6117301258099955,0
7664,3.0576568958376633,-2.633290524395097,-2.2638936041962605,34.51001355062369,-0.45869691977826377,0
7665,7.9790487107387875,2.9771387920077625,1.0447849711214197,25.403593885029004,-0.1792009668685407,0
7666,-15.45693437653306,2.63550124961953,-0.6058562119766674,32.49292927273512,0.047348373777444136,0
7667,5.401144996073871,3.423118269869923,-0.8603253649806686,20.10694430103213,-0.08906502490951151,0
7668,24.79383854096576,1.5032124862202008,1.110839078711587,34.36224901000924,0.20252775485550062,0
7669,33.59536431747974,2.263660465090588,3.6182213167786847,32.151894057290015,0.27645701456354776,0
7670,58.6168101350017,-0.14957350712128958,3.807351036290106,22.859778379512,0.5519874167949748,0
7671,12.089363620292744,4.713736732495837,5.214468853789254,20.630710911370336,0.5833886414895115,0
7672,67.31597953905504,3.9593521264667437,5.323241840042236,26.174241550374845,0.4331503643544897,0
7673,62.46607222926746,4.803814424511672,4.352160271950226,15.371459021842815,0.3121681690283955,0
7674,58.44985955839077,7.5061736573167455,4.467427140572441,22.283311218458167,0.13516559130621422,0
7675,66.57273680323867,3.3676492025413376,4.341651433589137,17.170325737998073,0.15205276141872387,0
7676,82.52077311172287,4.765870653778164,6.193346083519307,19.026951439905858,-0.20150944217452657,0
7677,19.31148628060869,6.097531408733695,4.410055873325155,16.161373134473706,0.1556879412553671,0
7678,80.91648789423162,3.9857469282134907,4.872879911168658,14.463136810527002,-0.587072488178417,0
7679,80.08644188627872,5.879209775778493,2.9650810799948006,26.045932002345815,-0.5268045471317236,0
7680,109.94364733608805,7.622463957153535,1.1191378029328984,20.484651319273393,-0.29462240979469356,0
7681,83.87064156247065,6.351290756777136,-0.8253721607966926,8.23595912762059,-0.5788805599436966,0
7682,95.37311241897372,9.96817939567594,-0.6009566165942009,10.303293249389203,-0.351060989862274,0
7683,129.21921065249794,4.658047055748551,-1.8278188766591308,18.010818906299995,-0.08495509670399659,0
7684,115.976080898915,10.235938522178197,-2.75462769769713,17.602732218520494,-0.1664443610834463,0
7685,110.88976087500905,9.603295024885705,-3.6580253053418375,4.86450521202814,-0.4483893643544301,0
7686,78.67449675761057,7.4130969361167836,-6.151836947091461,14.308847814265393,-0.2951707397316456,0
7687,94.47422267426066,6.9503945786148105,-3.325553319447165,11.162547846769842,0.04760003148188879,0
7688,73.04181357874128,4.8651106376879225,-4.941020500534525,-0.8533036936688596,0.31549492670891693,0
7689,67.12754762663832,7.639230515243863,-6.414022529016581,5.853159504858674,0.589650738750918,0
7690,71.86285873018643,11.504769373298476,-4.4278840767740775,6.199285925920617,0.28184089091422126,0
7691,43.712858982792596,9.455558994648008,-5.479628203248569,6.130763996089598,0.3930719266269855,0
7692,76.94030804671169,12.027092248561582,-3.5914606632638453,-1.708761749246956,0.4473622710689308,0
7693,34.83474811757445,8.570540613132973,-2.636163101479326,0.08296428890947549,0.40634919237465256,0
7694,40.98161054960035,11.30912674340991,-1.7221569822645226,-0.21434642567852968,0.6814870138592433,0
7695,48.01755150605045,8.519816754956404,-2.017377456995484,-0.7768359682420078,0.2492593079535733,0
7696,29.640862183362074,8.05868163210318,-1.3108944848469442,-1.6930348654065916,0.16426564478860942,0
7697,-29.15835341804453,9.785625519071546,-0.5275459295017303,-0.7611631968352358,0.16759897224692583,0
7698,-2.060019970193002,8.655000747616208,0.366638880912287,0.4502726183178152,0.1564800882125122,0
7699,-3.812028394346079,6.8593861546524115,2.0197446774962837,6.7737454999128754,-0.30136893688121086,0
7700,-12.649543586294058,9.51564033690348,2.6942036967425613,1.258426904929967,-0.1487921596722967,0
7701,-62.108474389497374,10.003684328009776,2.829059714125183,2.490904710068505,-0.10558982567517466,0
7702,-61.94096225900153,12.21360254016828,3.115707605029405,-7.4929487269577635,-0.5216395806446398,0
7703,-37.37917657336675,11.412381319802712,4.58605257671739,-11.102508517148465,-0.5961017447598311,0
7704,-80.40340615230215,11.816699055144216,4.508760154869128,-3.0670557762894024,0.013415356833618386,0
7705,-78.40883822232334,10.632133196315682,3.852679775371251,-8.143696663000267,-0.10253123099238473,0
7706,-47.420573335029175,9.648275501577757,5.676609853671808,-5.396287823195612,-0.19781167682037484,0
7707,-85.62852367172421,6.294339008205954,6.276927406671946,-14.440993776942548,0.07401341461137165,1
7708,-104.09645054235382,8.799276040511995,4.946625143526341,-7.764211327014958,-0.11564280198412429,0
7709,-111.1068804593886,9.419177620153677,2.5842202115361266,-12.85654572777084,0.4562286464385008,0
7710,-89.95894629493934,10.845964693724628,2.4428135040968924,-15.253212733347826,-0.005602077038018072,0
7711,-125.36976413462195,8.989341016382493,3.122717341167827,-15.745716844062999,0.6569336946189808,0
7712,-104.76074856435268,9.76416799696649,-0.5652468973924466,-12.41743654466509,0.3473098824711323,0
7713,-93.25933512147144,4.867837830164534,0.3929551371001099,-11.950615021079088,0.16580531161385997,0
7714,-73.05245890898446,5.910104871735101,-2.8202822158945917,-18.598782045610253,0.056876948322515275,0
7715,-83.80647367841833,7.0363441300936165,-0.6160151542690808,-15.983845308144613,0.2816562396122788,0
7716,-108.58995263394252,8.098809773492743,-3.5665252342321376,-16.932913750138006,0.40517820224540624,0
7717,-66.94917805225909,5.071269537139952,-1.618294088636202,-15.869458143390966,-0.15244327967757046,0
7718,-91.81235770132574,4.768255822590956,-2.6770199005628377,-15.54288900271286,-0.2702134456987189,0
7719,-104.98310431415881,5.866518964748143,-4.893643308788806,-12.329489845384872,-0.2685136861113254,0
7720,-77.35483622831929,1.788359053936027,-5.6978962049395605,-24.611026573409383,-0.1395735697691723,0
7721,-38.05706584429312,6.79267401562992,-4.776516673631489,-15.87578922881466,-0.21909790591553233,0
7722,-55.75444184293663,1.348414138550547,-4.946062695839696,-23.47186091164511,-0.445918000623569,0
7723,-50.45749810255761,-1.209436211450793,-4.772080734445351,-30.40301030149182,-0.303175011951733,0
7724,-9.105738111420742,2.162364975527608,-5.458998475014174,-29.043226922822495,-0.343633659439754,0
7725,-61.20095248637581,5.048282224304879,-3.5942809543155425,-24.31248813173487,-0.502879918353605,0
7726,-48.684255169018265,2.329277389257003,-3.346269631014944,-23.864312853151016,-0.13843557100463966,0
7727,-45.458088292902204,2.1606681980380484,-0.7510720292719779,-33.39429049625035,-0.4494141854375332,0
7728,4.274220986007933,0.24172874523939186,0.6733576793541212,-32.95088249255228,0.04968037709894653,0
7729,10.145296875423062,-0.6457249755910528,1.4206427052477406,-32.60390229453614,-0.13160451870661966,0
7730,47.59624118844512,-3.929863674529337,1.9928983218299825,-35.05004199207937,0.2702982499190658,0
7731,31.36981922301625,-5.85579273059504,1.7023795432003408,-40.916216835192614,0.6039977167481463,0
7732,27.91119591370493,-1.4381089631182018,3.563579547600764,-43.38234455358919,0.4892867347436338,0
7733,45.16461444568963,0.3053870041812794,4.819956092887512,-34.951881791156694,0.49059683582548475,0
7734,56.16633201960807,-2.1147036489633706,3.9494161544772286,-32.526303292506185,0.540735593664694,0
7735,28.5227512949861,-2.0320257107478237,4.982276808551826,-31.23911100440501,0.5863441170258105,0
7736,123.69133913619989,-0.5798470256807757,4.8515834154314925,-42.045242350235476,0.7981093857757686,1
7737,86.71458788323764,-3.548439512440141,6.5939498766063505,-42.662707550475304,0.3862559540498681,0
7738,86.58725904257797,-4.899461771690095,5.521062884602567,-39.2637210365362,0.016876914461803283,0
7739,99.9371133300981,-6.727746583035174,4.830447085878317,-37.28078267118126,-0.07322422728455664,0
7740,106.19318572077196,-1.4700931552049745,1.8880770544064656,-32.91208534756886,-0.35777904422152496,0
7741,92.64574565494648,-4.871460608459103,3.0173805935604294,-35.01069952626292,-0.5556010894565941,0
7742,85.33006895083685,-8.206989179254725,1.815899352717499,-41.06632804131312,-0.8969577315212721,0
7743,111.46324881469936,-9.041554490580381,0.8550511128922554,-38.038597624000715,-0.5688265638552605,0
7744,107.71388163631674,-4.5557805496803665,-1.53752248960921,-44.653322085777,-0.780872439996662,0
7745,83.32812898587866,-9.481829152676484,-2.05572707128749,-40.643975143692934,-0.4593908597105636,0
7746,126.43847913366065,-4.025801694240558,-1.9912359202274674,-41.89149268422563,-0.5167431694429544,0
7747,101.4768827780835,-13.553590205301795,-1.6874499876330056,-35.10490587092971,-0.5309421077722145,0
7748,106.80300250491653,-5.482571343385159,-4.159218514890617,-40.18883299670494,-0.6054941821968183,0
7749,115.72050820088306,-7.620254177152977,-4.593248285458903,-47.02366266698844,-0.10910918863666785,0
7750,83.11725326051568,-8.601656380067471,-2.869659157033297,-47.46837326779579,-0.24066124696528177,0
7751,82.98979736447372,-9.412471013085495,-5.219604363303713,-45.809452847508545,0.39029542533025147,0
7752,86.05671335366733,-5.4801541964433165,-5.1273465372337865,-52.427064240056986,0.41704200349348647,0
7753,47.866378521189745,-8.024406716079561,-4.990300140411526,-46.197733844417975,0.40500296946125103,0
7754,55.32894858925141,-11.398250794329748,-5.902705776732782,-46.19080728561385,0.7845827110948927,1
7755,48.101174962480876,-13.159008018647565,-3.485866570829238,-43.54656772802473,0.4963029187097246,0
7756,17.35579785235561,-9.471640302776713,-4.049238590086107,-43.20691517846285,0.5273006980594267,0
7757,73.35200450064015,-9.90886314920912,-2.6297286119016454,-46.142793308734056,0.5031191198462855,0
7758,-10.894068069896662,-13.00218146706342,-1.2549403932442529,-55.138517877019815,0.14513141997016366,0
7759,-18.630119491908996,-10.104056028315656,1.211335129649819,-53.42617139243712,0.006932926140526055,0
7760,23.62338937127344,-11.146983860488465,-1.0517500737066656,-50.659919903014696,-0.03159005741315879,0
7761,1.6376714011232743,-9.961387495668127,2.1176392093692606,-44.66734146716468,-0.4546926625638881,0
7762,-42.98729009566067,-8.48402872531212,3.0580778513693083,-45.111411399845785,0.04272703220821977,0
7763,-19.938060808669498,-6.881729854640889,2.400554734505839,-49.707174195782244,-0.38304951700423306,0
7764,-12.022108440544947,-7.955583242024584,4.366542116563058,-36.89789900955609,-0.5191738182134847,0
7765,-50.86620825986009,-11.098226066199176,5.988563252839443,-41.10580338999938,-0.08287414196999837,0
7766,-6.66412810442597,-8.775364227645749,3.985018219675033,-42.911569778652435,-0.6966103868023277,0
7767,-100.91554396890555,-9.221052129248106,5.206954464291162,-45.785757635632876,-0.1028665454936889,0
7768,-59.68777067719876,-11.822232870453604,5.387823065177709,-47.15450631788663,-0.1445900306557287,0
7769,-56.62857546627524,-8.149327812745078,5.336080239879241,-47.65772335829137,0.04645062609128306,0
7770,-67.7282412771075,-4.99790730265609,5.198636174389011,-58.72930405212783,-0.06596484007740833,0
7771,-94.38337248927374,-8.390083773265243,4.046508286503519,-55.05925406510692,0.12917477876623998,0
7772,-99.94401588220623,-11.365854405029737,3.6898072219872273,-50.99226961681058,0.18765888878155812,0
7773,-88.15064344188573,-7.819064303441395,1.4344330733308261,-49.30102463875309,0.5710057483647197,0
7774,-82.64729062700138,-9.989443743187884,1.5859220067820106,-50.6014956737772,0.532298012525152,0
7775,-87.85294573886262,-5.498324920912384,-0.03509836684469597,-48.6366640784227,0.38391733067814393,0
7776,-79.04309885112869,-5.821262463827555,-1.7868525825800994,-60.51338710554228,0.39049442799182327,0
7777,-119.1658872023239,-6.841095164045646,-2.0422280268956188,-47.447401127957335,0.44339646835948837,0
7778,-101.30107711988133,-6.773641395740416,-2.178567684971735,-49.62388352549617,0.2933834156849387,0
7779,-112.53649502605148,-6.132544174742619,-2.8295724057405702,-50.81069659811338,0.529532271960142,0
7780,-97.51236986210725,-5.274022074089623,-5.2209944232179,-45.15581341770173,0.2626146148067615,0
7781,-64.64248131907848,-6.404312924338826,-5.419802529649066,-54.91905100765187,0.11296841474273847,0
7782,-77.09524421919097,-7.192473786293194,-4.108371831864587,-50.75499296331839,-0.14638573058647286,0
7783,-20.633873860269162,-1.6856543547871432,-4.483104738269814,-48.00773370601188,-0.48613030500126975,0
7784,-61.69195992117655,-4.270033258353742,-4.06338938860882,-53.53441809762856,-0.28060889255687205,0
7785,-56.500225074423476,-2.6925778983064967,-3.344540347369823,-59.1059101488614,-0.9009659813857804,0
7786,-47.12791971501521,-1.9759679215838037,-3.748495036811495,-54.654584492458554,-0.46502175778589155,0
7787,-53.073161890813175,-1.4159935785307085,-4.104316615712603,-48.99362545750516,-0.6361113426899947,0
7788,-32.13629619355358,-3.9160242324609715,-2.8306972921451132,-49.676292460071004,-0.5830525879021828,0
7789,1.22315824631022,-4.424502113995948,-0.4242577572636248,-48.26432337630471,-0.3932397876698567,0
7790,-9.193078972779364,-1.7519588851574874,1.6247747088944304,-51.1919081848488,-0.18585478132687291,0
7791,-17.366947621292294,0.7165333135368837,0.3133378636003997,-54.16021638977065,-0.027142700069841798,0
7792,-10.009741068362906,-1.0309182163927546,1.3816818223084646,-46.598190274491174,0.2842021364650633,0
7793,9.392769101990094,0.2139478485400047,2.5339897955029542,-47.78126821429701,0.22872262515489702,0
7794,29.595116403899922,5.674885425531183,2.722137545140761,-43.40612166906844,0.35696031654227867,0
7795,61.42967496572187,-1.7776071163060454,4.644687384436175,-49.961725341356065,0.17828819409909274,0
7796,19.81300140539078,0.8913406115167821,5.132597711073625,-55.93707802051584,0.24357771853213933,0
7797,48.82523930277391,6.676782419641466,4.958214912595312,-58.44630208198212,0.5489489983335286,0
7798,66.15519825648181,3.269335183689212,4.581564095181566,-47.00436339034802,0.5686413381195585,0
7799,34.009952609677704,2.413125859638612,3.479302196954718,-43.91248842859041,0.3018578675159981,0
7800,60.72092055538437,6.619636939209926,5.6334925499415505,-45.25079355054821,0.4203709168319765,0
7801,69.73064953607204,4.838859875012815,4.819627181975129,-46.43454479937722,-0.18885479025669,0
7802,72.51195693863698,4.466263573822953,3.391033663299099,-51.06782326502178,0.023092886316323245,0
7803,96.48852243921219,5.969195067712692,2.3563113737719954,-52.04259709455181,-0.3712515949156828,0
7804,92.73317098859967,4.675858209893839,3.366109678965724,-40.22724929133496,-0.5133818749892671,0
7805,87.17362840457766,4.349735248945588,0.2140587686882076,-42.65264158211069,-0.5773201478446044,0
7806,108.19161548268832,6.534206597174796,1.1531844517151404,-42.76663394316592,-0.49969044142152724,0
7807,134.45137616306516,5.099189630152993,0.701313770971406,-48.075825009185756,-0.411765356976142,0
7808,132.1334651566929,7.484554021523612,-0.5824531283384186,-44.600234809512195,-0.39833347220114473,0
7809,59.25869667098164,8.495310348752584,-2.4680521033872163,-38.92940458729619,-0.4583436088409227,0
7810,106.64504577123705,9.796485753874888,-4.188837240556219,-37.102159643927145,-0.16735867377498234,0
7811,87.98236252050316,10.62986074204956,-3.0974068392657923,-38.701343565935176,0.17621652982572536,0
7812,90.17049572577693,7.825253031168594,-3.08197986919385,-30.323647716953058,-0.03794017648553092,0
7813,73.75634017538687,9.876683196562306,-5.282583319135159,-39.42222880757265,0.15323078477810353,0
7814,77.91184620299586,10.081838807893204,-4.4425219120547395,-29.420646784792947,0.14826111576862072,0
7815,71.67132300709,9.948630039637509,-3.4101769818218557,-34.06657812543621,0.30437835735530966,0
7816,49.4613815040223,8.507046836806877,-4.49610398046444,-33.89209036391395,0.7104107626893716,1
7817,34.90041159395033,7.559143100114665,-4.882335956270313,-29.03821699247552,0.7492875484301728,1
7818,35.113357256649685,10.744562380238836,-2.9162860372898747,-36.076060428923086,0.44971181693282686,0
7819,39.59145911915096,6.42776703106203,-4.0086256499982635,-33.842852373930945,0.5365814848990328,0
7820,37.35643163505859,9.38214823861525,-3.7527747631975643,-37.54307599007247,0.5320557663639194,0
7821,32.660161671905044,4.862110618103637,-0.7279231610170072,-25.965268905878574,0.1370114429644691,0
7822,-4.2297429338807255,7.323195108658663,-0.9706635378663511,-28.167511536713754,-0.17673228929369428,0
7823,1.3353308020362338,8.24337459038239,0.11722567381659521,-23.54784159528038,0.0729020512255035,0
7824,4.956252661398178,12.167744494941198,0.7877619027956981,-27.19264661479552,-0.029288655177236778,0
7825,-0.7913209919419764,11.30223519521039,1.866441267466279,-21.87062142106586,-0.1836862624977883,0
7826,-34.848464298890654,8.745062966941378,4.5735893542848345,-30.28019301705548,-0.5035533159706574,0
7827,-47.32259246920275,11.21395791358076,5.537951896747145,-20.754846864393134,-0.18098630751195927,0
7828,-47.884941881955356,11.408367273388627,6.220826884681573,-26.817141464584523,-0.44226250133340717,1
7829,-82.98840109093217,9.165616886651001,5.889919384190503,-23.942497927941414,-0.6975558409764266,0
7830,-71.5538241971326,6.54830310599364,5.448667707221626,-19.43088908178909,-0.7143694594023657,0
7831,-59.80103583628826,8.708059789053857,3.5340761164523276,-10.54174071338721,-0.3464071025002547,0
7832,-68.11864564040296,8.71211965421105,4.564809097369375,-17.18009075624438,-0.10818822514107836,0
7833,-91.81886327951428,6.204750616249674,6.5055998290173855,-15.799520788395526,-0.06324155879910778,1
7834,-86.65165489412853,9.143838283701411,3.3363605616185037,-22.18088934521839,0.5410632716641672,0
7835,-111.18223138689977,8.688433724343628,4.558886390363096,-17.743976386685166,0.35843483894400974,0
7836,-83.35648384988598,8.717642941787487,2.251153257904351,-18.075858107611207,0.1934951406293081,0
7837,-100.7464061177485,8.064586445252353,-1.4182016957349601,-9.618708153529976,0.009873250137428513,0
7838,-105.48158354329017,8.626846088873231,0.9140196456892593,-16.440564264243978,0.5453186039553456,0
7839,-106.97081554415277,6.451009563161169,0.5424772294372757,-8.115754340556336,0.6859677386137046,0
7840,-99.7714679441394,6.838720816271562,-1.741230260554738,-20.30836426131814,0.8071840985499179,1
7841,-105.2640800555643,5.249070490518413,-1.360176071538526,-5.8423913595996035,0.30139564698581023,0
7842,-79.9743400030097,4.4698448555392085,-5.058663594430909,-16.174295134520165,0.5631862134071205,0
7843,-96.94294912696047,7.89554060451674,-5.438827413794884,-6.6241362737732645,-0.19563427601261654,0
7844,-52.18844263803479,0.6986571108157786,-4.349235100716635,-14.237118254593906,-0.14206786251890585,0
7845,-48.91418379960169,6.094904669371234,-4.396263367754044,-5.841672482791276,-0.4190568065617085,0
7846,-89.43840064098185,2.6446419165865986,-3.6417917079123834,-12.760714154830598,-0.1813377206047069,0
7847,-62.887103652078785,1.9202740030839587,-4.28516932907433,-1.7765642225567237,-0.6932044034169917,0
7848,-69.32570327180233,3.4695829227813983,-5.847138023743152,-1.741148682628162,-0.407192416282413,0
7849,-54.31424731984151,-0.5140782091876512,-3.984357734641832,-7.976833345442441,-0.7469109239224712,0
7850,1.2759430016212434,0.3456463637681093,-2.973233107606869,-1.0870045987885475,-0.11345790297126834,0
7851,-35.52794192264367,-0.2129784945266644,-4.6822692188110535,1.7572960960808715,-0.46479625026219795,0
7852,-12.482379654721665,0.5464000945013869,-1.9737958541124094,-6.597710508319293,-0.20445007278634558,0
7853,1.0258436690883332,-1.1176554294410872,-1.3109226092876733,-6.151585136479877,-0.502880538199441,0
7854,-19.82892729773767,3.1930543598102687,-0.6363270895283071,-5.338157629739869,-0.29620555312885793,0
7855,-6.935842044791972,3.0850700159258984,1.5101168917023486,-5.046717882647977,-0.004289586781695581,0
7856,-4.073548678733207,-5.0514579256885845,0.8143132411737333,-3.362646321381626,0.4546942856510813,0
7857,12.00801339182999,-0.41481518126364425,3.2552309338716765,7.640474143649621,0.5251880740280087,0
7858,-17.889671430893948,-0.27836555475277547,4.1590430909592255,6.803290820379036,0.6840887172293275,0
7859,58.99529796523264,-1.3969656784927784,5.301013034221631,-3.4700661688873184,0.19698863140260425,0
7860,97.69961019904083,-4.280200672704822,3.543399785184665,3.4530089819427054,0.587664382346884,0
7861,67.51854588602015,-3.9257940234768625,3.4251028051961283,1.2061586497459524,0.3182278430354235,0
7862,43.538068177246416,-5.399189204374594,5.276201627912222,12.291692216929057,0.17407415807670082,0
7863,65.59119617364729,-5.1984503855148,4.578761281533526,6.721318684434163,0.10375054450045886,0
7864,75.06865166524713,-7.222242272663507,7.44146377883172,2.2293286828892063,0.04453805387096628,1
7865,68.85219768751337,-5.464276471187311,4.490144821676205,11.780229113837875,0.05061683529567715,0
7866,110.47395485143831,-8.659604842226551,3.4219118690355064,14.935430677846885,0.0008337263349713353,0
7867,112.60998579543983,-6.45944106076886,2.3889239097075494,8.103283303853622,-0.24166329770375422,0
7868,75.46698711236247,-8.946361088883249,0.4395627651997389,12.510852680927805,-0.3104777387388471,0
7869,114.26394292164558,-6.4094711098725705,1.2512946465597412,10.281577646985653,-0.1247284495117662,0
7870,130.48808220350895,-8.538794871932561,-0.3893484404831543,21.965997611850817,-0.3584190756645717,0
7871,137.1938143008171,-6.937700820763068,-1.3737667742392459,14.534877453647443,-0.5046259939526435,0
7872,154.64711133364932,-5.6758125882040344,-2.134613815216626,14.021708193741368,-0.26840692295060864,0
7873,76.53062077029253,-4.96059934849206,-2.852583186699721,18.306450628258755,0.06849013077245997,0
7874,147.33756826132742,-13.475677080424695,-5.5352474031379,18.450085381385122,-0.3111325981289132,0
7875,79.1439431975252,-10.347185986935544,-3.5298305790365534,23.847258061287985,-0.07502606858771221,0
7876,68.89211071246457,-9.52240737554912,-5.6100671163643465,27.393824637964176,0.4484116533502186,0
7877,80.98947459272802,-8.210731062131455,-5.10851348893321,28.33197702856679,0.23336814148358218,0
7878,55.76954761091771,-12.624423473559823,-3.6932775168854146,21.195710987499222,0.5513617843215346,0
7879,67.68085812962096,-11.45692261474103,-3.009930700300274,25.512961182156847,0.7277652629908786,1
7880,24.991130166690116,-9.377319830935479,-6.109133147582471,32.30244315644763,0.24824863971465427,0
7881,37.79682187524019,-9.589464122106206,-3.8218947846045856,33.357544589467956,0.40258208498258014,0
7882,59.0373545070318,-9.100817142230541,-2.8691546802242085,22.19533803946651,0.666800241831691,0
7883,22.605340417959912,-9.040880849251668,-3.8142618142680593,30.37778356829266,0.3041318245763622,0
7884,16.762070567800706,-9.2984063745192,-0.5768422292672574,30.36330776363321,-0.2001724470768005,0
7885,13.479730011386213,-9.610713752298636,-0.2808790575553579,33.698641501361166,-0.042501158915112476,0
7886,17.39248111852595,-9.883984129626148,0.7951425071624761,36.092589203728274,0.06901771678921109,0
7887,-49.06039773801242,-8.63839333389357,0.6575953473935823,25.46546950124668,0.024084521775711326,0
7888,-14.04114837047768,-14.394106075942918,2.8994040726977905,28.00053847483554,-0.3417306956143637,0
7889,-40.613036169772954,-6.749551510359254,4.136980946039909,36.762973081218334,-0.3443949337686498,0
7890,-41.08391057676415,-14.145349904984133,4.106783402360991,33.72319283154237,-0.5648080529762568,0
7891,-31.940283516543477,-11.768540862057762,3.9876286170226356,22.591750001269443,-0.3163447444849985,0
7892,-85.21468817950799,-9.913549708408109,4.408111027466083,26.127970077361113,-0.17353415015971602,0
7893,-89.16271358905956,-7.940968076186802,5.2140696964845645,38.489890950163655,-0.22556197224724736,0
7894,-114.50876937295595,-15.079682734734732,4.992882988079097,40.07615247102796,-0.2895910112571852,0
7895,-92.91632418821015,-8.925634556942862,5.602214257863708,29.82238019052862,-0.04213395270898121,0
7896,-60.63882473475063,-7.042663940465413,3.783170179172092,42.740249936435696,0.21006218089053352,0
7897,-94.10179376491772,-6.37492175552056,2.4411147529666515,36.91837161593905,0.1718780571506124,0
7898,-122.01898961081136,-9.47421573374923,3.2690557904124673,33.436272630131725,0.45835818862446054,0
7899,-107.50513658082743,-8.376630736550917,1.5663148680104642,36.37627989316636,0.47758684940589136,0
7900,-129.14676479194085,-8.683226815027396,1.8802200386621597,33.67748869612874,0.7566235917313388,1
7901,-122.49815445239079,-7.893626812871746,0.11305457539162245,37.309179441042986,0.6397770066105027,0
7902,-91.82384459317842,-8.811510564008692,-0.23489958314262915,31.625619079845997,0.382394311862731,0
7903,-121.68830720251219,-8.149075614785747,-2.863788525492833,41.16593126832728,0.7022958325411297,1
7904,-73.58748219441324,-5.108608162584039,-2.5921113152732906,45.01906304737516,0.41505716663382103,0
7905,-93.93429845608678,-5.305981684825975,-4.2117312295341085,35.877885538120594,0.16789128952826493,0
7906,-86.54737465069891,-4.163969710232069,-5.369781103065063,43.21460706025084,-0.2196635801295662,0
7907,-88.6922467333456,-4.284179063819476,-5.482030975079784,39.60348967074559,-0.05185630460423567,0
7908,-61.70279386379985,-2.8568176931964375,-5.452694214092805,47.45054797469736,0.12834228695606795,0
7909,-54.760561409901186,-2.0516924356401836,-3.7551414927092024,32.99666029819107,-0.9036975456743533,0
7910,-56.28302973539222,-6.824660890292363,-5.463067632430158,48.572465067679445,-0.9829885260953737,0
7911,-43.619375788647375,-4.574602840949655,-5.860925021643063,36.35055830475226,-0.33904700785972636,0
7912,-50.53929833310631,-2.8463278783868526,-3.972200599102246,44.79778489481689,-0.44875450829077557,0
7913,-26.373202459027,-1.9405657391011464,-3.4251899183389427,42.69270299407761,-0.3206811012334714,0
7914,-34.52271318371418,-2.7422895207685487,-3.1594012943557894,44.80509159206301,-0.4789460096519083,0
7915,-17.99100003049104,0.9185458245664536,-1.9352106928088388,39.3143222707857,-0.6871565474218864,0
7916,-13.618776182664924,3.5532653571113784,0.16632418701631657,55.59585020152698,-0.2872124073437008,0
7917,-7.279349384644731,0.4655790363131349,0.8571754671873464,41.17731512098623,0.3399634071451432,0
7918,-1.9449266329705335,0.761590604919031,1.7596385508591987,41.867787571828764,0.08392446076039667,0
7919,31.045124836523158,2.789992503533704,0.9338083802033352,57.156921836302274,0.21637198778715494,0
7920,57.54072192667063,-2.1451551960397963,5.861696516035661,50.05381791528535,-0.11744782771522105,0
7921,64.07489896284429,2.134941031746467,4.765452173942418,42.40714246360459,0.11452659386342923,0
7922,24.439618735226386,4.522359712633194,4.822206604491172,48.25313132639324,0.7219783592824607,1
7923,83.777756105786,1.7578555934256097,3.560210481803407,47.91750880855853,0.4279230598902021,0
7924,59.47384083775413,1.0633091305537512,5.903244790572362,40.837350608333864,0.6150529128206579,0
7925,85.03716531568884,3.608296528283049,4.487817857002005,45.64403088241644,0.16584390374140545,0
7926,61.354075782448554,4.312066643528897,4.629213703994862,49.44340587101974,-0.10548087320682609,0
7927,87.97973638637406,3.0585814226667365,2.784946267927414,56.02753507469565,-0.009417652800000294,0
7928,96.22566533593667,9.498469839510555,2.688449108375101,48.851554928868445,-0.22095228586401428,0
7929,64.17140673545714,4.765753221473323,3.6760113485024104,49.307819088695126,-0.4126074521768655,0
7930,109.00329370601328,3.8185210923142683,3.4221646731609305,45.860603000684996,-0.5250455465287494,0
7931,125.76352555136083,6.325979559492609,2.182984060791814,55.45630758151616,-0.4758023373087938,0
7932,96.37111667483894,8.700046212035696,1.1713245730231787,54.50888967784769,-0.592208207418436,0
7933,127.08887956630281,7.2730489465616035,-0.5425858601719983,53.94438378437184,-0.6813097889912337,0
7934,95.11506537436524,8.545212019062491,-1.8638022463112636,50.53733482659294,-0.09067086702323995,0
7935,113.93577877201385,6.147875604745264,-2.0893861263835087,41.94571268367323,-0.27643904430945887,0
7936,49.639208456374874,11.163423168172137,-2.3832444167212046,55.31239521299503,-0.21987477783302473,0
7937,138.51336006886464,9.588151961719175,-3.8984025628902397,50.08620873081448,-0.12594957089684486,0
7938,115.27353894785924,10.815659257736089,-3.236014025090485,48.15719749602854,0.16947512051920713,0
7939,74.04550091060364,9.684307500151421,-5.027077939789446,51.823166125876455,0.2884623189841351,0
7940,33.87315156749859,10.815104123436509,-5.966190641499291,50.562703361249305,0.10472100722174824,0
7941,71.91988200432283,7.607672174497383,-4.971404412702173,43.93687285727364,0.1067697881391278,0
7942,29.46414423207248,8.536018134464015,-4.632419260989062,47.50026901259263,0.02314181873179899,0
7943,58.840125935055326,12.353069692842386,-4.408866257301749,39.385548804270954,0.8583852498646098,1
7944,49.27575507913046,12.896716689818359,-2.462127975144572,49.1183386326357,0.3883139078495388,0
7945,12.907660343809564,7.57578789922856,-2.2042159327601816,55.1015623564215,0.530522104192797,0
7946,44.52925436311915,10.437407880218563,-3.5872132974348556,39.216186169444036,0.35044417483196777,0
7947,28.374683162905153,9.119225125560357,0.3173040824978792,48.56146348055366,0.3627711650853691,0
7948,21.81040133661939,8.605279186087646,-2.9707501569940975,50.965610384828224,0.021477304248480232,0
7949,-7.52108608786534,10.562257766059481,2.91856389906472,51.390848566719136,-0.38015497620624306,0
7950,-45.92397798060625,12.242764248706496,1.4465072562323695,43.24503778155302,-0.4606971580743895,0
7951,-7.7953194430072195,10.80752643071554,2.4413966329469514,41.11296610659686,-0.43951387631738936,0
7952,-42.226161329712276,9.183784338778603,3.3632114835062543,43.318344072318865,-0.7695106577800825,0
7953,-73.71242405766807,10.746587445480117,4.464223221525943,51.81894236588524,-0.6659999231348621,0
7954,-27.51533602186072,8.866681483172597,4.571927086474797,36.909447084257835,-0.733347853017342,0
7955,-20.662168328250473,10.256669584566932,4.749688799568465,38.95184614637277,-0.5136793088462884,0
7956,-70.94349543945629,12.04760334665089,6.308222849271251,42.294277437722236,-0.4614936620048158,1
7957,-33.703722687147135,4.899451729647082,5.481814675386511,39.248377854066035,-0.22037410031336738,0
7958,-81.05924317288124,10.4247450353303,3.6783346756023185,43.439329244603925,0.06645974145227407,0
7959,-95.66588289949712,5.5065289827154755,4.913864298792944,50.223823101657416,-0.0037912872720458693,0
7960,-104.95732688459006,10.774235508280656,4.066977310760912,36.618341751291695,-0.1105804946850972,0
7961,-62.975190359237075,6.755680510275023,2.226033446126668,41.3747892785615,-0.09155961208028313,0
7962,-113.73202585435575,5.286470470115173,2.6813991906298176,41.51770940311432,0.4503621876213312,0
7963,-84.8555977227121,8.785132663192293,0.7743228908400998,39.321754064756156,0.3472598419561361,0
7964,-111.18131587814212,7.7772326844939474,-0.2842949847687715,32.52188415713377,0.46843948749721587,0
7965,-108.64208233069286,4.687198541077311,-1.3035551126868106,36.628040091830584,0.540716384099866,0
7966,-77.27532998800004,3.7995421723662,-4.432735286582097,36.03021827394949,0.6959267454195126,0
7967,-102.94744974021417,5.534787481068648,-3.4013740339302254,41.7434709015746,-0.04610868776492422,0
7968,-99.95633651285941,3.0910140266554498,-2.9169547214678007,40.029968837457254,-0.03009918888856819,0
7969,-64.80021205019096,2.951934346201427,-4.263270722717635,29.513542503704336,0.008946110035112868,0
7970,-50.23040269821657,4.869129680159329,-5.9677077412354125,34.66337965213353,-0.35076699009645534,0
7971,-63.185496171632835,2.2575603331906926,-3.972874539619706,33.409186455561816,-0.558297757399133,0
7972,-82.31547228489978,4.583326606881279,-5.294247662948534,44.98097626313219,-0.11306089186321294,0
7973,-71.8814071674806,6.242155966330997,-6.076204001376521,35.952020563607675,-0.6655620535402599,0
7974,-51.9039136830579,2.488225719310734,-2.3140583372977033,28.372421662503292,-0.7580714697458477,0
7975,-38.38202300934039,2.562144556833927,-5.058484722864154,29.131279844822203,-0.7218009599067562,0
7976,-55.408714712266956,5.84878837497825,-2.4513827914327657,30.364992494442564,-0.22694476482720893,0
7977,-11.685193010354284,-1.0563853922949882,-3.292959130647403,33.29910474226839,-0.49551829721145024,0
7978,-14.668998793936995,3.2042128106940018,-1.4799791587778295,33.128824484090444,-0.5140237220500152,0
7979,-40.76308913879,2.464329265934642,-1.5457308342943898,30.911304576187877,-0.2642298182594332,0
7980,-15.03267429000409,1.5313140310738578,-0.8849416272607848,28.052773586236665,0.04346453329431881,0
7981,3.4226309967812156,1.9066835460789757,1.8603502068517033,27.602666393242856,0.3760058228862848,0
7982,21.87246026476198,-0.6134620536701173,2.6738755909601,26.807577391792083,0.486102646811331,0
7983,70.7064977316731,-2.835334888749085,4.253230546847148,17.69664894372043,0.266901485774554,0
7984,46.946720755764254,0.028979593225027855,3.790265910267701,25.45287110365663,0.37640012509086135,0
7985,34.208748110338384,-0.3797743649755039,6.608589732595847,22.010886326396726,0.9202599785098888,1
7986,63.76787647056102,-0.913510515357757,5.045229505091658,15.760874364255244,0.6712430754798683,0
7987,60.05152176992613,-3.5060049648728184,5.54186317366522,35.23269753131252,0.3520012982064242,0
7988,80.65608400137265,-5.4892833173256825,3.6165238237005792,23.808804838734712,-0.1623633671662078,0
7989,92.09892405269912,-4.125914819527997,4.162397650583873,21.41790464982803,0.07271078329579142,0
7990,110.19462916084049,-3.0646550800018315,4.9072673002091936,18.588309284446364,-0.24773016056918776,0
7991,90.18734855643994,-3.3285171124658404,3.7395461994995927,23.178445102546195,-0.3033969622967369,0
7992,127.2093758477796,-6.651238272055161,3.2952016579227354,12.791404412381084,-0.46069205122690815,0
7993,115.40419037527593,-5.5613288526825455,1.4508823709829952,16.107516233567544,-0.42672611561571244,0
7994,84.93689078023435,-9.19434291909838,1.4587875729255668,11.971247085311406,-0.4454038102259851,0
7995,144.13470816543284,-4.975159228652273,0.47155534774778174,19.39428695492961,-0.6435102727434745,0
7996,106.33085487708298,-8.862591040982405,-1.8253300800593788,10.700823766609506,-0.7461608687846972,0
7997,81.94476596156066,-6.058140767108206,-0.9745398008586255,19.383291749335292,-0.4760057742170147,0
7998,129.5761577210234,-10.240870943959905,-4.224880916676052,12.416848472383625,-0.45015169150257306,0
7999,134.9797141365773,-6.173188761016867,-3.1476477681824946,15.81708349578488,-0.6089714320597347,0
8000,88.73645954531092,-7.865523216346225,-2.2405312595589764,12.970557340804609,0.03358023738098098,0
8001,74.40353707750873,-10.32381345764423,-3.840100000204215,15.28972863734244,-0.08431887817724495,0
8002,75.2645589149859,-7.608391591793495,-4.180653805411659,4.335865767096235,0.15145544320994742,0
8003,86.45574352802228,-10.37936094670115,-5.893130582351864,12.554504372500816,0.2869290056548072,0
8004,90.4462830442738,-7.88406889398627,-3.1682297602717933,-2.275125566211967,0.4238043266917693,0
8005,68.37858659020337,-10.092490264666779,-3.305327380768199,6.262065729427271,0.5139623654319707,0
8006,50.51378035401203,-13.123594212467225,-5.083730782157495,2.3230179841173215,0.2383937357669627,0
8007,69.46563850012475,-11.759366381597015,-4.103958253434316,-2.965904531260019,0.5317424069363801,0
8008,23.880035613499594,-10.743916023580004,-1.6189086665240562,-1.4082561600328591,0.32848289253005725,0
8009,41.08539722762724,-7.210558694775053,-0.20722707597752277,-1.1425957912406899,0.5067465539311624,0
8010,4.831500276008768,-8.183637455689325,-2.3180020147501406,0.07842855919812508,0.31950999655729695,0
8011,9.23312186710554,-6.752230255356294,-1.0649758905706879,-2.562981620604527,0.2737420467374398,0
8012,-11.644803648315872,-6.6817163363685435,0.7894414285803272,-0.5385483305763067,-0.32662918889832304,0
8013,-20.383153628335744,-11.022554801280432,-0.2805774013556408,-6.08903915436826,-0.017356144640466753,0
8014,-36.51389734495257,-10.269215885756248,2.791481299289025,-5.321330186396717,-0.3670701207534007,0
8015,-11.47972302683337,-10.629265535404285,4.729570884164518,-5.37999133404647,-0.3245733942040702,0
8016,-62.06251273097697,-11.039678760866618,2.7353003709012897,-4.020225412696985,-0.3631370313339314,0
8017,-70.76218032006334,-13.245362238504601,4.764752657110501,-1.6805434138051147,-0.39711844077971153,0
8018,-21.5320980571628,-9.433682573370492,4.334694993330228,-2.6481682533750037,-0.6538158766804282,0
8019,-51.750465247678704,-11.793627072026784,6.639227680681941,-6.718000294301705,-0.15343468579835873,1
8020,-125.65265754634169,-9.086096958212703,4.313000316891429,-6.739930072199445,-0.15162609736370197,0
8021,-95.11967092272708,-4.558929199924557,6.090634198233456,-8.314079118400564,-0.3742626900577217,1
8022,-125.08094871577056,-9.559907036559485,3.480778066706695,-12.424893885509494,-0.02695101749935566,0
8023,-111.99397013547878,-7.881066263559467,4.193414684301063,-7.322696773152274,-0.029634227473648855,0
8024,-158.96041690823,-6.166042705680169,2.8817563741734538,-17.36721594166724,0.05191259761732142,0
8025,-101.17878253518174,-7.10753790271683,1.5942677101548548,-23.999618760179285,0.6018738849496195,0
8026,-122.54312490400446,-6.752766812376941,-0.02432948899789611,-19.92491591872544,0.19087069477282442,0
8027,-98.7752686312807,-7.713814240698532,0.09240726532006124,-8.65455568436079,0.2345785858372159,0
8028,-131.74598328741246,-7.086570624878082,-1.6589138457355903,-18.093748372329262,0.8619471651284032,1
8029,-95.8638965617992,-8.16008743297283,-2.8472623260133894,-16.185714157360213,0.3025723185529399,0
8030,-103.12462578047574,-4.149631168452628,-1.5378783166007584,-19.858863469973283,0.4144989997486833,0
8031,-61.14393446075197,-8.911758036437458,-3.1961526235749504,-16.606145542998384,0.3734739246339492,0
8032,-58.40147974346096,-3.0600824738658776,-3.683876870854914,-19.978502127087513,0.15562537306826138,0
8033,-65.5017636267826,-7.370637304791407,-5.130422913480594,-21.584486218176338,-0.11709765840512432,0
8034,-81.5095997653818,-2.1876016469697293,-5.147189339659497,-19.073598884407584,-0.28912775662775,0
8035,-28.289216073408788,-4.359747008795494,-5.234386431367773,-25.362987939404057,-0.28365520133157085,0
8036,-91.39762757342768,-5.646016715977079,-4.474401121297398,-22.05710348729891,-0.5106678828330382,0
8037,-80.14532606586542,-1.5458953918411944,-3.8038419475981256,-25.664428182584068,-0.3597141349526224,0
8038,-44.966739202242515,-0.36241113090602295,-3.9326682823639953,-26.191362622258012,-0.5388928228386103,0
8039,11.005311377391713,-2.6060083069447377,-3.996256371349947,-30.600368981319093,-0.46110649350874655,0
8040,-28.566131894455314,0.20578900357740193,-1.616517509233148,-28.4297072609764,0.038043725918236015,0
8041,-18.38317229953157,-5.3080942293275495,-1.4223936912609179,-30.887749687677317,-0.3104753014891197,0
8042,-33.60832817287282,-2.8797665368944974,-1.9173054767885842,-23.35227172600773,-0.06748645868210916,0
8043,24.144278512225846,2.846191496770302,-1.613440067292857,-38.23096626011734,0.16421244341441157,0
8044,34.232806415668904,0.31332938270232835,1.7972709396567004,-26.161119958903562,0.3195167927808134,0
8045,40.74281343459006,-2.466365700214328,1.5876437462959159,-40.11327673520129,0.40188698980525345,0
8046,21.91951887468698,0.3545771161889224,3.669560606677932,-29.477922682558617,0.185325616692588,0
8047,29.567668002842264,0.39537719530474047,3.15515238590905,-37.11179940902092,0.5210081540891304,0
8048,26.600575427490426,2.3945190630439575,4.599521261423053,-30.837515464142776,0.5467159622163111,0
8049,62.37749437787221,2.4623902575982584,4.445440053514041,-35.00843317029166,0.6911946530357904,0
8050,46.722426885833805,4.03119732030487,6.740957142956289,-42.2821560583125,0.5347268190970508,1
8051,51.730035992135406,3.9946619747981527,5.905649606939184,-29.032000040861227,0.5171677949982596,0
8052,73.00018783430168,7.30300097123121,6.071374938654939,-32.63223509257838,-0.06018202176210877,1
8053,77.07245344624121,5.8710916246298375,4.3285358132292915,-34.67535755884922,-0.20682847689811046,0
8054,80.6097489366493,6.3632572409521515,4.535652634146992,-41.0539757697087,-0.08940685592122662,0
8055,104.29902197515922,8.1905309119004,3.06570820164461,-34.442455838301186,-0.062010702342659846,0
8056,99.20298646023733,5.480334319080602,3.585849608265251,-45.54449023308577,-0.43644410328752764,0
8057,93.53540312751062,4.11613066853799,1.1015277545403777,-50.881165186015004,-0.6167860265883387,0
8058,103.64311759900392,9.41924368393206,-1.2123751976596524,-48.15336972389163,-0.8195222730336514,0
8059,79.8376578282061,7.624894401001003,-2.8098629763563476,-45.534350205747344,-0.4125290683544186,0
8060,100.4632590510308,7.961441992915728,-0.10694428870535022,-45.26489487239444,-0.45028811531730456,0
8061,99.07646686075974,6.726405558541502,-2.1899910603022277,-44.21463299301927,-0.4188594024296965,0
8062,62.75036634771859,7.049702059082898,-2.911094314560489,-44.525470413206705,-0.025734080305928997,0
8063,108.54472528769378,10.246500508624539,-2.614805005518183,-46.33835598882308,-0.08036262660166799,0
8064,65.9361526034272,10.770632347918522,-6.24165789205096,-54.169363684142525,0.08656999377817001,0
8065,79.47004707417634,10.595233765456946,-5.251008520461464,-43.10836369643556,0.40804648447494163,0
8066,94.27511875499114,10.817212101266657,-5.2359166513742315,-45.85591800828674,0.7875250499769109,0
8067,82.1141744735737,10.549976486643672,-4.165682990227131,-48.46001344637184,0.3505826672473551,0
8068,56.265585901181076,9.832066502130425,-5.313045043799361,-38.415949630869434,0.31506746670315733,0
8069,39.751890704665534,9.351447734026987,-5.350024197886562,-47.02648165757805,0.2995454714482136,0
8070,56.90543441042694,12.23179039830188,-4.721851139250672,-45.91426926852258,0.5553365002244264,0
8071,42.02318549718703,9.148113805986153,-1.5849439228428623,-42.60046811280184,0.16339436989643252,0
8072,6.451020047636433,10.695193087915039,-2.590743219652821,-54.38318275727446,0.1943021036362478,0
8073,-6.978544421422354,8.382004875367167,-1.440395391686151,-47.38231556325473,0.07531478768545932,0
8074,-42.51588602743608,8.681259134226176,0.7413702855769614,-43.62300569774036,0.295250523963117,0
8075,-7.965577551577107,9.512379973669207,0.39891611406453387,-48.33983549070779,0.07557452070919152,0
8076,-22.567231154616493,8.336687734538007,0.34013421260358245,-54.67819728207405,-0.6027487077129752,0
8077,-7.84755208707481,11.475287285366685,1.3290715836537557,-50.83289099321005,-0.08446125388924625,0
8078,-32.74292191678723,7.093840463839433,3.6036121583204905,-47.71524239969424,-0.7148185878232154,0
8079,-22.19317646086349,9.87422387227974,4.761465406520985,-59.414763517629254,-0.4675667987068189,0
8080,-71.29041103603296,9.802452105267232,4.495611468447725,-55.84432598296351,-0.6499403605299029,0
8081,-42.47253242711129,5.7536694182302766,5.374730430074913,-39.39435171435762,-0.500951429785817,0
8082,-83.05446725516052,8.307620308217492,3.380768065181769,-47.00039608452524,-0.5218198816009,0
8083,-63.44066143363865,9.492497015769446,3.2985406184577375,-42.14753676836483,0.13601604078841723,0
8084,-113.89492574195705,9.607535849085943,6.754909862954296,-45.35501811843104,-0.08267396319181501,1
8085,-84.8977353096514,8.088576725419669,5.211448378422858,-47.818531483952874,0.1397788732505043,0
8086,-133.27962554005973,9.576840279098391,4.0667093752932475,-51.41577425235123,0.021065652837597898,0
8087,-101.97896279933939,7.709750705995365,1.8256158029182468,-48.02628955722634,0.072329528514955,0
8088,-89.913922474893,7.641191565919032,1.335854591441011,-42.72454656853955,0.3545935277326927,0
8089,-110.23877502633873,7.7836652519241065,0.5979589107763342,-45.86869242002202,0.5961847509478001,0
8090,-120.92919573722463,8.78263144135384,0.9158521832208248,-49.16435713642836,0.4721333085787051,0
8091,-82.1007408978067,5.2081528768907175,-0.9779546269688147,-50.84216693463587,0.6515185856405638,0
8092,-99.20562701701687,5.200506278485005,-1.7820214123376812,-47.45084507302012,0.40084413928783225,0
8093,-104.07049058482869,4.435486022239352,-3.3107778750979953,-52.544731149250524,0.26311442917964317,0
8094,-89.64186026596485,4.693582364741429,-3.0603392065763493,-47.314248021021676,0.23126762324786826,0
8095,-33.04305285495652,7.7817529504011596,-4.106955737897473,-53.19857750442051,-0.00436975091393119,0
8096,-57.145985911516874,5.633721066153226,-4.745745945568847,-51.36070160596907,0.01788366891994253,0
8097,-50.60268457184024,1.7738585917851646,-5.722390081271209,-54.59208584106472,-0.19110456071362347,0
8098,-58.04342025104506,2.3728238122974545,-5.08390566847011,-51.495054307861935,-0.22418841366814096,0
8099,-55.65784250916178,3.847999420177094,-5.8427431185832805,-52.5378401188693,-0.3310238879901589,0
8100,-98.55301097660254,0.8104420912122428,-4.406331741167056,-40.462940584123444,-0.22782578775527818,0
8101,-55.34889752386283,0.6872129750388598,-3.706197371557856,-53.17874368431448,-0.31500496759785246,0
8102,-42.10135929872601,4.336904173358768,-5.477244099583722,-46.54635392209191,-0.06923687988540628,0
8103,-60.38366470404835,-0.07479123596320925,-2.458182361823075,-52.94981993295982,-0.4275510485518983,0
8104,-36.20142403323126,2.563389532891353,-2.4700230720949086,-47.70652056840092,-0.02439172107930132,0
8105,-42.706700110572,2.665163360618087,0.18978980548038354,-46.19784039650366,-0.32243391072382904,0
8106,6.137564096494932,-1.8123323320416576,1.3259164267026198,-56.59029409871573,0.29231704814135584,0
8107,33.2043888363749,-2.624395053588778,1.2325645132143763,-53.99170821436011,0.25419238083038026,0
8108,48.72143790215339,-1.8936851691478482,3.1119387850328133,-51.42619111898327,0.548566765363899,0
8109,44.37287688194916,-4.012274639351875,3.9558206002827383,-52.79997341504405,0.7831465250637981,1
8110,25.94002959371035,-2.0819630504822055,3.802732680084559,-45.47581401857281,0.6535503247078202,0
8111,15.245719067848427,-3.218537373991212,6.073669353004243,-44.27743208395605,0.41280073940925155,1
8112,26.890292757259957,-2.562259639411842,4.14027044834879,-50.38159047727606,0.2355261963655324,0
8113,44.16889976474377,-0.9575120404127535,6.46870812923417,-44.003110197079124,0.4776176177343604,1
8114,58.59733577867034,-2.5750317293403144,4.704911764925513,-46.284518085929086,0.19743476598800982,0
8115,79.24242915400247,-3.679602066357584,3.8230056335672074,-44.1838627590872,0.24880407997733078,0
8116,67.39329688398792,-9.026615591259043,3.8649723728216414,-46.333482602885795,-0.13417122588765948,0
8117,98.81924583479437,-4.631470305520135,2.499221102495737,-40.24069008557349,-0.36469406815766414,0
8118,90.83777408283959,-2.4828777708777507,3.6217924414187443,-33.97486403577006,-0.35715030571303025,0
8119,98.18363753817803,-12.344271702057156,0.35997825070358425,-37.731516572798355,-0.3110313602405125,0
8120,122.28830245553792,-5.323750387020931,2.3996198990937185,-34.073270017569094,-0.4524682889317432,0
8121,76.39522065397861,-7.3837686279477515,-0.9188577049395926,-47.47496924406086,-0.662610635163364,0
8122,107.8913453407253,-9.109518540654943,-0.14001709482632185,-43.2438281088,-0.1183131985593987,0
8123,97.76084413855983,-6.134027460639025,-1.9071877996465945,-36.4275951208393,-0.44185165398855963,0
8124,88.9140516650965,-4.623892238510134,-2.538342203968084,-31.085094111470884,-0.765164365601659,0
8125,109.87733077139205,-6.7797579220832835,-4.164952440406496,-34.7317034414327,0.002904937498165977,0
8126,105.41996031696573,-9.338697412161158,-3.845332307600078,-42.45717353712727,-0.04013394810415612,0
8127,63.69966915890578,-10.72786098143316,-4.519030652106883,-38.82655739507565,0.07701048076168043,0
8128,72.95047475313446,-8.774176188947775,-6.382240151129372,-34.298805329178265,0.21213849629791806,0
8129,75.41682263728757,-7.51694913717623,-5.9608357672769205,-36.08729605994353,0.3300160818621364,0
8130,56.83401210169493,-10.214096644741344,-5.413986682973488,-38.54192655085315,0.7847350889137789,1
8131,65.87370925869683,-10.173864385681549,-5.308535792401908,-35.269583524383734,0.5875361744962033,0
8132,51.13497698937828,-4.078227962792334,-2.7996577898622625,-33.14721157324149,0.5462115037499949,0
8133,73.04548322328766,-7.669754122721373,-3.3828248721991447,-37.74312860701733,0.39695462058252673,0
8134,-3.691841917185844,-7.607067682821523,-3.3707385385783453,-26.62654033920657,0.710410971036282,1
8135,14.71559019012773,-12.883400723730428,-2.1817276106726586,-32.96510422331434,0.415937086199177,0
8136,-10.926671173117736,-11.407808258465774,-1.2268983151181883,-30.335549248880522,0.30570141928766215,0
8137,9.332223788761318,-9.84969123646492,-0.01316093557114173,-23.99105393789622,0.014426304898327594,0
8138,-45.05919115328291,-11.981960817756724,0.18592396123268395,-28.97329398813312,0.013363234259984508,0
8139,-15.628275575999009,-6.734578273885725,1.3834048932879375,-22.61715077419069,-0.23673381436554808,0
8140,-44.768917429547,-7.045602170224003,3.8124247006013308,-31.824586268725362,-0.49020377697841566,0
8141,-56.14319363596959,-10.83951094118737,3.958215534725851,-23.66276836172864,-0.405482823744865,0
8142,-79.26767371668646,-6.086350574930295,4.197177008889648,-20.769571452096194,-0.08054859838707346,0
8143,-68.01402414686899,-9.520329061644583,4.755378077177687,-28.24417237850284,-0.43514131575173653,0
8144,-44.810654249593455,-4.166907904978143,4.920957853695628,-24.10569189168821,-0.15529913620182906,0
8145,-74.1281454975186,-8.866818199048417,4.773151431712127,-23.111948168698262,-0.06792073207840549,0
8146,-67.45884005465165,-7.791422372085246,5.316523419097738,-20.376171345031416,-0.06313469753019554,0
8147,-52.30823062209235,-5.909263541209806,4.86837693682557,-18.142587067999095,0.3018298130269142,0
8148,-85.05927644811568,-5.897298134277456,2.302832913081872,-24.15664750721526,-0.3152890168219676,0
8149,-105.3411093232011,-7.153468101891364,3.0379447247384426,-18.977072179749808,-0.10981505021242094,0
8150,-87.70993658465548,-8.159147200158237,0.8322402970763814,-9.78891792437387,0.7181922454210847,1
8151,-109.86102553403276,-6.530847424181037,2.04897862371927,-11.537737771213017,0.325022501523597,0
8152,-109.99475148468802,-8.854833585465643,1.200061846580434,-11.892792815609699,0.5181430826436628,0
8153,-130.237118318948,-6.563497819814215,-1.1766279741442665,-15.874455750666487,0.8428979427657036,1
8154,-80.24951610600895,-8.714514501886608,-1.658293781029858,-3.3089853322225355,0.48568719960036016,0
8155,-104.44319723043056,-9.669560530806642,-4.567204743102923,-7.841069138450078,0.6968356030427043,0
8156,-90.06323489127972,-5.603575223874835,-2.299300673326818,-11.83485048362324,0.1623619037284736,0
8157,-110.47022108822787,-2.7622463712467327,-3.2482948665507965,-9.946887369967067,0.22284533387445163,0
8158,-76.18105048071294,-3.0043520177661707,-3.335969746186953,-12.365765917205419,-0.037952773524530685,0
8159,-94.43955563013512,-4.576807666461075,-3.348752412108838,-7.123207410534642,0.1037294416351135,0
8160,-75.54428557134194,-0.4649952932605834,-6.2158793750586305,-5.139603015360285,-0.3741728520923539,0
8161,-47.93647538667095,-4.63319371097606,-4.061193289348336,-3.603608195720793,-0.6134131343574373,0
8162,-41.80631027391034,-6.858096635424838,-3.230089974929563,-7.028891949308537,-0.575212217071501,0
8163,-49.614863529927824,-6.906439778548817,-5.77638052459249,-12.50034293907262,-0.5844470979492881,0
8164,-75.59831532290191,-4.418070680652593,-3.8547201398361843,-2.9272256125350244,-0.6026894002676952,0
8165,28.96110590423409,0.06924722916509496,-3.3017673086735866,0.395133505508213,-0.5421919690484284,0
8166,13.671356761845068,-2.3380118910650123,-1.2206165057280618,-7.0330119148738035,-0.07516379402573597,0
8167,3.0692379444292808,0.35177695270845255,-3.5249657875744527,-1.5949632224772345,0.11375085398854562,0
8168,-16.473022346545708,3.2221176831900626,1.6750770101715828,6.566429979221568,0.057256892430723086,0
8169,6.308599619682502,-1.7707756760844733,0.7423427532930823,-5.158316894031905,-0.0020227185780965773,0
8170,7.615690877951254,1.8852117237254058,2.7326533624580662,0.44000057877156573,0.14782476388536092,0
8171,53.480187863272306,2.5026123692613913,2.645580392434173,10.293238554652083,-0.03640240496785152,0
8172,42.8903007626784,0.19612323722242642,3.9793289405784162,4.643847093748295,0.5338843057643143,0
8173,31.018050777439313,5.114141055508427,1.8081480758854362,2.2213966334724216,0.36026137222912835,0
8174,45.88068672971812,2.3124120396307295,4.222413628447212,5.810542742989689,0.7855094125834468,1
8175,85.76151508872576,2.595209073188509,5.749108526931161,10.967193101460868,0.1662630734851141,0
8176,102.74882281518222,8.052425319816459,5.288729726264485,6.809251543869269,0.23453953199045013,0
8177,108.01573149188619,5.331645212680708,3.262472233668708,11.800730966868366,0.21348851576990835,0
8178,98.51813005847802,6.582892625128989,4.664734005470522,10.970287347283891,0.1844600502113583,0
8179,83.4202996098521,7.876468872338191,3.3050431632334436,12.359326763361718,0.30265080929757227,0
8180,27.85383776555939,4.287192477145384,2.574440301330709,15.055930994137054,-0.47620150851133913,0
8181,101.9125630020357,8.495272695998104,1.1765083235694151,11.243672618974426,-0.38862557012530796,0
8182,98.25914145561332,5.3843463439316,2.425719307152339,8.959761908579,-0.7106739132222917,0
8183,102.4395743571981,5.67542485772789,1.957805164670062,17.013323595433402,-0.3258843370840079,0
8184,101.06652590144478,6.580300598147623,1.9690287502420722,14.932498556560894,-0.6288649676243193,0
8185,72.81292942266171,6.2219927381401,-2.6150434266998843,14.30089894340065,-0.4911407431931668,0
8186,108.84338331513112,9.43359572087215,-1.3180156533420906,20.113701110549904,-0.4338999975246801,0
8187,107.72043970886648,8.62739546281694,-2.1134713924141795,24.801837184243197,-0.26947575608206076,0
8188,105.15382122215405,7.393988399619742,-4.27092904003428,18.56817118226463,-0.19112408679560333,0
8189,105.9552096539223,9.987973640782785,-5.2046587746687525,20.301535941872714,-0.20706258635978275,0
8190,93.75181474211962,8.329532135468426,-5.79856637021376,15.26057385999448,0.15253444617371986,0
8191,67.30127841872462,8.442494587315378,-5.478035530027782,20.95759113838273,0.11284897090178808,0
8192,67.16182480303344,9.391999565808991,-4.788550848048186,24.07034250811808,0.5465384906413522,0
8193,62.79253989821402,10.394317236360148,-3.472568295950799,23.745310623918456,0.4727398519872163,0
8194,54.90631981589529,10.396192992016582,-3.3761861175870056,22.910854102094596,0.2897371469427771,0
8195,63.971888381735155,9.015064260932002,-5.567121311229478,29.215055442352988,0.9710326175937278,1
8196,47.69640600589436,11.536501139236679,-4.053185544137967,26.72986531220004,0.7696599954193879,1
8197,66.83745520574415,9.47360595006754,-1.1472008237092886,40.22724676059767,0.8357009089841214,1
8198,59.63482630144321,8.659749982647686,-2.262885095983987,29.15431881365606,0.1565470345849681,0
8199,7.158373347388258,7.060081264698287,-0.612589768477924,15.204453632483819,-0.08390124778910744,0
8200,-81.16340173693325,11.963902021074349,-1.2626948485235068,24.186480857484707,0.0950193819706277,0
8201,10.354952092824407,9.99875705228077,2.576252363236948,33.20500804378942,0.011829389110787236,0
8202,-34.99693330667468,10.347223709827244,0.43435635528735483,28.11341803660902,-0.29518788046866534,0
8203,-49.785101706703884,11.943778388726214,1.5346079416309726,29.19683951695462,-0.850155619501545,0
8204,-50.953072481765844,8.799428358171472,4.93187589496827,26.6670246878181,-0.6821450062006038,0
8205,-60.716288042348054,6.8831300663159105,6.350035257084056,31.226549774415204,-0.4145335424262285,1
8206,-47.819888141717016,9.625102904394797,4.51166816923355,35.31344549040355,-0.5996022512082406,0
8207,-98.93570469789778,9.93136862704974,4.936270399149715,36.992842801563896,-0.667336333892771,0
8208,-96.30620328168982,8.596367651076205,5.873604931912631,30.670018492544052,-0.3374074026309629,0
8209,-74.14652137269796,11.853360786278609,5.039013494347529,40.488052515245194,-0.8012094641651224,0
8210,-73.99929387037983,3.695112265433413,3.9712376122680304,31.181117775629005,-0.12498127096938148,0
8211,-78.2119621018139,10.647454347841393,3.280692539563283,39.989830355476144,0.05842272885424832,0
8212,-110.45847158818933,9.708530069714456,1.4708942100926397,40.13225075364036,0.34082450772278566,0
8213,-117.01162159523389,8.738334696463632,2.421076745597078,34.40681473108836,0.49848761448312656,0
8214,-109.33391658188958,0.8320025064220573,1.1594269209732622,34.42798588042446,0.5399786694177324,0
8215,-95.16749035891955,9.731840030091725,-0.17318079269453335,42.206096272301544,0.6778730470082945,0
8216,-70.02030682718166,4.753544675282699,-1.7343791395265051,38.07919471432277,0.4542913551599742,0
8217,-139.44703899907998,5.416366885260899,-2.6011198989864166,40.49372292096456,0.14265197404569963,0
8218,-100.69714908659736,5.699827430406747,-1.9824397081824086,45.43393314201569,0.3497435399749018,0
8219,-119.7583977796035,6.450011361448701,-2.5156942116417786,44.927175921858485,0.04248757647099011,0
8220,-122.0416648432487,6.494108905200393,-4.385573310804897,38.46899157452605,-0.1965431211884822,0
8221,-64.6604340063206,6.567976042123078,-4.990238142676541,43.28082332112528,0.041199456961343514,0
8222,-67.27053513423613,5.969090819548049,-5.729004579635866,39.35772947868782,-0.49995439148845877,0
8223,-62.556836891515495,4.387485873091135,-4.061769373144453,48.84597451835798,-0.20469219849544126,0
8224,-45.7926119438318,4.248022390906852,-4.891548544676252,52.626040451776824,-0.6920853632008246,0
8225,-65.83353184545814,0.7606765857031523,-4.282351924793112,41.14717913297995,-0.5459452863979728,0
8226,-56.356006372803336,0.9587834204814847,-3.834100455249202,45.62787131037078,-0.6112462672473971,0
8227,5.023889318134572,3.7642596872349285,-3.8754453282827575,50.76375013582246,-0.23714398415413174,0
8228,-34.22302615676597,3.1553280987038557,-3.966042247036712,46.67176840741935,-0.2702424697105886,0
8229,-4.897172830392229,2.43237634192601,-2.918099383178625,49.71388842461248,-0.44378757113265477,0
8230,-9.58455941856203,-0.5426490613950263,0.16125795322922598,47.50128034781182,-0.17536964664404237,0
8231,-36.692694991306595,1.807360470730893,-0.6984368549715652,42.27722018379427,0.2699695990862128,0
8232,-30.638161103902892,-2.835886900803985,0.6096739091868433,48.454829980743966,0.4502636373788514,0
8233,8.554219170475898,1.1428306488116076,0.8377688370829663,53.77644581881386,0.011923141259755465,0
8234,50.93424189074467,-2.0295923530286935,1.6295922263757547,49.97205533029032,0.6574302956652892,0
8235,54.95848946189538,1.3682971241237873,2.836545686940843,56.76017416614234,0.7154145493915112,1
8236,66.46303901882568,-5.530121743090795,5.910421500390477,40.00603514548271,0.5347425795907698,0
8237,36.947997982095586,0.5585934610439929,5.328036952066704,50.9609986119138,0.46782693686981097,0
8238,96.94738022437514,-4.164701370192511,4.405017788722577,46.00830271057547,0.31943978010824037,0
8239,52.627312378346545,-4.665686665622524,6.079874985645891,45.03306942322257,0.08402573860543944,1
8240,82.7582617085209,-3.9722411715614667,4.710676299806066,56.22643703278614,0.277776392537321,0
8241,84.08695951609666,-6.200364765687768,5.889420727956813,48.402616785676294,0.0325001128378696,0
8242,85.76652264988272,-5.383140058918669,6.238117183748161,48.0233426573426,0.004077962723469233,0
8243,120.07413902558389,-7.132916226091371,4.385335387957696,51.58246391564257,-0.13315582114787475,0
8244,82.32613735726142,-7.464831183959056,2.6486715000543257,39.165562581911836,0.15674181470383042,0
8245,71.59881397139878,-5.478819044940384,2.3485525883604006,56.74608430741795,-0.1984403339139419,0
8246,100.16831226114626,-8.629480642770401,0.6936860015830523,59.517517903864515,-0.3802269420180906,0
8247,91.95249840356674,-8.719434509759934,-2.1550657440949688,54.57454780376189,-0.9251003840448957,0
8248,166.6786643233586,-10.267371052586068,-1.9586547471826918,52.042544601277335,-0.38288516196039013,0
8249,110.85264407989753,-8.84959187224922,-3.1885953470715465,48.863341710549044,-0.06732177599589267,0
8250,86.3547574611061,-5.51886816972514,-3.757586931400453,44.51380237858363,-0.3573141010526065,0
8251,69.69378389029906,-10.113930285962018,-2.0080949849788317,55.783872896996826,0.3023574251954719,0
8252,48.577289766392106,-10.144269541324887,-3.2490227729094934,54.299027023160484,0.12126606446799866,0
8253,60.18460633976325,-8.530401136633243,-4.325428958297324,51.85177900521206,0.2185601630356474,0
8254,76.6875358700309,-9.874788947799502,-4.1590941646343955,51.13338118392406,0.09439019970392393,0
8255,95.89171854197816,-4.869010030381136,-6.870478446836959,50.812452376899344,0.7000471265184226,0
8256,82.06248300047639,-9.819189202602658,-4.058637392833734,46.50433714084446,0.3042757807615088,0
8257,55.898361166982305,-8.968780568250999,-3.464817482907523,61.44474235848408,0.3866007846938514,0
8258,36.02813845068511,-7.8726706553782755,-6.086218484472653,47.29608308847004,0.10771791505567213,0
8259,38.6182051837643,-8.007648019998125,-2.369917368320841,46.35649336527667,0.6043935659390475,0
8260,13.287521740066628,-9.46218723930075,-3.722921888785957,53.83946407527365,0.44594678318060627,0
8261,48.20947952566699,-10.298159291272738,-3.340899901444992,47.81752790544343,0.2043689091027469,0
8262,0.10200722263498685,-5.9500545951832216,0.9380306123817627,47.57652366061637,0.2062188002261359,0
8263,-7.836160816567151,-10.194849496357302,-0.3972499100908685,54.43321460371215,0.03801301826958346,0
8264,-60.360023510028384,-10.850943315475119,0.8676283728558503,50.42337196186296,-0.305497856744525,0
8265,-29.72614119984639,-11.206581527335617,3.4838234872505374,50.328504967549065,-0.5098123583619886,0
8266,-18.60367140085216,-13.291028354985125,3.0001878661408776,39.22530431979812,-0.7848312019904793,0
8267,-65.85067639656741,-8.092140412277693,3.8046910493018484,47.930477315684065,-0.5267812417081542,0
8268,-68.22891067103536,-14.305125318425869,4.30333615058595,40.4952858783347,-0.7584635183308429,0
8269,-45.54686101848454,-9.470033346460168,5.1939714623926125,42.825695933002365,-0.42550705190641874,0
8270,-98.50730392690755,-9.694266530395012,4.767778323827534,45.53817305990586,-0.41041575049363754,0
8271,-54.70205038764142,-4.607365946734139,5.056879348259479,44.02035505585206,-0.34523474416289374,0
8272,-92.62691065839859,-12.530636349713518,4.190783706899268,46.99625297823044,0.08163468597222645,0
8273,-95.06220222524864,-10.427414310631704,4.610601385600859,47.08492760756569,-0.1763770956588813,0
8274,-114.20302968148705,-8.633715970982701,3.9672806002032077,46.948574449714556,-0.20200301354096964,0
8275,-87.68266964227352,-8.471997592477454,4.800328151801696,35.471288850040196,0.25424198082495775,0
8276,-48.61264590570082,-8.871255822173229,1.6544848943843609,53.46059683349506,0.256321636161277,0
8277,-83.76934552887025,-7.609943813436242,0.9037054922269447,40.96276477008245,0.49749797429614395,0
8278,-117.28103541686627,-9.62427876529032,0.3354605177483249,46.572245757104085,0.3170706609968474,0
8279,-76.87983804312061,-6.030193679503316,0.06598443789098263,27.34173213315961,0.5658564638299883,0
8280,-104.52766740782079,-11.010118315506475,-2.949305343461507,37.97640497018086,0.2261023470324149,0
8281,-68.32508084313554,-6.025339983831536,-2.6393512107593198,31.37367038201665,0.12528767684054384,0
8282,-76.3446067966324,-6.766236909245235,-6.026609437952339,33.728815605287615,0.317898955636131,0
8283,-147.08030956347346,-3.1107589735126986,-4.425888197911988,37.631769047867174,0.04052132909455645,0
8284,-103.15697444536502,-1.1976683975166869,-3.551581055280794,35.03363983447215,-0.3368515268505544,0
8285,-58.215519108051026,-4.9235822817252,-5.636045755401652,42.59118633447467,-0.4301684868008214,0
8286,-67.32752997742423,-1.0225620158565545,-4.822918586208746,44.16536759518523,-0.4333144421009471,0
8287,-83.39022561939419,-3.969274311721946,-5.419190156206794,29.7714151660449,-0.6742438854697477,0
8288,-67.51270127119594,-4.793981806562604,-5.445254945794019,31.438097249163153,-0.5503297776886044,0
8289,-84.34349540485903,1.1125443257647532,-3.1271114384593206,27.979268413594273,-0.5463675185177699,0
8290,-38.90227819332654,-0.8492973091907596,-4.493202669310725,38.158743588542535,-0.6380177768066225,0
8291,16.53397140859119,-1.3888342727299774,-2.366866582494062,32.40604253641655,-0.2427746352089976,0
8292,-1.849598323203633,0.4732760633377502,-1.4573290491575315,30.991418275617924,-0.46173676376968276,0
8293,35.77096400213377,0.14623584243518456,-1.6529368641465219,31.598700898538915,0.12961143191888908,0
8294,19.601762694785286,-0.04074310856293087,0.35103005055963665,27.675106661694493,-0.014404437212332113,0
8295,32.475082754073256,-2.0555282005405595,0.24909131636806014,24.131511265090253,0.04355871957394561,0
8296,61.25958901710668,0.5544206839630232,2.647321484368514,27.84067027484744,0.41388547856100566,0
8297,38.95820109459219,2.8374195445392383,1.6673361924071533,25.41085600152605,0.4160884449871957,0
8298,36.98944245129722,1.8368039423705842,3.3805345329495333,27.630821531381738,0.6278119909244393,0
8299,70.30119163552527,4.373231629607773,4.056916261914524,16.875253685516945,0.0997515448182188,0
8300,87.14283164992352,3.8157033561051232,5.840377487787285,25.096371099979287,0.5828024844795048,0
8301,56.304543110869034,1.7643144775274382,5.096732046432839,19.838114306606215,0.3122198139581472,0
8302,58.65177403188811,1.345637369062787,5.943361742291698,23.151321744621935,0.32306834187988964,0
8303,82.30937330741936,4.123060577501003,5.375828874956914,26.021740206108003,0.16920647131149008,0
8304,101.81666699884836,3.831305740805461,5.010026850489053,17.807950275128018,0.3107627778023539,0
8305,105.95179039074529,5.982554450649535,3.5925018323906213,25.6574530799126,-0.4797623001109979,0
8306,65.41074714337572,4.29051169654231,4.251597239091357,10.046829768484132,0.07567050830508393,0
8307,135.0921914165919,4.898564560137466,2.051979809899876,25.539079031537334,-0.223267915617362,0
8308,86.03494861307549,8.622730663490735,-0.24022174697498033,23.074569589713953,-0.41897301549284505,0
8309,94.5673654610868,7.183951097914741,0.2968842781249428,11.504562982825187,-0.7808052746999872,0
8310,81.8281417044743,5.835829686224527,-0.033183161029260944,10.595421144237669,-0.829077322641363,0
8311,152.86238890547847,7.612206652614735,-3.0722147155121,6.5548110623397635,-0.5632297353166622,0
8312,101.76367461024097,10.65144637761101,-3.2711923782767416,17.67391576208817,-0.24010632742178625,0
8313,76.96079341287955,8.778168175810865,-4.442053603153504,10.44717207727852,-0.25161963787884684,0
8314,107.37777980563894,9.652995104346605,-3.1220922200034193,9.107741450463223,0.004305923261299693,0
8315,100.70079566175366,7.2179597745394,-2.777458956620368,4.535430459104312,-0.2549905112333174,0
8316,75.92984081940574,11.008801434395865,-5.024112738630944,18.22822940023162,0.19221766001138077,0
8317,90.0666367644159,13.803315791061518,-4.455039735284127,3.319742713332883,0.5316939465585393,0
8318,49.58684973552711,7.772411571079374,-4.454408432597831,7.316292178904073,0.7043497661676162,1
8319,48.41213359588369,7.156410998362452,-3.181751882833848,7.284346068947508,0.22755478428132353,0
8320,9.661756580991579,10.01233998643392,-4.974931376068499,3.217695924864647,0.4296101505614877,0
8321,14.484413080888174,11.52917404284749,-3.956767490086625,1.2110682284520093,0.4088185785408245,0
8322,67.80410287219613,9.687852725964627,-3.343189274893523,1.3719983996964027,0.2860813795812631,0
8323,54.85186011362828,7.832015965236936,-2.0728884499190188,5.046468820975079,0.4905396144793326,0
8324,13.490811923200345,9.764216224958918,1.2958702228135748,-0.5148749734673665,0.753311209364975,1
8325,35.463770320410454,11.195576622105316,-0.18964940180786918,8.348259734421406,-0.18968724287172198,0
8326,-10.988278972883371,9.178342678080366,-0.07839604220347884,-4.664629844341242,-0.030903934130697613,0
8327,-22.569122885283438,11.174954811019083,0.5876432972048384,1.9914413989566244,-0.19531506797683054,0
8328,-26.30796974796267,12.233008864886393,3.8911578000518987,-11.560030259416292,-0.30686214055122946,0
8329,-39.39972725523984,10.302437254297331,2.570441378663724,-7.660495032631733,-0.18642258206838952,0
8330,-50.29962890627821,9.659919343729165,4.747734779933422,-8.853653549455618,-0.42065949847055667,0
8331,-31.762573523826482,11.244057142950377,3.8960863442300355,-11.286174432027792,-0.9206284724384199,0
8332,-59.71680556550749,7.718763612567985,3.618292973519204,-5.341351711261988,-0.7347133873365574,0
8333,-55.93219363578848,7.343569073384383,5.604644382219877,-8.299054301245826,-0.5747559356757667,0
8334,-56.31529506316564,8.518739991251483,4.283846900175363,-20.128561864269663,-0.3928203691341744,0
8335,-75.17147822135907,7.844396474547579,5.059235126342265,0.26044263238996024,-0.13104687143318572,0
8336,-107.50424817330573,6.975676465816376,4.667574786694216,-9.816078116755707,0.0031168861275119447,0
8337,-119.43951265072901,11.976050967181587,4.082862807516962,-11.664918519477267,-0.17354634011701395,0
8338,-92.76690303794705,12.371070582344032,2.4957616107794895,-6.090189086143,-0.002605884987336382,0
8339,-101.57133512428922,7.011580695031916,2.5672182020182253,-8.661400774453616,-0.005167767035343718,0
8340,-97.82142926530163,7.575041838251646,0.0006217524888172399,-16.05605148250521,0.16992506304997373,0
8341,-100.31852433343748,6.6700562974648285,-2.5255925328665336,-25.28140422331348,0.6981178143740051,0
8342,-47.75501464871948,8.897267731173695,-0.35642990108462724,-13.644357281521758,0.4202982851625808,0
8343,-124.46662066787177,8.913385494893653,-1.8471600661778822,-22.22137667017815,0.21597634999131288,0
8344,-135.11882294458312,2.3516399402497004,-3.4920152981752413,-12.14472116574585,-0.08118276653885104,0
8345,-85.17775796315586,6.44749996120467,-5.107382563410272,-23.14842326110135,-0.03142362671732363,0
8346,-94.94165482012394,2.4574106682822014,-6.282135840148856,-22.445794128401392,0.14609897635656505,0
8347,-75.80635159188232,8.15049766346315,-4.633884951442146,-27.81314551527378,-0.028886511186806726,0
8348,-64.34396087854053,5.06576693518845,-3.2901118783067433,-28.311058621994068,-0.312115379049812,0
8349,-43.47385684751683,2.0794283275574545,-5.133826533404834,-23.43850095597302,-0.4292640369220827,0
8350,-91.7438131856695,2.775027779941559,-5.213830160392247,-24.78880698605961,-0.8107660787626416,0
8351,-64.56152095063607,2.2031167109914414,-4.540634619228564,-27.03179701560742,-0.651607119873258,0
8352,-36.14597747942045,3.3477465552869665,-1.820784363371514,-15.252339807480643,-0.3808185175042284,0
8353,-20.159130932748987,3.8920527147137123,-2.572340989491936,-23.353973457505028,-0.5784930032137449,0
8354,17.80877569370793,-0.9819998678004613,-3.449549042204878,-27.165247503562284,-0.030811149329512733,0
8355,2.8224367016764305,4.494825575495548,-1.5792945255498418,-41.83646547686409,0.005386642220077453,0
8356,-7.496061338093387,3.5295557810568687,-0.30230425430026725,-24.74314862866952,-0.18564463624210134,0
8357,-14.17410126953182,-1.932407851233954,-0.6931176408121826,-14.709912917242077,0.0013499730526715173,0
8358,2.307404085090951,-0.5356391016633107,2.1058397552706287,-31.421077679092793,0.6434896950452493,0
8359,11.561913258008365,2.242595175446272,1.458687438802742,-35.32042888666622,0.49500021889856993,0
8360,46.10944623597075,0.7919829789379511,1.6045868505972065,-31.225276137213452,0.43722145061597384,0
8361,47.40375373742813,-2.8379887723883943,3.906496099922742,-39.96015988154784,0.5201119029476814,0
8362,24.627558601621672,-1.0210614715029318,4.310332147433888,-31.240909495204296,0.5294124326920211,0
8363,50.70868602522164,2.866040067246634,4.778476930024142,-26.784793357557692,0.4682710204660196,0
8364,84.71005976813683,-3.38883270596828,4.211321504006414,-38.36150574249145,0.1873695023839601,0
8365,81.25371747638809,-5.326249318757579,4.348944726538729,-38.90701394288088,0.21513041982418613,0
8366,91.91313796898851,-4.167762990765754,5.902295257743486,-36.80496391409964,-0.12399006268637897,0
8367,93.71372361024758,-4.459869226405603,4.824407186512722,-39.59069356283949,0.16122436026676018,0
8368,123.23911185596931,-6.430037763767309,2.861299270387127,-45.309462731125976,-0.1586435748050172,0
8369,99.18021689221206,-4.912255410143154,1.149858808552025,-40.32224579568667,-0.11365311191456326,0
8370,89.54395145303947,-8.704363179607128,1.3450402853604222,-41.963926159329404,-0.6362330816143693,0
8371,80.78252457500751,-7.911198632485922,1.4855793361307463,-32.81331744449617,-0.17546438855724372,0
8372,104.93288183344396,-5.431764284095154,-0.28778222037973067,-34.47057195751465,-0.2377912690102988,0
8373,50.97110528016819,-10.808751461415065,-1.3633516276556699,-33.846136023899604,-0.805246698953938,0
8374,94.94687785576018,-5.8251867731217875,-2.2146517690229572,-37.392998704404825,-0.5407623059451597,0
8375,92.37782809669557,-11.968922056830195,-2.605185590644755,-40.92507187076702,-0.429010378433919,0
8376,66.10303322641602,-11.701187590820512,-2.5538749054911607,-46.86160824548604,-0.5158581165185584,0
8377,70.79181203733486,-9.50948297129394,-4.011851240819468,-36.377576389371285,-0.13859577830123282,0
8378,100.62213103157795,-8.189510470661574,-4.462501097275972,-41.770591074902605,0.17439085758121356,0
8379,83.27148056433805,-6.34252008957905,-5.081929494490025,-50.23367049310687,0.11267408819619189,0
8380,74.13536021398333,-9.085132974296865,-5.495420955706058,-49.02924339024899,-0.010680522916208024,0
8381,70.9484968697748,-9.877820765763461,-4.041640934561733,-51.22722864632471,0.5820822092518828,0
8382,58.74837513902262,-8.386429208225096,-3.9365193888429735,-55.59928504346509,0.3267392878232926,0
8383,73.25886756616532,-11.424408490701357,-2.190147356538906,-43.809031768428724,0.36198757018374994,0
8384,41.89237992131432,-9.516598192125286,-3.0125156735745193,-52.33522195806643,0.8050676809991033,1
8385,0.8878044483916305,-12.28265521786484,-3.364706226338725,-50.301316186016905,0.47583020316385594,0
8386,52.982666142948204,-9.78221159994864,-2.8998851330816,-46.684528305950124,0.12695949796114608,0
8387,17.911241421564775,-10.2458319160613,-0.0916868064625942,-48.15657687041321,-0.08257122786221885,0
8388,-11.261226164342052,-11.608501540454647,-0.8673710106959821,-51.10382104405803,0.2010355514458224,0
8389,-34.53000765833633,-9.65869615131121,1.7516888907358732,-40.24245234762714,0.039173633626941484,0
8390,-11.43496970783363,-9.63552310339208,1.13882187903986,-55.751721246070694,-0.3771475567631499,0
8391,-31.39460374315019,-7.5406829975590055,3.128981317993225,-55.79738416548946,-0.6385328242381507,0
8392,-6.975867815592988,-13.01710261477418,2.490336012464752,-46.334086945919545,-0.3859949359312895,0
8393,-54.40032139001215,-9.847668927712954,4.958706099982687,-51.97727569144874,-0.3793457141688517,0
8394,-72.77873760591916,-11.081597336971107,3.407286212363112,-52.376616144802796,-0.5631969319339236,0
8395,-46.10429903541465,-7.6631521444234405,5.191031974797906,-54.62970431404625,-0.6561508631394816,0
8396,-52.86401822372727,-7.7129540597706505,4.801283372257619,-47.70797196857606,-0.33853219135032175,0
8397,-74.63295939193006,-8.00007328600962,4.982679134320534,-48.41551333802337,-0.12841738014322412,0
8398,-70.33576642250907,-10.196019391192404,4.172233261593521,-49.07293516933917,-0.17574986395497244,0
8399,-89.63563997361535,-6.76796530277796,3.6538283233118505,-52.68834656288209,0.12348268697859563,0
8400,-88.33550718138633,-11.328379100554676,3.570539473642239,-53.61381245576052,0.2863814133823643,0
8401,-72.91454994950313,-11.44728343750766,1.6201143873298132,-50.739293312988,0.5672294341878523,0
8402,-85.94821716273583,-10.217011316469538,0.7161842567799741,-45.13631589136494,0.34774522836801636,0
8403,-103.09656319519983,-7.4016670423664905,0.39887170696640295,-42.15342182455311,0.2591971796336998,0
8404,-72.92403399981433,-5.63550375107578,-0.6370300382825425,-44.442649106829805,0.48524438190420194,0
8405,-146.5297228311677,-12.571551689180158,-2.2323869703544004,-47.45594671562348,0.8033205289241603,1
8406,-56.46098011300935,-3.591109996019014,-1.2412901821192643,-45.03896712711784,0.03869677589108372,0
8407,-128.9172469915528,-5.575891944845973,-3.3521608162275967,-55.80476263374647,-0.18074451890728938,0
8408,-103.6883494111311,-8.560589459395848,-3.9762264498672466,-53.38921258218407,0.1256272618363581,0
8409,-87.40256581334451,-4.796519464048741,-5.659486127827218,-47.10371912547477,-0.07640464425545575,0
8410,-84.08642986133326,-2.3742377852949788,-2.6700140149549396,-50.20197681228412,-0.1899580523955236,0
8411,-54.79030490050046,-2.909885946957697,-2.5352399245638106,-47.78925759515595,-0.3318894376842942,0
8412,-89.08840618346477,-1.4498314352417485,-5.765531815687801,-44.42529049689834,-0.19088944927727028,0
8413,-55.050734742330796,-5.910562357852477,-3.583131242606135,-45.02857360033953,-0.4747107580532065,0
8414,-63.56255167608215,-3.5282275904023805,-4.533387063708412,-54.40997231259862,-0.33486818793574946,0
8415,-37.308178822360546,-4.065000465686081,-2.2930886169297597,-48.68279156237067,-0.982299380629561,0
8416,-35.2873822900315,1.7096834070778113,-2.8605542135386752,-53.11348817741407,-0.5371346118373397,0
8417,-22.574526526175884,0.04770047948710432,-2.269508399764916,-52.143924533226794,-0.5003853640025301,0
8418,-25.62890986155719,4.960522687866978,-3.946568035842354,-56.54033614706522,-0.6701232421832659,0
8419,-14.882683593981318,-1.1693534802173735,-1.3462331735119584,-47.02745193482156,-0.04933656167289851,0
8420,11.05982935590539,-1.1835355459840986,0.5512075864114789,-56.30971247148851,0.059353505492551806,0
8421,34.131373338884785,0.47944249719342635,1.7065104737685837,-45.086605206753916,0.12834340990781806,0
8422,13.081717155796655,4.019180773250259,1.2100548205390111,-39.91764284014941,0.3190865851310756,0
8423,17.211929183856046,1.0244419993296399,2.516488665520563,-43.692126464640744,0.4567351788935916,0
8424,56.05087495483366,2.49538083298617,4.489700588236168,-45.69975452993046,0.6915003485776638,0
8425,51.888533355571596,2.924096207901907,3.0871102097311773,-37.883961885912655,0.626539865926026,0
8426,77.38056503546125,3.287092124612641,4.959900442724911,-43.49775834630196,0.5284102766351526,0
8427,50.279449456687566,2.3726669056032303,6.227569833322992,-49.00943435686488,0.8474809403621002,1
8428,39.748022418429905,3.8630551706471907,5.339611257468874,-43.61303873788569,0.13326927256679058,0
8429,70.86538608133336,4.227263645278624,5.05664770502142,-33.96527189112277,-0.13280030075220997,0
8430,71.5725067988151,5.0107047871326,2.279811057112333,-48.73457705660882,0.22587396847429675,0
8431,89.82961058057683,7.338671033425973,2.885425338496977,-49.6623477951646,0.21707480268481488,0
8432,82.26100156664987,9.385070502673264,5.021115685670916,-39.16042655166716,-0.4167064419391241,0
8433,112.46158447551994,4.580465462120541,1.5090461790545389,-42.811583595285015,-0.1216076631608688,0
8434,93.54598074845374,5.8592182152917704,2.4299309466919983,-43.79099912883745,-0.5758813736310389,0
8435,102.99395395959976,5.358447591514019,-0.434602514230648,-46.8501070007213,-0.3823504209972865,0
8436,102.81362142649948,7.730422857701071,-1.0978245562681384,-49.71177009477629,-0.3567561795626766,0
8437,102.2407193078716,6.608882544751759,-1.267968665298655,-46.63437415337637,-0.5532243819019595,0
8438,95.55712551823537,8.475326852698885,-2.5753092206768113,-30.652871022065685,0.03827203181324462,0
8439,102.99021479014266,10.493153562679975,-3.080252747125657,-38.13165407080747,0.18675814884785327,0
8440,72.67658244421096,3.503692492615065,-4.927908760091414,-47.243655066416494,-0.2659231651323929,0
8441,111.50436894272106,9.786987831742495,-5.729708467598303,-30.84098053164265,0.12791535551781893,0
8442,72.87712366189808,8.109122157667526,-5.78010377656877,-29.902113881309102,0.4121569486321606,0
8443,44.69331729434964,10.153839956186308,-5.532226596025925,-29.230557398631444,-0.02618698647022294,0
8444,67.29354375354669,7.620478029371885,-5.135535557046248,-36.77567696594586,0.4453550842010537,0
8445,38.481452017546815,11.962831726291189,-3.579727643398197,-35.27950197271798,0.1599390513221749,0
8446,60.230149180812674,11.529843040310114,-4.056345076289019,-32.50616436384496,0.6307155579277606,0
8447,82.0651231492159,10.948705004727831,-3.0205772321971005,-25.434648631905148,0.47664236780610497,0
8448,12.712708321906888,11.48264615489781,-2.5853208850096427,-34.446988236871086,0.3058818348880266,0
8449,25.37853079629554,8.464412463608708,-2.9553899432453514,-34.664482762919505,-0.045557753035048776,0
8450,-26.279248464485406,8.75098061855906,-0.8623667288057533,-26.62160904209444,0.011365252177758703,0
8451,7.9205120091199,11.504704892047613,0.2465336119129897,-23.24925696247055,0.08647860980734567,0
8452,-28.84875818260783,8.44898419393649,1.8664478324969669,-28.743303528990605,-0.17245042443288547,0
8453,-33.49681209677243,12.835366655449377,0.9845960065399368,-24.299578584782363,-0.05797331345111911,0
8454,-52.681660811741665,9.231713439610662,0.8775787061423381,-26.250912026742064,-0.17666722267039592,0
8455,-25.36241385150433,10.792791287807527,3.842727845608884,-27.220011700121212,-0.2549704156543521,0
8456,-28.809137464619106,13.87314106425366,4.622618140478051,-29.25043731522442,-0.6072285506998439,0
8457,-56.94816214050112,8.123653268656323,4.521505126203137,-30.003562199413494,-0.42369074671405194,0
8458,-82.59136200172918,9.51124614589391,4.973622979783842,-26.42861598845847,-0.6156267589254941,0
8459,-40.746844364198715,11.296282216020687,5.871921056034479,-27.346262993495568,-0.5767130944860992,0
8460,-94.05521605784605,10.881698902298334,4.3828286183408,-20.150749696119416,0.03850499255680781,0
8461,-128.0075562883353,8.092298557802017,4.218458193437039,-14.574001844224627,-0.29063521438300727,0
8462,-80.472063930278,7.461388089860222,4.052315173804132,-18.726987827558315,-0.16282202988945677,0
8463,-115.71261975033389,7.754264188056574,2.0712416590888365,-23.427956635408243,0.25773416957472495,0
8464,-76.88684117554664,10.82139161473169,2.32573269160073,-13.617430359420252,0.3021433060948821,0
8465,-106.35787679992693,7.052794336397956,1.5016848915421703,-15.472626623908535,0.40719277285197497,0
8466,-87.75043516631624,7.433543849385842,2.2278600327300038,-13.538839753155557,0.9532608277378645,1
8467,-71.88685475238461,6.071856446663134,-0.705462271671944,-17.659339189993037,0.29736965159118967,0
8468,-123.18786442825186,7.967333475415654,-1.189260182506883,-8.439123751432357,0.5550728708024479,0
8469,-108.43397314881523,6.481706201862005,-1.397192757955806,-7.502541886007373,0.39246900892327424,0
8470,-95.76285209780318,3.7627848593485544,-3.9875099783248618,-13.09681249116881,0.46255326163398164,0
8471,-59.69089522138488,3.4165794805396548,-2.48291818944993,-7.611953497480168,-0.034203577024443696,0
8472,-98.89840113376668,0.9282090223996162,-2.6495891268435683,-4.720021397051317,-0.07065318037458646,0
8473,-92.05305258386534,2.821658798880833,-4.8212057319612045,-11.57349186426719,-0.14934420692586278,0
8474,-64.23143705923424,5.619866267354146,-5.519531336645733,-8.66828901940817,-0.589971356053209,0
8475,-78.23276525145566,6.217090942234186,-3.3422405999791254,-6.8752993144775925,-0.7682661737845389,0
8476,-55.86528888851626,4.469359733093868,-3.9648711983353073,-11.77260760552268,-0.47889478238880107,0
8477,-81.58550351101927,3.7284365544078266,-4.279888718231579,-3.081931651380387,-0.23237984525882166,0
8478,2.598021615982887,1.8805026341917994,-2.3624764443243933,0.8177485011353021,-0.5508651236933686,0
8479,-59.3600455015071,3.1924336475004065,-1.744722175403678,-4.017199136693646,-0.46104346257177,0
8480,-29.234409985191522,1.7201051323678236,-2.5561450606553957,-0.6001031989345857,-0.08814649818771525,0
8481,-13.61466800454514,4.258522504625658,-1.0368320625892578,5.6928858045355,-0.21988024016484273,0
8482,35.252566483940726,-0.046813916338433986,0.276808059607589,-2.325922263492902,0.11041791620032257,0
8483,-19.50427377694316,2.336169917229383,0.7262825216409775,2.501137445386328,0.6374993307569996,0
8484,56.59069443037117,0.8993333845641012,0.27640960432830863,-1.1495531200183582,0.12865420295689795,0
8485,41.81509282948424,0.12506505936034729,1.6322791950357842,-0.287007956433889,0.3267156092472006,0
8486,44.50191420738863,-5.862367045056201,2.013055150661688,5.405926123423139,0.5270819862136612,0
8487,25.594486445826245,-0.46997064906927166,4.530617669229519,5.89976539513213,0.7918708459599517,1
8488,65.38464315957276,-3.066511446165838,3.358746386332913,8.462847394257231,0.4721414738559367,0
8489,47.62757535180501,-4.175466918877827,5.059803102795328,7.060597659349101,0.5984096356084392,0
8490,94.9455665726518,-6.721341131355068,6.829527905470898,9.99515187982911,0.4390963046673019,0
8491,57.01059112944601,-4.225203604139268,6.356393810203132,16.983598862935736,0.23902672742266076,1
8492,80.22447042793797,-4.59490755105362,2.8257178536830505,14.93865995216455,0.030703698916995592,0
8493,76.61379792699543,-7.704343397873447,2.9330394480042434,12.310264827766344,-0.1559954127415767,0
8494,72.32395796225481,-8.468485515863252,2.8159220932390063,14.117892533175684,0.43306317644754755,0
8495,110.33599393147061,-4.958469888489058,1.6608932397497969,11.069211492980576,-0.618058678579114,0
8496,108.69965259614968,-4.5832560823447945,0.3007611055581698,12.733114802711048,-0.7012361086858974,0
8497,123.6724732193082,-6.325244649347935,0.9904709405825585,16.951292165937467,-0.4283584388169708,0
8498,64.40246480396843,-4.766524260694874,0.713228506226836,15.881370488519135,-0.45934531377962573,0
8499,120.79191212744436,-7.5856798167813,-0.03134536395314247,20.35616755661532,-0.39275655466997794,0
8500,148.13175128056952,-7.847800270841665,-2.414078965664902,23.66783779208164,-0.5882639921951545,0
8501,86.52481533517121,-9.879997939625248,-3.088404044819888,17.758108811263092,-0.5170535857290637,0
8502,130.0406929832327,-11.453159332893671,-3.2254356682081085,9.148015230135412,-0.23941403983467002,0
8503,82.53396927323604,-4.889257256838606,-4.311443373001225,30.28452448091093,0.14493821333590245,0
8504,55.13123338889274,-6.580397595073113,-3.846637268164721,17.762544449075754,-0.0911334841320285,0
8505,70.42390636882985,-11.85033211696834,-4.495495791262962,22.903852166082306,0.2815948465710086,0
8506,90.69303368720497,-8.953455907811739,-5.374403167622095,26.459761195291737,0.26542033397694437,0
8507,45.46111514142768,-9.6415475122536,-6.727714721257078,30.752294951328842,0.14661748708002115,0
8508,42.09183398029777,-10.14233628273385,-3.050831945003037,33.613243140611345,0.2385411879036009,0
8509,57.302822778535266,-10.541302596699698,-4.733342278977534,23.629518348502753,0.6760002955692198,0
8510,36.37272157247738,-9.065341068322635,-3.0257462989366637,32.25296559733301,0.3281508015980618,0
8511,38.520650695234195,-8.271576192359522,-4.501059877011284,28.139527598786987,0.6125653286777155,0
8512,21.83339644575871,-9.158428128130433,-1.69391346359965,41.69989816304748,0.2387427769028635,0
8513,16.747300209696547,-10.234627600403831,-0.6133837634006506,34.30916203454619,-0.16697586133092823,0
8514,-11.48473004422838,-10.313445898318664,0.4323583072228696,28.731104181168064,0.05290493570362288,0
8515,-8.16922421884287,-8.105773169795363,4.283639010698235,26.45279975229724,-0.3481277915676461,0
8516,-41.18850813733163,-9.007977959175717,1.5741921055482972,18.072737570777704,-0.3917723901915272,0
8517,-6.483358669592821,-9.720122945494737,3.8735206881081696,35.35410633941795,-0.19013893322937736,0
8518,-54.22625691841077,-9.843279886098712,4.301927141910094,37.78521911236882,-0.7376787655831376,0
8519,-27.837482725310874,-8.962488086666552,3.6752492926645774,37.21942942324977,-0.5898713781047483,0
8520,-63.45651724567329,-10.447150752438473,5.5611754976969126,22.460810438915157,-0.6922011130537503,0
8521,-62.52698928689237,-7.701028829641515,4.803215945648403,28.65989250512047,-0.6466331521877319,0
8522,-83.58373684072554,-11.306121277027948,5.856770868679748,38.06215010786899,-0.39978062483449806,0
8523,-100.38560014132145,-9.764733619117585,6.757883255718548,45.279473922954004,-0.3459746951637481,1
8524,-120.54215504166726,-7.484674960236157,4.57187441607339,36.75336850168727,-0.08297645160614184,0
8525,-111.47893024680495,-10.715956645961981,3.5878508598252647,43.1531991067467,0.24835724433899165,0
8526,-100.6731523066605,-11.31839089590365,4.214188968753833,33.17296627455518,0.10842953397581387,0
8527,-92.83875477724787,-7.747974572660872,3.7268584580565935,40.0146956340709,0.07987737630741493,0
8528,-78.78016051598301,-10.949121121285778,0.5216223283001019,38.224218792614764,0.5833565238992995,0
8529,-108.82525156056401,-9.817000232534447,-0.029410773246146826,46.13809231332073,0.3444437133344783,0
8530,-117.4734045160111,-5.351348476432334,0.10075058168122142,38.08750926426948,0.8581088024621752,1
8531,-127.61506159876502,-6.902093050868742,-1.6820133203557126,49.74198618050983,0.363352851335545,0
8532,-87.09928524198014,-3.5333065333525937,-3.417829079130226,40.37204996763273,0.33079000951167387,0
8533,-66.01025900824105,-8.110409489724631,-2.738106140437847,37.09822334336502,-0.2219781837972549,0
8534,-64.38517453507058,-5.470936931083066,-3.291899707063547,37.78594922446019,-0.13398612435273266,0
8535,-70.65438506069457,-4.052909656222683,-4.824355804016524,40.358111219001295,-0.5067334171200917,0
8536,-66.37561028049457,-6.750027515722411,-4.77620097123946,45.80845706878757,-0.13680654530160938,0
8537,-38.69663220176794,-1.8913725413146607,-5.568844651741766,41.37351244029791,-0.3392275520976237,0
8538,-58.784223867231475,-2.469552097625563,-6.0432047409504035,40.771048550955605,-0.2952468970820116,0
8539,-44.62629137747764,-6.236772094347053,-5.203467811272513,49.754550024722896,-0.3205619494241906,0
8540,-55.51258450263581,-2.613425647449139,-4.203277300219802,29.6633694528575,-0.30746241303944144,0
8541,-67.3952369821982,-1.279429183170972,-5.152586466370221,43.96571988545267,-0.5178359065442658,0
8542,-44.487600687176965,-2.739729315080032,-3.3551875605176704,39.82115745516997,-0.3865800766077958,0
8543,-21.34220700280812,-4.023720863689457,-1.9801652004249242,42.50819980895349,-0.18265101129533562,0
8544,-10.080308341151312,-0.00878913490906974,0.0722883252661235,48.40960566131549,-0.3255030982349326,0
8545,37.20557780267589,4.356477497798753,-0.4445947802615045,46.48570114767844,-0.2073999773667344,0
8546,10.294470949596022,-0.34011330341325885,-0.3822730960259273,46.33603876771902,0.43674441679697096,0
8547,42.14824631150362,4.071116143850038,1.6151707479092265,54.04429229218336,-0.09547257000874859,0
8548,19.58672336827118,-0.07549607461073782,2.14671271920156,48.292298348043644,0.4790508179830664,0
8549,31.488994228305305,2.3530486668926933,4.045741849021574,57.63497125336154,0.5267226658023552,0
8550,20.199692073007345,3.9530743940289463,3.796661894319978,52.39050228718211,0.272291847416324,0
8551,40.52320868776608,2.875250117526772,1.9001723781144255,44.20132013506105,0.35747139441977316,0
8552,73.94608447190431,2.771425581440977,8.594719666013415,58.891040645983345,0.36989270258978346,1
8553,70.96081159643818,5.28555586288611,5.142343689918693,50.77713199279871,0.3953997454380903,0
8554,96.36402553394892,8.073033735999735,4.9867237020176365,58.891615058698754,0.3017549781633587,0
8555,87.05157038084283,5.337396965504459,3.0584248596667853,48.32885604961563,0.08391812744284861,0
8556,81.46508513405489,4.138364282717664,2.6541873065364214,51.127087432709,-0.021582850542906713,0
8557,135.6833611699176,5.212319521958047,3.3815275286016138,52.01318874524326,-0.07144309423393799,0
8558,94.11621479604067,11.038599284040952,3.02589118604397,49.078797888002974,-0.20658912835408544,0
8559,121.57202466460897,6.661364746031991,2.500846717700237,56.32574849637883,-0.11887893230504037,0
8560,91.62323918077466,5.5791140891766675,1.0734731689571473,59.655854527117796,-0.2755814003914792,0
8561,114.1791868258351,4.837280297304799,-1.3459338560013445,38.532612546435445,-0.4958657092742243,0
8562,117.88824532426199,3.8172737575428153,-3.6541070640697493,54.06063603847578,-0.34189093084871625,0
8563,101.84605459129781,8.519235508913685,-2.1936790694841815,45.48083138707556,-0.3138799428413858,0
8564,47.95889130979924,9.404865852950554,-3.4877881426854183,36.93613376565709,-0.2587707509433137,0
8565,91.83623987443691,7.585469674880336,-4.958982726323821,52.41213351091419,-0.33232683802406526,0
8566,111.5890826054013,8.611258574798335,-3.4635860662832836,52.33034575714027,0.02105684314277002,0
8567,92.16911507792057,6.541014870054987,-6.291360012955098,53.021657257800825,-0.27621342767144574,0
8568,84.36037764074749,9.366333875961677,-4.334950000492571,51.343356137911336,0.4873088082416014,0
8569,34.06875566158647,10.259259792186365,-6.400775013675358,53.71074360384934,0.45454845477962824,0
8570,46.49051894724843,8.39849698998784,-4.6963056019180645,46.14804063055126,0.42993268870632284,0
8571,60.90401012787602,12.998620104224191,-3.543604637274096,50.28795907453539,0.4136683123758669,0
8572,52.13543043714806,8.068352074184464,-4.284190003396722,52.250533100482535,0.6202866897608791,0
8573,59.033096194324685,10.41001656035245,-1.5676897807800243,55.29339377013251,0.8047477976604731,1
8574,22.307312974607154,11.615593884147394,-0.5212056018057951,48.49734112186919,0.42106197093184305,0
8575,23.534180784837133,9.815484303945436,-1.2861603413473959,46.939325930589874,0.6043853149161864,0
8576,5.804186311299983,9.619293560009282,-0.005462811845859061,47.44309660205732,0.238692825993171,0
8577,-24.257872226801936,7.139713378403399,1.5121489541658146,41.443225784802735,-0.22868119117513552,0
8578,-59.58541055907149,12.68833874461054,1.9761572389192301,50.93224913364271,-0.11343894785071108,0
8579,-15.655381235288939,9.585150478514585,2.7921862710600065,39.451646540745415,-0.2575086433496346,0
8580,-30.36006852859734,10.926141686993898,2.660201689623212,48.328460290363836,-0.5912869434389796,0
8581,-55.42784292865437,11.098702371541696,2.199296116254919,46.41337074931041,-0.5677815227440218,0
8582,-84.24284793581461,8.374136896393853,3.0439895153975502,37.83410108710639,-0.5844600056954761,0
8583,-47.54147938564221,9.089077337343038,7.187111951081844,37.699462703992566,-0.4470488342672709,1
8584,-73.13069229787449,11.98279451578555,5.306313209151073,40.46289807117398,-0.4495215583515052,0
8585,-63.67325951268914,6.885850027204002,4.718589887440924,42.555915826253376,-0.23104889135182122,0
8586,-43.78076217349212,13.15970118892079,6.010109831891521,51.20458273969269,-0.06447471591056078,1
8587,-129.33138717128753,7.175484124019862,3.590594562015184,42.75755082698564,0.2505457327117237,0
8588,-105.071515442628,6.045900874985465,4.343406565655741,45.53537775099582,0.2547309218594625,0
8589,-98.93370498869388,8.388251961072903,3.1078248683246024,48.610565766501885,0.139461967001371,0
8590,-68.36969005463908,12.238723725712786,2.640173104984034,47.10106069149041,0.8120197021819957,1
8591,-131.94044454920078,3.6789376088259376,0.9063329783220779,41.140917493758984,0.32583506665967066,0
8592,-61.250036931634085,6.878932058685544,-0.7088984515715767,37.07311156534826,0.4210087525455942,0
8593,-97.00617290248401,7.755688866451145,-1.5642199828749814,42.503292872681975,0.607093154460428,0
8594,-100.40293549817686,6.495649731218976,-2.492822635880387,35.97344003807211,1.0121653711661036,1
8595,-100.21974005243936,6.801316609648756,-2.611368287344641,47.85184145560512,0.42024594859780395,0
8596,-101.79764439554312,4.1954400218737575,-4.960004100911499,42.477819142158864,0.08807107607904369,0
8597,-67.99393903763061,4.012019578297289,-5.31106696854634,38.528061595244836,-0.25434848762276685,0
8598,-105.32175808873166,4.481549115685594,-4.425879051479021,39.378699002736575,-0.41708575124504105,0
8599,-71.19931408957228,2.073605876557121,-5.004994631721722,37.02280707239246,-0.2163851603975472,0
8600,-79.16706045445933,3.7881656934922328,-4.808560950676604,33.59130885954802,-0.23275873297275068,0
8601,-79.38768675375816,2.6345125261811613,-4.966022835119658,37.213416324235176,-0.7182778953654754,0
8602,-4.446189098785709,1.997849129519036,-2.128031994077313,32.779429171632316,-0.44373204305937863,0
8603,-39.244163711707415,3.097545392630397,-4.060986151201384,42.9372557233625,-0.7610492599673839,0
8604,-26.343498268016944,-1.6723334034422948,-3.9405952548236898,29.036920365742503,-0.6489094229018656,0
8605,-6.45113784357687,1.018336953184236,-2.6921884519475867,34.27804855769908,-0.2619221135899335,0
8606,-47.93971323228155,5.615065744229332,-0.8938089637408302,27.04135982905141,-0.42735722419036215,0
8607,25.422047579068327,-1.690470491574386,-1.007540432872972,26.197720905204857,0.1194421475108477,0
8608,-49.817852716228806,2.5529364208102194,0.720857208204319,20.429576516155905,-0.11145634403715868,0
8609,-5.032565788835708,-0.4085206315461319,1.4247753638127674,30.602142006256326,0.3748170200309284,0
8610,11.04025904345016,-2.22222247984544,1.68990217759817,25.055760046485833,0.739820405567847,1
8611,41.53144942775113,-4.1535239319810335,2.9638328887385987,32.29727344884512,0.24587284474174845,0
8612,43.64871630968545,-1.7250306192171538,5.210780143318634,28.09828729895566,0.9611616182923685,1
8613,44.92300869871607,0.4152556674815058,4.469843881690207,25.914005730078806,0.501798763532473,0
8614,56.522118137663554,-3.750877280109421,3.687144314397078,17.25139185672874,0.35915048478115585,0
8615,45.13721828655399,-3.6078646953072937,4.613750308328198,26.349694307464134,0.36963521329074717,0
8616,42.04220677418752,-1.890073941568712,2.8824353449031626,19.226349325221115,0.2530265448016005,0
8617,93.08699416134652,-3.6841728529809794,4.998301193459255,14.475784374210587,0.48913603856384624,0
8618,98.21587782046345,-7.954652276481959,5.843395879879354,22.886787320147867,0.32875830278556617,0
8619,120.97392198601983,-5.044489819941136,2.679708848718467,13.528705475904403,0.17697399814237913,0
8620,77.53387490053387,-2.6368550344278487,3.5003192817039803,8.44256592953369,-0.48598958137607773,0
8621,110.30813875437708,-6.140117469023656,3.5319129711586648,24.454323534448477,-0.30993636425585097,0
8622,92.93160284451454,-11.938961766866964,2.731994248405184,14.228265854282387,-0.7483580056570455,0
8623,123.58390404563335,-6.053164141494729,1.9496155020447732,7.365947641118767,-0.2876590018232435,0
8624,120.38541393813085,-7.583047792001775,-2.196184170622871,10.325455804257972,-0.5943095286939513,0
8625,103.34347147489156,-11.182902934177015,-0.8076705059278028,10.577128632387343,-0.36021615761978537,0
8626,90.51143832675915,-11.20290161339293,-3.750508488819296,18.941822063770196,-0.4832916784168611,0
8627,113.73123316742965,-6.19443534540434,-4.086118478290955,3.9388577084716125,-0.6219736549576205,0
8628,103.7168896420534,-9.889221939440283,-2.9864068227326706,4.587274681498188,0.042534526746907525,0
8629,72.44916896296131,-10.498199272241742,-4.217430531952071,15.20741807401946,0.20630318815572887,0
8630,54.08051917006429,-8.991530201002071,-4.042653664587439,7.076214107209303,0.18878492200927205,0
8631,68.55865708140402,-10.42340965702801,-5.901493857182456,9.480386933764295,-0.12865656196153213,0
8632,97.58773991096606,-9.126824234349002,-3.5039286659631115,4.898405613883314,0.550178303783561,0
8633,82.48712112692695,-9.900966931936232,-4.095913881625771,16.4653509539824,0.3233333283526248,0
8634,28.99366527367126,-12.040389544400709,-3.510932872678474,-1.0790526193167995,0.6028500077715465,0
8635,19.055927776720743,-10.783569517148479,-4.920957620674772,5.784776789416352,0.3854760294172255,0
8636,58.65185706283465,-8.97204496194097,-1.956829246277908,10.89200706099425,0.34686795741044485,0
8637,0.86126037399913,-9.845454463317624,-2.607119027267536,0.5039689004006287,0.42693152783569926,0
8638,23.94013994156399,-10.140096392529285,-1.973577440886882,-2.3892480260802538,0.03692849467529977,0
8639,-8.52436359270896,-6.123428496278704,0.24603129121957446,4.215308873743038,0.023509595994479486,0
8640,26.14284747424311,-8.533117193271993,1.2018252142691295,4.400137327306845,0.009425213048033149,0
8641,-31.539729852217008,-8.262322204591356,0.7451781143477326,-5.619437526341923,0.19971655070886246,0
8642,-3.0360081620650163,-10.246241218999153,4.558213599879239,4.691979436871907,-0.3686814498808425,0
8643,-31.719253982416955,-9.396333094143401,5.1264354339490215,-3.360934936692223,-0.27450124323491065,0
8644,-39.53184904427559,-10.596556089461334,4.595249894860766,-2.069824013632889,-0.7258540610688315,0
8645,-92.69585070077864,-8.052658394204471,4.939670802876741,1.83303075226282,-0.15775563287203975,0
8646,-105.52942622458521,-9.677945157103926,5.178335971871709,-2.756975502350427,-0.6191124485439645,0
8647,-73.44975854986929,-8.838139336511645,3.444539107184988,-7.5919836765975655,-0.4038982235766365,0
8648,-70.9777897913894,-8.764219312881576,5.054212730203375,-11.935523306399029,-0.16145455422387966,0
8649,-104.53881224082944,-8.901613889635666,4.790818295765325,3.9815714160412714,-0.28236286139482303,0
8650,-109.10800336105198,-2.746583618777919,3.678110000817143,-14.48560753594046,0.23840842030630965,0
8651,-80.5313482108516,-9.692325025711234,3.338019081233802,-9.925234913956507,0.03648658263929522,0
8652,-84.01353326450106,-9.425742885822771,0.5139133623793226,-9.936680986591615,0.4665114547160252,0
8653,-100.58335357619868,-6.381178092126173,0.9303476136438837,-10.665833635228436,0.6186330362055987,0
8654,-83.80493708190258,-8.635341961390466,2.001026789396776,-3.7726686006487267,0.5892986715193986,0
8655,-123.48019497416331,-7.684840430803719,1.8189530354138288,-15.129508657460034,0.6415129101558048,0
8656,-106.70289648856397,-8.914121989076872,-1.8505674757605273,-16.791150945589933,0.9875674173706355,1
8657,-65.21968272849105,-5.380606878415457,-1.6831143851856587,-9.496365500635985,0.5032657938323785,0
8658,-94.4228744652239,-4.9617248704769885,-1.6519669024367256,-18.872208169192625,0.3429757295421507,0
8659,-89.9180537997703,-6.1922176323587745,-4.045302704756862,-14.74042052654218,0.26063070795402027,0
8660,-42.05668647119225,-3.7098926013844364,-3.483043826956072,-19.068699839483514,0.30275128970409493,0
8661,-111.01275397657872,-8.420622333311506,-4.661468178297996,-16.34786527510074,0.365111722801974,0
8662,-61.11802834122345,-5.671166955597873,-3.721172035197516,-18.229208477297938,-0.2742666616900592,0
8663,-37.01781057694206,-4.139864938576866,-6.282111347242698,-24.766978078054336,-0.5421541098297528,0
8664,-69.34320545794738,-5.677420186084424,-5.993003129210271,-32.85734814396831,-0.21374410317516018,0
8665,-37.57400501899795,-6.354899490976749,-4.302767086117946,-32.8832414641737,-0.7655848234581681,0
8666,-65.78037455726532,-2.9907413746794864,-3.997297819692449,-34.58219855039536,-0.44409335493084057,0
8667,-50.786980906943946,-0.49844916218264723,-3.497830397142715,-26.692744750848846,-0.39312350359391895,0
8668,-19.89513839377465,1.1709027957234623,-2.076472917622229,-38.845850929653395,-0.39336056210285325,0
8669,-1.8895521817502363,-1.9912318450218103,-2.6880181062077613,-28.717803517958306,-0.2662256736441709,0
8670,14.469885740247559,1.0686746783771226,-2.1618048790373954,-28.072977248903758,-0.44872690717346053,0
8671,33.43519059379246,1.3752203463751622,-0.2958888389834978,-25.273147487070144,-0.14303403676514195,0
8672,10.664741874379747,3.0389905984986934,0.8043876690026566,-27.83302575471979,0.36415543432664416,0
8673,45.73692568953774,0.39952604650096657,1.8498181664758444,-26.634001620026858,-0.10118887324272124,0
8674,24.651146496875107,-2.0017082232280643,4.258451661169217,-29.84994722738876,0.3927644681922762,0
8675,58.856912333277776,2.2270617308130896,4.496485617292176,-34.30045907280657,0.413727757421914,0
8676,53.87489394556838,0.5452841645172679,4.847424072683999,-33.96287195124884,0.10148964258554144,0
8677,67.05187107517266,1.605612209631319,4.952306721194244,-38.42801016503678,0.8175276128452948,1
8678,74.44076655412337,2.9223049546532254,4.523659176096851,-33.75252337350847,0.20928133689095196,0
8679,41.04964849899436,3.3101987726094535,4.13378924058891,-43.5231427114008,0.42430229566694444,0
8680,57.10362298014471,4.7245153034970855,3.621618511523329,-30.966956242505848,0.09182456635239722,0
8681,87.28400281068905,6.289950958053466,3.763201226696878,-41.76055312926719,-0.12886019321635,0
8682,56.28308457808346,4.578202161707664,3.8760034798333116,-36.87401673083801,-0.15615974021794027,0
8683,110.54884371861048,6.521821928507891,2.068923467505855,-36.68645451037657,-0.31957643639700806,0
8684,114.31323269186547,6.162489439245588,2.569882599837508,-33.11551740843315,-0.40281391493610247,0
8685,105.41500208335832,8.390947765615666,1.286684997547085,-47.95466348325767,-0.6073730634653278,0
8686,77.45049617541925,6.513580324215127,0.10553729088954733,-41.780038381923475,-0.6970995011589523,0
8687,127.47964084751123,7.08649240602209,0.6660347086282226,-37.99133830209569,-0.29357660239603456,0
8688,139.6268239131672,6.831019501105231,-3.9346967605189676,-32.55619934072809,-0.44907672040514046,0
8689,99.8418943523246,7.571852353219283,-2.7776207856426502,-42.0612706713134,-0.3782839022190655,0
8690,104.16061571286644,6.6261654512338675,-5.570704898655361,-45.37712940994793,-0.4275607350537225,0
8691,94.09551515373339,6.704260823064174,-3.6757788252436296,-32.79176432870873,0.20483684545214736,0
8692,95.8791025872405,10.27613062566095,-3.692181517008002,-39.41804187934883,0.021523362612079166,0
8693,77.23951359694868,6.791533992516619,-6.167909506204865,-37.049444249285386,-0.1945653212283897,0
8694,72.5027303354334,8.530648505086704,-6.2102703403179245,-50.4345131582142,0.3688210148860704,0
8695,84.14036314062044,11.38760014597261,-6.657097608033725,-42.23260877833182,0.26187930494829137,0
8696,105.11078028903741,8.81615545892506,-4.6690491845561,-50.688390678824696,0.6609011210644902,0
8697,21.787660137173624,11.319881497913793,-4.658695392052131,-52.212386363168896,0.7076729980873391,1
8698,38.80614683375845,8.59700172130391,-4.009636454053439,-43.174893746566674,0.661163451871849,0
8699,7.9580151216629105,7.76901588221852,-3.3632855034326754,-43.20375168130678,0.3183141635544052,0
8700,53.777141826596704,6.7492681004373125,-3.1138313571045884,-49.23315830319051,0.2853574446756579,0
8701,0.33211980332712443,12.607102540668185,-0.06795239001166498,-40.004293991249895,0.22749270386844078,0
8702,-26.747669452813454,7.725697693077741,0.060753437904198127,-49.33209530400848,0.21025850190922762,0
8703,4.888407799164691,11.4866054982873,-0.39957629167930386,-49.14042355470123,-0.3247037505732975,0
8704,17.097899232228215,7.960155149199785,1.049915965615512,-48.25511888282572,-0.2368823338772305,0
8705,-14.251621532230967,12.537738987502081,1.77398411613766,-49.55481608477576,0.002431735283394798,0
8706,-32.88787069631349,14.234706279177086,4.842081124590666,-42.19963336206735,-0.5606629210288334,0
8707,-37.89172893837205,6.341702651567049,4.800484238795447,-54.02086874375128,-0.5007123764638166,0
8708,-26.408091641981407,7.414589996054201,4.452861164407847,-52.7909517976548,0.02954664679195662,0
8709,-80.27265447666747,10.975751419545727,6.594093203206092,-55.16355031497339,-0.49499913046447647,1
8710,-72.48201170975759,10.277389557790972,6.451612844421856,-39.95652200340728,-0.6682045543907342,1
8711,-86.05340763408697,10.603839998407775,4.682238537138086,-51.14454977324202,-0.2534182592915932,0
8712,-106.34209124847877,7.67855748833142,4.219900501096476,-53.49257368862061,0.23275935726105285,0
8713,-94.70831418810577,12.55514863649449,3.8010161991713782,-51.19470764087953,0.2587278086087721,0
8714,-70.26173714919761,8.548745240768206,2.577567062471398,-45.60116443891487,-0.00357462359240604,0
8715,-84.43607445736997,5.590509860016888,4.490479145266934,-46.59595541542369,0.40323794882150177,0
8716,-85.27698240686018,7.209869811443691,0.8663900884916624,-52.839050132949225,0.3841866112477424,0
8717,-96.64794098964343,4.981478418370729,1.7827420723739262,-51.98947421156225,0.6434991172364166,0
8718,-89.5302933851516,10.224472644623194,0.6101603055570015,-57.27728763592132,0.37677512630685966,0
8719,-115.42875704199082,5.358302311492477,-1.3768647762896031,-49.29471150302377,0.5728698712359391,0
8720,-104.03398776540632,7.283612782405029,-0.21083245792367356,-43.54513899265963,0.7877906121241754,1
8721,-91.45292235202824,4.961237164513108,-4.4482866350602155,-52.81402802170602,-0.22120306106446253,0
8722,-86.23977073112643,4.260993091883963,-3.722011466897024,-46.654531707367944,0.2884673288998042,0
8723,-80.96627541107348,1.246717046557217,-4.739282371788808,-52.652683705239035,0.28714515925143075,0
8724,-84.84371026644276,5.826366888247955,-3.728127353135384,-55.10898966661296,-0.43657687289967456,0
8725,-83.5123584661595,6.779599827734133,-4.586708445231096,-46.09811946114274,-0.40687654631186,0
8726,-5.936344517109482,1.89007088419401,-6.722170147686191,-37.610246442893086,-0.4554742854448639,0
8727,-43.39356232487394,0.1630134646414816,-3.6108662819112185,-46.46061150073351,-0.6032394829797032,0
8728,-45.08911536550772,4.383437442967697,-4.026986781440064,-51.05657621168432,-0.6577165011127137,0
8729,-49.30591575324746,-0.999284245128707,-5.030146063020123,-50.52409654205744,-0.5666429977991395,0
8730,-44.50975766524128,4.242925618714583,-3.6672847454010626,-39.00180100439897,-0.27257449339507256,0
8731,-28.59047013982954,-0.49877791529250914,-3.808179527562187,-46.763870617405296,-0.05703790481334664,0
8732,-10.347430331510907,-1.3936949198191653,-1.7698238193593778,-51.86007472040307,0.02598007683886827,0
8733,-43.8803619388181,0.8106618402366732,-0.47581248983077024,-48.054132277437425,0.10517877547640286,0
8734,-27.66442255512711,-2.262479319008648,0.03743159281818381,-46.36072042331331,0.422170321201194,0
8735,0.9435393077125891,-2.099895253630498,0.9047898545629045,-44.76479607005551,0.6063617861279668,0
8736,27.64509565723054,-0.4754677421249732,0.6716598740103883,-39.206268630318995,0.3597830324962133,0
8737,28.303136531858026,-6.536456835523784,3.4597157643415097,-40.02386239151122,0.7100675786250324,1
8738,71.90670620180411,1.1160004833392123,1.911610568835325,-45.03049241754922,0.5680982364585677,0
8739,21.528938079432095,-2.566742625400601,4.427803734042706,-45.82908573913202,0.4563334217084892,0
8740,44.47121416042614,-5.718506121915807,2.982943922061165,-43.22335630462129,0.4612682181160887,0
8741,97.62672252239945,-5.637786238629932,5.027332940780198,-47.808047110165006,0.60327332963644,0
8742,76.9023494898332,-2.08171778429202,4.967026920830242,-39.41252140558254,0.5876363694711328,0
8743,98.2897091095379,-3.3144593020873185,5.174545133843588,-44.85789115555022,0.2780488814822434,0
8744,127.12543358486928,-2.1832694283380802,5.2413274294814,-40.89645402740539,-0.06427692307904659,0
8745,76.87175594520625,-6.750192507799742,4.859893107226842,-34.277781325412924,-0.23132619682676078,0
8746,92.5021846681412,-5.205956256428546,1.4835405005285802,-39.55596838033616,-0.6405294319571966,0
8747,91.83646295337071,-5.345910430000206,2.193324065872786,-40.62550902258657,-0.3100209434751135,0
8748,60.017630858762196,-5.19293918866745,3.3306566219366287,-43.808275205337985,-0.4018229653848952,0
8749,93.73577557743273,-4.696884621046288,0.4543890223995981,-41.0375332884334,-0.7063963951365793,0
8750,117.40057157445654,-8.736572361410998,-1.4938538624661533,-45.73698274840042,-0.39547796433102855,0
8751,109.42977277639389,-7.862731458512523,-1.713589012187019,-36.78427362534434,-0.3476832199272806,0
8752,108.85294116443944,-9.167954786027556,-2.9237980356711786,-49.49984651801441,-0.6453332336402733,0
8753,85.85048488203907,-8.34627841427741,-4.52156741130713,-33.34824086643069,-0.29144182926554796,0
8754,76.1952775941659,-7.116990131325482,-3.1476232749244883,-33.87881461560017,0.1964993704719291,0
8755,109.76646541069059,-12.073447518551035,-3.943858865373542,-36.378267110288654,-0.0625421496370286,0
8756,68.65602812785386,-6.776245325314314,-6.1936789564156225,-38.85145835548334,0.21130069797841286,0
8757,77.91966200406803,-11.480481872302482,-5.089683159485007,-35.570396575649895,0.3649824423986172,0
8758,68.02058491944236,-10.000986921022312,-5.500919873381883,-43.64777501148186,0.42300639362611153,0
8759,86.05710223158364,-7.059030362106954,-6.277375189174519,-29.93323918908242,0.6231405856308607,0
8760,67.75212540658652,-9.027700392890303,-5.645519882623055,-34.13236178647323,0.6862109432115153,0
8761,13.436985968730387,-9.117261292759514,-4.88291332424105,-24.984755248648014,0.721260901427337,1
8762,6.216281333740167,-12.245688939159,-2.9174398070713297,-29.835607800841665,0.33298673130670786,0
8763,31.87130351574376,-12.03601843509217,-2.4450398983094295,-29.86032067805345,0.3924561114848626,0
8764,9.129354673220764,-8.103879049312079,-1.9951328206673185,-28.222272560145875,0.32194727436837034,0
8765,-8.668401896056517,-11.178263434029821,-0.4353859962606083,-34.30199950089493,-0.01714134428285277,0
8766,10.762170911354664,-10.978389857101236,1.6982082231370543,-30.865079837026165,-0.28534596114705535,0
8767,-15.691195370656946,-8.024287162501013,2.263645223988781,-27.119586103400646,-0.24819595851664322,0
8768,-28.086989637622608,-11.990765018297036,3.7890697658075014,-28.460259012859147,-0.508720187886359,0
8769,-22.9442002697581,-9.266493731015002,3.3280230182535546,-28.98232833107106,-0.6044609654524872,0
8770,-55.06250202838967,-9.608668110016367,5.78624810945369,-26.653636306410718,-0.4542166519983463,0
8771,-24.734284447371014,-9.565141821525488,4.992335283739211,-24.15279753625771,-0.5260281821882481,0
8772,-79.849379390267,-10.438034793708923,4.430750650963708,-11.9017791322944,-0.3997578408122733,0
8773,-58.29325799052623,-10.378769040241908,5.091900917047577,-24.235092714215863,-0.6527598876847078,0
8774,-49.384871609699516,-11.170639306765965,3.630861862005213,-25.098885851509365,-0.2546805473085994,0
8775,-111.45716224596902,-7.820903145861015,4.258233531296153,-21.570301530038147,-0.5290670149309171,0
8776,-95.78926655800004,-9.872892792531175,4.497904782300151,-12.385277805392288,-0.1366715482644571,0
8777,-70.20124090764966,-6.328129338465945,4.020936390687693,-11.10643238897683,0.19760301256132198,0
8778,-73.0936447673225,-8.423093093483432,2.204524278228361,-8.297450799585246,0.5817413495391771,0
8779,-101.90001104958627,-9.779317613890187,4.449757247375745,-16.80189691433844,0.5399218255173314,0
8780,-114.4112035554971,-7.807325973013141,0.5764332001157912,-12.955803853246241,0.5054032926833973,0
8781,-80.85040076323463,-7.804368753409886,-1.9268249273902924,-20.46441305491247,0.4232618522606768,0
8782,-75.55061231234316,-4.59795067870971,-0.022331366331045155,-16.0259345136507,0.41521586003297384,0
8783,-120.7759491157617,-6.971124079570554,-1.5663795122179769,-18.87289119948901,0.6516467657038219,0
8784,-118.84802816987204,-6.386931099265211,-2.793075394981245,-9.964591382238511,0.05949638928732831,0
8785,-86.60478652875949,-2.5982203243893123,-4.220354702802373,-11.167307018840939,0.0008536385202266572,0
8786,-73.95253227234915,-3.9780320299838214,-3.943039596342886,-9.25236460192728,0.2114692673344783,0
8787,-87.08627489280983,-1.2299237628776196,-3.1254441369878823,-13.634155875677122,-0.2183422523538217,0
8788,-61.27379175281981,-1.5866289416167008,-4.761755052802356,-4.165692926368557,0.10394483141539101,0
8789,-82.06920219460903,-5.4181676216520565,-6.454474567819885,-19.466932755570348,-0.2546904588096036,0
8790,-102.48904460959369,-1.193956522872648,-8.26013412246367,-7.701618297521251,-0.23570671986941427,0
8791,-60.40044637799828,0.35466555839610336,-4.052928385409927,-5.981811437696088,-0.8240025793961379,0
8792,-41.86624259766925,0.8543408933589847,-4.877200752974783,-14.561532751130452,-0.2746074900276019,0
8793,-39.42519577142524,0.25508931214380826,-3.2896658533126004,-1.5360286354902821,-0.6005295363535079,0
8794,-47.5191714023138,0.7084279113916632,-3.17052331808249,-3.324759019177099,-0.1931886459622017,0
8795,-50.85552696598065,-1.3343896828097543,-2.3197038505294385,1.3463616516592036,-0.284727390603639,0
8796,-14.874460528053966,-1.904458991891623,-1.2240579599408963,9.539719391201864,-0.024135838205614303,0
8797,23.356182584798972,-0.43418257128597615,-0.13535788350034061,2.163678789017247,-0.1405155139875095,0
8798,40.46878187161355,-2.5600545360768945,2.2925459087310402,6.403632727892981,-0.12116989215430352,0
8799,48.88754619780343,3.952462090004838,3.0062956656891,9.444242332767413,0.3753580001765505,0
8800,18.352409832782023,1.194467013824236,2.044022848562979,5.997747285408187,0.37794740125289317,0
8801,20.787378903898965,4.833494149095364,2.8699893008082937,0.20495381574715577,0.3103991511163078,0
8802,62.54685285382109,0.27198738531161704,4.853414189311741,-2.671598677854708,0.1615041222916071,0
8803,73.54311266356977,5.377554188552675,5.880986993993998,8.393823105456859,-0.07281802706364648,0
8804,76.46355212899024,2.691831749052442,6.02732188721236,5.510729438921041,0.48989697904615376,1
8805,35.113910844536875,1.572940902328115,3.9500248350597236,14.917105125605154,0.2227570823971979,0
8806,64.2391772563921,7.845650434449619,5.707540420512185,7.1071656924152675,0.017126902792299392,0
8807,86.34969666424948,7.244296135332322,2.519153766521643,10.391134915279938,0.03227386165024397,0
8808,101.18572944125587,5.878944540954335,3.498488420059782,5.643320532291618,0.04532311194281333,0
8809,110.37175398130958,5.935286816629634,3.446786661251188,10.6903392552575,-0.23683957185140375,0
8810,100.54545390436088,7.143816957847137,0.021346287320774593,8.661492575166887,-0.4866017304110529,0
8811,105.93504604965935,7.035781220236013,3.2496729012320458,10.078847217056083,-0.04315127109752792,0
8812,101.68329923267997,5.427086451532346,1.494057234442417,15.027491681785495,-0.6265202072050535,0
8813,113.36597073463037,6.535122671470515,-0.18176009870484233,13.205937133770895,-0.7664093473089587,0
8814,104.58278380213972,11.609857490866668,-2.7568781929644532,30.329186038063803,-0.40635609517016114,0
8815,97.3296758934531,13.342712877279554,-2.7516041199015064,22.29806087036692,-0.38118561023352837,0
8816,87.37764926071328,11.413722134725333,-2.67774813901413,24.47013757133525,-0.014924356290855673,0
8817,90.17427866046033,9.514102090526512,-5.237232763196718,19.413202392773037,-0.16561732510300137,0
8818,93.15895580877684,8.13003555194934,-4.777413345542477,21.40917084318875,0.055984991991088,0
8819,82.9013381276031,7.4350319885010885,-3.985657726593873,19.63683590672331,0.0572860693234562,0
8820,78.47818858057836,7.770135308399624,-6.494549312979585,35.8023821927693,0.5128106853189524,0
8821,90.3179010196165,8.308379223867455,-4.572109934868331,23.022763764201436,0.46945363676227936,0
8822,60.73443987446017,13.873924652913058,-6.368356291014615,21.425506508873525,0.4357933816180871,0
8823,33.865038795202565,13.316919185013225,-5.082556291301509,21.541641670965266,0.46707854605260635,0
8824,55.462932862614444,11.305413561754866,-4.003427726992212,27.845689850478365,0.45465843056644395,0
8825,1.0350251743553045,7.975605587176698,-2.205917579117321,34.12085964401228,0.092298245805992,0
8826,-2.984434575165661,11.742182025863222,-2.532483550496835,33.28655073146363,0.4992382584496903,0
8827,15.45933642900775,9.513189357448738,-0.7453434354206762,24.894989712537818,0.35060517790119317,0
8828,9.0815315029575,5.693786923586253,-0.562597634442807,25.585293091388174,-0.01055607729664306,0
8829,-36.12376567492717,10.558395155377553,0.5845674364906414,36.5229499458833,-0.17875220078039442,0
8830,-28.743296256270487,8.259800593573733,3.3119405464014138,41.587995600086984,-0.49688278752974024,0
8831,-42.86213491225364,8.26209872358109,1.7749689998561338,31.13312550364976,-0.05754190482644145,0
8832,-49.82034785924928,9.287278131660079,4.4316509110313245,38.65556156317277,-0.1753761121502287,0
8833,-30.160694741411568,8.676871572190072,4.272321946947568,26.043261929761286,-0.42084213409149057,0
8834,-43.35845182775105,9.46624852322102,4.12835463116302,29.893988853598632,-0.3183269232110699,0
8835,-65.75250882828058,9.207513764953521,3.7293779946289614,29.787884856331473,-0.1757701200918001,0
8836,-83.51765182270478,5.43454382662323,3.8464397017825913,37.60727586989885,-0.11821801443437135,0
8837,-106.09437538635551,12.017744516444605,4.100763928792362,35.34743960002292,-0.36788050032167474,0
8838,-56.410297046536684,6.779023323024732,4.343155527657718,38.11439930500203,-0.11423088464382684,0
8839,-77.83689824622425,6.587708341694476,4.571390451403997,43.686363315140426,0.19091227426261353,0
8840,-107.78169407801319,7.560900111439748,2.984125548962817,34.97676392896221,0.2785328863566717,0
8841,-82.28975481123163,7.706297686663925,2.236600690122037,39.349075330172184,0.5078237454517358,0
8842,-100.15363790745722,10.526084489196492,1.4730004728778616,32.81041252528488,0.573392366011996,0
8843,-105.57210730594494,7.81311288386891,1.0587752361455436,45.9241665201293,0.5417578870975424,0
8844,-91.20897082227289,8.055156195619551,0.22860480690195945,46.17642927005023,-0.024648759741171977,0
8845,-113.82815088433125,7.101954892165548,-2.784766543505259,43.07664699751679,0.6900857885384921,0
8846,-103.9691436253656,6.630084177977364,-2.6057529157545303,42.4232259975829,0.5420555334624795,0
8847,-91.7904880150266,6.385483824397578,-1.929513609458007,39.81741617965432,0.6733905412144208,0
8848,-100.39301703015474,1.4850082791715358,-5.180420657769439,35.90807554724476,0.026162919012945623,0
8849,-72.30328602434045,4.421717935779759,-4.343313416279601,44.91904313852089,-0.39567181223578984,0
8850,-42.72852111468956,6.804854143583636,-4.9656790929807,47.660493442161226,-0.2095133553194919,0
8851,-88.82024364667832,11.912572464542354,-5.547564517547674,54.44695219005928,-0.21292929898310153,0
8852,-99.9244881645121,1.1568034199255046,-3.377587791554846,42.83521185566554,-0.4963356996078454,0
8853,-98.87882200762486,3.940180351351767,-4.7209428977705645,46.58881223865583,-0.20079276726671702,0
8854,-53.48746792448216,1.4727929809108455,-2.8463642757395253,51.226775384316,-0.6319591030970093,0
8855,-54.8711227933372,6.224519796874973,-3.777892636709258,51.776007558320195,-0.500230610250591,0
8856,-28.16461517215309,-1.0693416111789464,-2.5984374503937357,43.32115651859955,-0.4664921169625125,0
8857,-20.0609169624952,2.3930161057530257,-2.7891478952068907,45.399309689262424,0.23760321631592007,0
8858,-44.941313051631376,-2.1692291066483618,-1.8430705832624377,44.51223132608363,-0.3700997432324217,0
8859,-39.210095936487576,-0.49149692324372907,0.1182291401863173,42.952785116193745,0.07310941140210202,0
8860,12.99990216393709,-0.4229109432894132,1.1340435570066585,55.125394222609565,-0.13473310271132447,0
8861,19.712717372374865,1.2860639132179084,2.2736378654236633,48.36654921905313,0.3138218781744806,0
8862,18.24078427877243,-3.5045554168243997,2.954830875717545,47.94846532575282,0.17215045280960944,0
8863,3.0999275710138576,-0.5169831298292413,2.041450643806983,49.80561868434758,0.6684181328530777,0
8864,54.794153486450305,-2.29511283090201,3.236556796108598,49.063846746637125,0.6753834272817397,0
8865,79.47456274153882,-2.2701700993952487,5.396743580566832,47.898591735910514,0.5492843345432948,0
8866,67.72654867571761,-1.3751421111246926,2.9109439551853633,45.38453286975253,0.1737018534835122,0
8867,52.72659898444735,-6.3247437905223025,5.290497204962605,57.187886517267245,0.3579796326418675,0
8868,77.38011670408655,-2.596866204197676,4.815240406166812,46.65954365145947,0.1914979268232494,0
8869,55.215534833490935,-5.803748659001779,5.509504168371368,44.987961670694354,0.2795695322671072,0
8870,108.92108320982047,-2.910412427788828,4.623568885731644,49.347505238995,-0.21597904065201026,0
8871,93.74592052035926,-4.856511712395627,2.922275089719502,60.62772162107079,0.049728064690171214,0
8872,60.1727374725988,-6.354340198471624,2.113240316397469,45.80220565877079,-0.11741611087257325,0
8873,91.9946674865752,-7.5101567100325415,1.4236140967304156,53.508111557332825,-0.6876118103421138,0
8874,108.76719880339012,-5.062514154278825,1.5726711032338168,48.758357374238216,-0.5216222544411375,0
8875,93.3390472965264,-4.549430876842228,-2.3029672883864927,51.2240362349556,-0.5102670811974341,0
8876,93.98174946300784,-8.48159278139964,-0.8367057851637865,54.60088968128676,-0.2764452544878062,0
8877,73.51711617524894,-10.00792242098874,-2.830820396354146,41.361531150093725,-0.549968103601663,0
8878,106.8622413165295,-6.660156051967013,-2.6329990173090927,45.428276257726566,-0.2691955940275049,0
8879,79.13378044732838,-11.232191616630196,-3.2428076715832943,54.38008905968573,0.038738190061221006,0
8880,44.625735406527085,-11.211872718954014,-5.870088635768068,50.23738844331242,0.014998020809905484,0
8881,75.10415864763722,-10.970468865694947,-4.887334879907742,50.699714773150056,-0.25775305955429484,0
8882,96.1023579412687,-9.898081687203645,-4.7718063259157635,53.06761272931168,0.1536164798318697,0
8883,61.92667574600581,-11.939293676337646,-4.909895858146072,44.91323664505364,0.549619684381708,0
8884,96.91479313223016,-13.320517144673303,-4.99126783069433,54.46741240468701,0.6079594647766604,0
8885,62.60324800468646,-11.866490767049116,-5.767060990369912,53.10209779073586,0.04513405407338533,0
8886,52.12805904196923,-8.439354529041708,-5.11066650418856,49.986294037507946,0.5338695986759867,0
8887,33.66078609753222,-12.3717869160164,-4.754807480731802,50.90737826662316,0.6375300857475373,0
8888,25.376897171606412,-10.589066849005079,-2.0228155000583694,54.144174051347555,0.4706732944584307,0
8889,11.720815103146855,-6.070193131228097,-1.789801506483485,45.083368352351556,0.37574687967538056,0
8890,1.0208150947013541,-10.092097092673347,-0.7566072044891656,51.07338683652224,0.5177506798218378,0
8891,7.689858144534682,-9.313866462382196,-1.4128704062627608,56.18332001716605,-0.05255272628439129,0
8892,-31.608547262390374,-11.871195973803356,1.244831286016503,50.34061319968771,-0.12813821282280038,0
8893,-44.24542498105356,-5.6074111325386875,2.846915068387703,45.68260956331369,-0.505332886492881,0
8894,-54.79998901311535,-10.947363992469803,1.2180459256439493,58.0239806964708,-0.5443528565682791,0
8895,-0.7084451287311211,-10.226741757290094,3.2490987664190403,47.20682873786275,-0.5465115641256181,0
8896,-39.88425750525612,-7.01775116407028,2.787899145908745,52.647097716948544,-0.32998227338064384,0
8897,-52.76636042513954,-9.872548496626123,4.337959849438798,43.129605095712584,-0.6246028226992382,0
8898,-87.7835150450083,-9.24674618069816,4.067547583296898,50.14130279750041,-0.16087253412178984,0
8899,-61.277615681436394,-9.715992682883732,5.361665881239276,41.6172728953555,-0.522719178575381,0
8900,-82.45029839520802,-9.489496319164083,4.963647111954199,45.4956879814862,-0.04529064114431419,0
8901,-81.40938113481036,-7.963698140004012,5.7084245557599145,40.35688398016089,0.08354847885196756,0
8902,-109.94284103478559,-7.341929159791644,3.809266234435388,52.39082648688026,0.1733773288485887,0
8903,-91.01938115125053,-9.45631063783245,3.4942364823188004,41.25669857830408,0.45666865722432226,0
8904,-105.57429000745334,-9.403552645238877,1.7646360537053152,36.283058860550305,0.225889982450976,0
8905,-114.31253601237336,-8.771567488207415,0.29328923108978855,41.741947830751926,0.36238636514676437,0
8906,-85.23170138301059,-10.01882761184266,1.2494584411334504,43.37895891498094,0.30345607690536025,0
8907,-130.5831935538949,-10.042167332660526,0.6597605629874586,39.97133295103689,0.49412661004412417,0
8908,-87.4512626387092,-5.894810059611375,-0.8527672043090732,35.43254837747145,0.42055542710765687,0
8909,-82.98817053203099,-4.223570804746115,-2.3399937901288967,44.06474610560233,0.52834471382551,0
8910,-111.23589844079535,-3.9550411530294154,-4.259594658163998,44.53752401814896,0.3150313540637315,0
8911,-106.0790757282665,-10.043243751476776,-2.827169559667607,29.350002790428924,0.2349375292914275,0
8912,-89.26652366357693,-5.338325441546663,-3.9143616055203077,32.537785013655046,-0.09165625727952344,0
8913,-73.45143574247349,-6.609195277624571,-2.8149090474937646,35.44414312247936,-0.1157144552773652,0
8914,-75.64514698362558,-3.663342355446519,-6.14718128168451,32.89051841319778,0.03866278681261154,0
8915,-56.687409366456976,-4.322395147824422,-4.084115025570849,37.464567773253506,-0.691096040270317,0
8916,-22.21663483075767,-1.8301401224211826,-4.154290634999032,43.307895398156,-0.8502149072076953,0
8917,-59.17384910583369,-2.571952600222536,-4.6146303516385965,31.468012571110243,-0.3723308746991666,0
8918,-74.37661220081966,-5.838999897214122,-2.3076390780370524,40.50491329316645,-0.6421015355748405,0
8919,-14.207643892661512,-3.489401116722431,-2.521629535956181,24.515312089146175,-0.6792212960243168,0
8920,12.594078388646611,-1.0480051417356027,-2.9967987954533717,33.35898215051488,-0.1905879052276498,0
8921,-3.352396857453556,-0.38105212657944865,-1.232053923354743,27.316850822550663,-0.3661759881683422,0
8922,-22.98630433984386,-2.8729213239450515,-1.071982555457372,31.87574231855827,0.28934498835594724,0
8923,6.279558238888219,-2.6346279519172184,0.40386025029373124,19.891332723077532,0.1613117568158448,0
8924,-3.7118289452562188,1.0495457936532953,2.5369229564423885,21.42354906797742,0.22636662427897564,0
8925,41.230554883071335,-1.3738579800501638,3.7100119004990377,29.391043722921328,0.21560137263055526,0
8926,10.778943131226555,-1.4109436524460917,3.7211240089127444,23.017650875161088,0.5020479013234094,0
8927,40.855749052760736,1.5240579590015577,3.389480184515138,23.694774913589264,0.17891671276948395,0
8928,35.35694897558378,1.9194359951984736,4.995775870316396,33.624372549588685,-0.002870821084573205,0
8929,66.01160473817983,1.6142771047425712,5.628227181314005,24.253610900659382,0.1298020203358587,0
8930,63.545460699351366,2.4299280879910787,3.02783589547664,27.186717018371667,0.5785560899240058,0
8931,81.0965869769448,4.321805883382884,5.0122143789192215,17.98708323969381,0.045411127151332525,0
8932,83.92243936111133,3.2998079653251784,4.406156239520891,14.17302197680437,-0.19810715994925693,0
8933,68.82227217126214,5.315679285943447,5.06742591543843,19.562608951914598,-0.07834429048384192,0
8934,105.28820164918986,4.834566621917174,3.8527716250808606,11.593197408248146,0.24038800179516462,0
8935,95.04382105539761,6.338036611309379,3.16658032520599,14.6242373126777,-0.11186431654493245,0
8936,78.5576362004522,8.15137632320734,1.3085318298988586,18.37035069277008,-0.5865262570060703,0
8937,144.473366712536,8.449705692365871,0.8289293817401339,15.682796983607915,-0.6482318233461054,0
8938,109.5143399777216,9.706951254341506,0.7748165528771741,16.962724840961435,-0.6585492934351069,0
8939,96.25240220070118,9.14832180435619,-1.2231619805436367,17.336630490764303,-0.6516242786302585,0
8940,125.96123166629133,8.271964593328201,-1.9268494644476288,7.395591704718424,-0.289080364088036,0
8941,131.85722331051826,7.231324710300942,-4.496932159620395,7.698371191800209,-0.3577586168008544,0
8942,88.52827513283756,7.605763342776238,-3.7709260146859402,0.5439857857622599,-0.37997113499326307,0
8943,93.88397483493641,6.887878930282435,-6.308194618242579,8.608579827764657,-0.27731582799586524,0
8944,61.808094247675506,8.893036397557815,-5.234872467997654,13.165081418406821,0.5983239189169667,0
8945,72.44141909584766,10.497091727326541,-4.8896242108634596,15.953998818456856,0.42170844404969465,0
8946,64.4679217996165,7.84656946705503,-4.2230550920197425,8.462937783443877,0.2141112151954782,0
8947,64.52569080177585,9.395816938985007,-5.827252970701848,13.386582582110318,0.7047508661967621,1
8948,59.256552195962875,8.264205482731949,-4.0999351914573845,7.446875121276476,0.26745686365523247,0
8949,55.04452886586441,10.162273569005075,-2.4723031526815045,5.070077820604008,0.4616893019290862,0
8950,39.40931596038796,8.74507927126313,-3.891610522049529,0.4796539790236567,0.3872844005050859,0
8951,0.903837326142984,8.44050153858623,-3.9783878824610097,-9.387828605476427,0.3815483778377252,0
8952,-3.439402877691492,8.610472292606193,-1.2250336557221735,7.654767138550983,0.03432336026396807,0
8953,-5.540135459192617,11.003025409737997,-1.7300160408750525,0.2729274127300256,0.1062056676241197,0
8954,-10.252552499556883,9.803845517315391,-0.35871390828992333,6.480551883697711,-0.41859638234913593,0
8955,6.4580265787571545,9.116489179601636,2.3635752093187268,-6.208894996674252,-0.2875382488291115,0
8956,-47.62050421677071,10.447201818733937,4.239673390631486,9.684157258158253,-0.06946265718205885,0
8957,-41.07087639406784,9.02161473923178,2.1904234987415183,-4.702110510624416,-0.22569592938671942,0
8958,-24.08429325692358,12.005315834248496,3.1548137452037097,-7.915966427508781,-0.6257477782341438,0
8959,-57.93285508701111,7.681804990972649,3.998313326543697,-6.522696963008489,-0.8040490572195031,0
8960,-50.9988945700909,9.108782695927022,4.259386716793659,-5.590689928995659,-0.9032459337765196,0
8961,-70.66837987923127,6.502681825634031,6.917852079985836,-7.782790279167614,-0.2691963564989458,1
8962,-69.73399539534097,8.424674351628259,4.4326378721246,-10.99726728881053,-0.22800831796440393,0
8963,-85.68316003967348,5.542571697380035,4.356232573894786,-18.421794884408314,-0.07220643811775364,0
8964,-73.20598696122836,10.155645324554461,5.951813057159596,-14.40642515248332,0.3364648273064425,0
8965,-122.0172598391778,9.935536381001569,4.331114882244389,-5.988660286162883,0.17675635958223812,0
8966,-102.04080486521069,9.689383815828224,4.009463172376038,-16.730959328605742,0.32656957821700194,0
8967,-91.55458804779298,7.877004670803792,1.2660364822688668,-21.883663430527932,0.11115616862148253,0
8968,-88.549565202911,5.7381910660258475,0.703958347798157,-19.537674011899682,0.7902044338296469,1
8969,-70.11043817436308,5.557181851524119,-0.7927928397696178,-15.658957860294057,0.4658360730084111,0
8970,-107.53714232830706,9.860247536141515,0.05113040970121341,-19.961297317603893,0.3239221142296911,0
8971,-68.87783632055752,9.29630172616111,-0.4920392215662519,-18.50737607427835,0.474009536103488,0
8972,-109.41491623096073,6.279042902575678,-3.215745460286179,-22.036612855081138,0.7390129883957328,1
8973,-66.46693689628266,4.596567901565752,-3.7746105635356724,-13.924566002851154,0.642225508872182,0
8974,-72.56632444515557,7.944919537171689,-4.389296795615223,-17.44038752259057,-0.12188113431872502,0
8975,-102.17222447087715,3.3854866214278783,-6.112257729313412,-9.718229246924615,0.15783691022831525,0
8976,-71.91132246260293,4.7870778669590175,-5.5530893299954105,-23.621702632171832,-0.1526279246409841,0
8977,-72.44600739306715,6.577359374204131,-4.2257135657441465,-24.03387614598426,-0.14516080689261746,0
8978,-51.56516435594801,1.7351514820604859,-5.794817264568827,-17.579310782059117,-0.3796304938129144,0
8979,-60.55761877868657,4.592141574205779,-4.550714973029003,-22.419721188695384,-0.36543637970910525,0
8980,-53.691987712844835,3.493349207992837,-5.490884346020927,-29.950489150341994,-0.2339633987459358,0
8981,-11.144973195412355,1.8855984532696632,-3.6992771764389336,-23.318944944134664,-0.8133645816404325,0
8982,-31.09613669254228,-0.5147422947897662,-3.349270668274427,-24.966062768004686,-0.3153562124080265,0
8983,-2.8971516844293177,-0.4729407965772702,-3.127227230311812,-36.75456328792377,-0.5106257629141091,0
8984,-14.042413078336104,1.0562153509334025,-0.1588073889273408,-31.86790007651653,-0.23401662898422576,0
8985,33.783370996628385,-2.8691789373604846,0.8916374864600222,-28.47406419915987,0.0069456616933728675,0
8986,-3.135594893579679,-0.26077993074314026,0.0678806117091868,-22.99681531201958,-0.0473699146369633,0
8987,8.024994869151424,0.06137741529197416,1.7722864237578693,-27.52867944305289,0.17159011381898248,0
8988,60.47206743824885,0.45381016853414535,2.9045651155774084,-34.616945496372,0.1156811962748936,0
8989,30.457086846132725,-4.8054591646602205,1.8032321906960123,-36.10306444443001,0.34976748907425703,0
8990,80.35855934626824,0.13665555633277338,2.8344107940924452,-29.32569681069454,0.6015499016794409,0
8991,74.67197531629753,0.4140322259066749,5.962600807436322,-46.18497781840382,0.6584360224426858,0
8992,61.67238192587833,-2.6298071648159578,3.869572348405067,-38.81661437827535,0.27428116431681154,0
8993,35.78260472046976,-5.990999521914516,6.25453434044684,-28.443618652375662,0.5982806242822338,1
8994,78.2253216413381,-5.026127777551793,3.5134007883696725,-34.70332658145653,0.32304354649899136,0
8995,86.4220403652019,-4.909188035636578,5.186399870697389,-40.66350056903422,0.3505475455133672,0
8996,112.66835414639498,-4.705118395723083,3.7045266050601118,-43.5486451793419,-0.43968810734221997,0
8997,125.1350073146648,-5.621021794236296,3.1732226044727656,-33.992573165121556,-0.16504425395949296,0
8998,82.77550166987132,-5.50743458809186,4.394769664393321,-38.43993223593802,-0.22651016199816132,0
8999,114.64411323530389,-6.640867111804659,0.37827670387928536,-40.54475265348925,-0.7827629201554305,0
9000,115.08837056246404,-6.302623061330749,1.2558099600407542,-38.187729000080566,-0.007294088996581183,0
9001,121.41145892825281,-8.110269211254074,0.21669739983948322,-39.82505045166517,-0.6247586631299828,0
9002,109.08128109427098,-8.204011609624889,2.033403942695026,-40.78266190189973,-0.3515415204142962,0
9003,58.43155779576587,-8.99928914822081,-3.3300065928166935,-48.400787945549276,-0.19671311320211823,0
9004,91.37508702082206,-4.312706359611649,-3.7207518445093153,-47.452929145629184,-0.2494456082180637,0
9005,67.62735997309538,-5.499046657044579,-2.9973574473721736,-39.103423969496426,0.14395310042600415,0
9006,82.04071262565768,-7.574819918183981,-4.580032845143449,-40.555954393350376,0.41419927440150267,0
9007,100.18401833957189,-6.271641375021391,-5.234701627100892,-41.930657238011776,-0.059750445302600985,0
9008,80.3728878400749,-7.539886761145707,-4.015790212060268,-47.24582956808627,0.31793001946275035,0
9009,90.17554595430373,-8.965979924378574,-5.243251322068127,-40.94160128133322,0.5840403509386835,0
9010,66.32108718588456,-12.508061282343029,-5.6735184997026185,-47.057653230908095,0.14468976369140069,0
9011,25.197405587299944,-10.16590544684995,-3.669796146067685,-39.114559146417825,0.7124450872311101,1
9012,-8.086313161579632,-10.432213474152423,-3.459810265496193,-49.75639039541791,0.824563570062711,1
9013,36.05055116062567,-12.12444785961381,-3.4341435760113868,-49.03035433016894,0.6805319429519637,0
9014,19.2091273258414,-12.902141276275016,-2.6433609452601745,-47.52423989472175,0.41408895539899737,0
9015,-5.872658310219322,-8.9910778770909,-2.2687101028125913,-42.874867075240076,0.5077809746669514,0
9016,-30.30423740832532,-9.349271672890376,0.35452115915864757,-47.612289489513266,0.12701287891921617,0
9017,-20.981557761050873,-12.329847531383917,0.26731797228283277,-47.55504292313038,-0.3577268201325497,0
9018,-20.108709701927655,-11.458601409132905,0.8305678851851533,-49.98886953711624,-0.3391292880735183,0
9019,-12.671456355782349,-7.5912787546055895,1.2240431734285,-46.95870057903369,-0.40585255918425345,0
9020,-31.72685039844683,-11.591216087315525,3.7108874840448167,-48.90174102284358,-0.4558083974006274,0
9021,-12.493887296302425,-9.391740576530122,3.4869775158684844,-52.69910992395926,-0.5105813516098965,0
9022,-74.07689325113286,-9.986082030712643,2.5004221612311652,-48.35113965481337,-0.5641772835419329,0
9023,-43.92001061680041,-8.442974226034293,3.6474427115804797,-48.42395790193229,-0.4131970356621941,0
9024,-68.15669071083877,-10.993457881566579,4.76134603132124,-37.599732633589575,-0.07573761218922276,0
9025,-62.08030921439294,-8.903418756406094,4.734504154179361,-52.554861568786144,-0.21974229754099345,0
9026,-90.81591107156414,-8.525779458388193,4.444654542718203,-53.82780595017246,0.0006527001496540175,0
9027,-65.94375611867406,-8.160348456560587,3.8666920438335772,-48.34710028884521,-0.4152267201577698,0
9028,-85.8915724858734,-8.198500523439337,2.1654337069302,-54.79790178673919,0.19529686167411622,0
9029,-108.88647544318432,-7.382480499981731,2.013411540709117,-55.27048572588317,0.5188175782980701,0
9030,-98.08738253948943,-3.383034334680792,3.203275832233909,-57.14128229292322,0.6552421377487655,0
9031,-104.20969145585597,-2.3194429101094336,2.1067547074106354,-53.8612284770807,0.7030587758833697,1
9032,-90.21332204948044,-8.377332989673892,0.6568275811845113,-53.749376510644424,0.5605423279716696,0
9033,-123.1716029739153,-11.374505358520011,-0.42641690802877474,-56.40782647066613,0.5638177843862973,0
9034,-98.74734979707888,-5.169305946683752,-0.9694440943187898,-51.214516165689076,0.28468817287392945,0
9035,-87.85763304258586,-5.594171349646393,-3.878556790475294,-61.74460053145789,0.48898898560939186,0
9036,-91.74993427708208,-3.4360586891138554,-3.498452466395125,-47.38749798267969,0.05867611565799591,0
9037,-61.194863684343716,-4.5659442846883715,-5.284481754066714,-52.54199101211841,0.18333866218874223,0
9038,-67.4959185587945,-4.583245266124488,-5.7339487481533675,-51.69873119226985,-0.09374529944588414,0
9039,-77.13960294205475,-1.9956283295641306,-4.545164293003828,-46.58737017515081,-0.23915164388682117,0
9040,-65.90055952364817,-1.258237331980291,-4.052798799138881,-47.51515006436637,-0.16035401795369314,0
9041,-56.86362658669823,-6.10178809440048,-5.080402129081343,-52.35577531960453,-0.3346118972626331,0
9042,-46.62629526637223,-4.48642988274283,-2.9297448713459073,-46.75998498062588,-0.43666862289453195,0
9043,-82.57432974003937,-2.5818214008219904,-3.8766131592199877,-41.06755244846088,-0.5950132617135763,0
9044,-43.00035023606202,-1.6852528540739158,-4.211843695299003,-53.64650596698143,-0.13302637877028434,0
9045,-57.197869914469194,-1.8408827882451502,-3.7315024623727826,-44.570843488668174,-0.30440863070843066,0
9046,7.792127888176061,-0.02381873781370758,-0.7309193841852417,-53.640039475726994,-0.1058957160469006,0
9047,-9.077297123938518,1.5988898911677267,-0.6551395718282359,-41.9129450539956,-0.10074388965879355,0
9048,-1.7354037938256228,3.551996234427721,0.8891404782880383,-51.04615983682129,-0.10679459831621774,0
9049,30.037787367954444,1.7640329744564682,-1.4566737220956456,-50.914590762368206,0.24897195554469503,0
9050,30.397844611588603,-0.6003455176825241,2.386266387936561,-41.07651929991236,0.18896202840598653,0
9051,9.00883569063405,1.3049240716632886,2.4847463716406475,-42.854557119179645,0.49828007898833176,0
9052,39.47804387518793,1.9403283641653195,2.338225412102012,-49.479172173853364,-0.17641522014026684,0
9053,43.09881598514644,3.606443158144401,4.255984530034391,-45.04971026245499,0.41982548234957606,0
9054,23.31989532664236,3.8331870120125364,5.824990711716713,-48.82088406585202,0.4757993081997292,0
9055,52.23180547838761,7.629691978944041,7.225218931876153,-52.801276116669584,0.2237060644077846,1
9056,69.53347757342853,3.0690997289112123,5.2292572121389655,-43.43969005743801,0.38623662428622035,0
9057,77.34078624680039,5.214876153715115,4.107252243366105,-45.699000956433444,0.09992163289452263,0
9058,55.63496266106222,9.596935845821305,3.6841756828609062,-48.159266197501964,0.037601763214277044,0
9059,113.10060356859655,4.147020983419285,4.876535910486587,-36.40235985668743,-0.22056859030218062,0
9060,91.9130088943998,6.024363078783523,2.220239688294776,-46.96470318568043,-0.05507888371991762,0
9061,97.65514176728118,4.246603415439158,3.014995270687697,-41.14641492833332,-0.2571807275486932,0
9062,106.89768962523885,6.687499232899015,1.7663190331958118,-35.911709996558244,-0.3909807203143788,0
9063,84.11608360199874,5.333547237023924,0.6770997635629259,-42.01998043152579,-0.4821032077556553,0
9064,108.99953591357234,9.341008076419879,-2.0724538459337776,-43.82272144434523,0.011857915986183576,0
9065,91.52783912965634,7.877353982340203,-1.8395208308743476,-38.05918296736759,-0.4813660528811186,0
9066,78.94666715218895,6.028278897495034,-3.8598426990944983,-36.649687528583314,-0.5046901599966704,0
9067,105.38839701845959,9.876822396439426,-3.8133069898259944,-33.910073564393336,-0.4827215330762623,0
9068,119.85558144331146,8.831147712724851,-3.002722659231189,-28.286204051482763,0.07232805532750326,0
9069,99.72187774442797,10.63240669650301,-3.2273326486178755,-39.263024246205305,0.3665808762451361,0
9070,98.03648465627302,6.664585015193133,-4.605229171661697,-35.31682687164158,0.016202792733349403,0
9071,62.72085788753422,9.908305115172094,-5.558180190831818,-41.947308253791604,0.2577133367360852,0
9072,34.00688664300998,10.905163834809105,-3.3695527753431564,-31.559991479490094,0.34357474777043384,0
9073,87.92879954120012,8.67615829258172,-5.313409226007179,-33.25010678337645,0.45429766293168683,0
9074,90.80233849144047,7.145538322905113,-5.4491086271399745,-34.325283490022564,0.14642074528759053,0
9075,71.65746150479909,9.69680546312293,-3.028580181749869,-35.771913269356986,0.6375172606324974,0
9076,24.76721921330001,12.32828276064954,-2.5304636087713073,-33.66044813498781,0.647882673176697,0
9077,-1.2427039277418075,12.19126956441242,-2.6747780533851806,-29.960582761500582,-0.074024472199194,0
9078,-9.314944061577807,9.125065417775994,-1.0909772331411574,-35.18457836792727,0.5281127776824079,0
9079,-31.647101552511863,7.43331519144351,0.23944668902121616,-31.08866185240964,0.3539041950348106,0
9080,-10.111441270845322,9.12969689287769,0.9975362436657431,-28.657190445213146,-0.7324179822535378,0
9081,14.237843902149983,9.022696364421844,2.217718470543795,-35.61470214554396,-0.6913753187091234,0
9082,-30.442206015851525,10.795246622525653,2.147869777848062,-32.33794282390197,-0.39863018246391657,0
9083,-31.019873954498163,9.61030071454426,3.9688447617737754,-29.535501140329362,-0.1909350682492737,0
9084,-18.64141672197772,8.207180316329046,4.111927046257074,-17.53784831715875,-0.43772068325412106,0
9085,-62.861137214336956,11.791360680727854,4.111098598455893,-28.666009950673775,-0.48865248671687295,0
9086,-22.14714084461123,9.708859991777466,4.642858144669938,-23.914914966605483,-0.33141956204105216,0
9087,-30.466366770753964,10.120448162400518,4.901776105511798,-27.952894162418378,-0.5211400035531267,0
9088,-79.67846979366375,5.598135363691917,3.4659132567788893,-25.737110223744928,0.014696548356776917,0
9089,-94.58499589094014,3.9754503121584346,3.9904483023045496,-28.15641320932772,-0.12124520724598335,0
9090,-74.23796588911884,5.70270695756912,4.223360843210735,-16.6877563976102,-0.27789464552941073,0
9091,-99.40054921665669,7.349090107079004,2.1730275798245695,-25.74688083746274,0.034497053030110525,0
9092,-118.924747913644,9.17449631681555,2.129166739489506,-13.6563284589703,0.39498289877328646,0
9093,-72.55532528644918,3.028847581029229,4.249209606723004,-14.916855207963522,0.36214372578522375,0
9094,-75.25662230722168,10.57132315456958,-0.2235538171814735,-16.69140578072367,0.40280073841804814,0
9095,-96.8857835759918,7.380568582139502,-0.4730770279194196,-10.665796884480017,0.5404072614211968,0
9096,-124.66462919022759,9.396249092018502,-1.9143894179878234,1.1046963687377147,0.5452652590996296,0
9097,-122.41593238162446,4.5232558475406055,-2.1458681796604178,-11.06330112473256,0.1588838448463913,0
9098,-93.12145569697242,6.906718075647503,-3.7113528006985734,-18.085471566493386,0.5449042412345593,0
9099,-101.7522294679791,5.658447838678369,-3.8916421611169074,-4.069325383170206,0.14241088219140874,0
9100,-94.14865101403748,6.698769094458122,-4.97346049678546,-9.608496012381407,0.10593814529662751,0
9101,-61.586972420353774,4.158498368556349,-3.636670096518004,0.9961395782167486,-0.10712236366208658,0
9102,-61.24251329238802,5.123633363634801,-4.85999814945811,-11.106329006169478,-0.3459130352280556,0
9103,-41.46468149378123,5.922274593107051,-5.99743771774944,-1.179527935151599,-0.19527940170718325,0
9104,-81.27173472088556,1.946919604073746,-4.007384849534359,-6.600166455961771,-0.44136215092263564,0
9105,-60.140756064053264,3.257027404838386,-5.466882609943293,7.676764255523404,-0.4820446328540099,0
9106,-29.382619797590362,-1.486848690023641,-5.553386511453797,-6.020133482104774,-0.9891895944506771,0
9107,-26.44076459429253,3.2044976696721506,-3.313998084508174,11.392806061879394,-0.27830331477175285,0
9108,4.758926922483784,5.214934773673052,-0.5933430959377339,-0.4183681186290351,-0.38773452320669394,0
9109,-7.705624785718669,-1.6804076978151694,-3.4182322416857787,2.6164111163572903,-0.08238687338633924,0
9110,30.779174334575128,0.12653584780696328,-1.9481056955040619,7.882982597607291,0.23671989759462392,0
9111,14.612478012785024,1.5703218566289578,1.1334607662809324,-3.557470557022907,0.22174434639207297,0
9112,35.01251119326612,-0.6272684095490699,0.7214799001120078,6.226613124276541,0.21214671268355434,0
9113,17.118326651337323,-0.857641965786295,2.9042456094782447,0.9166377571163393,0.2702934410286162,0
9114,33.45814342073706,-2.4646086800543365,2.291917228485291,4.134322295357714,0.9297242748362825,1
9115,60.64361320856733,-3.029477383210369,3.983717858823807,4.791006176978315,0.5803310370678408,0
9116,83.5127206626029,-2.8316924638073036,6.145420477131437,8.232975341641238,0.5414509607780456,0
9117,74.1542237507125,-3.0534482159862923,3.5900959240271484,9.014916768247955,0.43418686068973555,0
9118,65.62717823884724,-5.970320143006617,6.0014350857200265,4.478548491215734,0.2206604629867015,1
9119,101.88609761260193,-4.2011114359986115,5.6519256113404595,8.966380194393775,-0.096696862531229,0
9120,36.80583255921923,-1.383458881411047,3.279292429336759,-2.3453202417613213,0.4649322841617472,0
9121,57.700942081692595,-5.798954678078921,4.933648560443233,15.257746275386207,-0.14227765216166943,0
9122,104.41780433210924,-7.862958254470417,3.879358122922241,19.75298295253703,-0.1727769688640639,0
9123,94.79967982265718,-6.105573308041874,3.177694745597762,13.20829800087855,-0.29220478530608496,0
9124,109.4157908153922,-7.631755848744479,2.5801140127602293,5.192028113736944,-0.09644373004562035,0
9125,100.40942876800102,-9.263499832220253,0.9607812022819555,17.89857010649059,-0.6141778395310145,0
9126,111.3655656900664,-6.67630160508567,0.3965253108402817,11.321003742953092,-0.4461312879475609,0
9127,83.48533494995652,-8.725641975411952,-0.4298555064139581,17.001396711523466,-0.38740073133649094,0
9128,110.01294991737615,-8.886686717033474,-0.8962213471284358,20.460888575329374,-0.7152008979965881,0
9129,116.33614472365709,-7.643494936222225,-4.074939181330333,20.702309676337364,-0.6433272773663622,0
9130,117.73981712451683,-11.30991846760302,-2.06081923861856,24.303861084925664,-0.36890923997254166,0
9131,129.54833125563226,-11.999323527241977,-5.177300558507571,20.55345550921268,-0.03526277957724748,0
9132,89.21562582494172,-7.425768762173388,-3.770341976537849,21.60239947864929,0.08871300658581127,0
9133,84.02565626078028,-12.85859506021757,-4.781810206636907,25.325288459279594,0.1851668748531101,0
9134,41.51294280786971,-11.157210322838788,-6.2778936054653425,22.181462651379043,0.4643611409306404,0
9135,54.05795731855174,-12.987456232399847,-4.404869603173429,19.986987246867812,0.2576005141365513,0
9136,52.88801412963289,-10.52050777087552,-5.618035778356977,26.56529502073713,0.451608683850497,0
9137,69.25249312382621,-8.828709402962028,-3.1571646718439976,19.529869806001788,0.4763794460310955,0
9138,27.040466961114923,-9.572536038400784,-4.321650454880745,25.628646418331016,0.3019186780759443,0
9139,45.8093993697712,-5.101362267001815,-4.346705279325216,19.99271276023898,0.8552094627103802,1
9140,20.173697116342783,-7.774467295839642,-0.44508859736997386,24.94528084588504,-0.14549545774735145,0
9141,6.784408647874605,-11.848938151877356,-0.8459307100263025,25.97929954587859,0.40084955166996006,0
9142,5.324098153967474,-12.394095026166994,0.8325694561334877,24.44016544739035,0.16520764111078662,0
9143,-17.46192015614015,-4.574976944863418,0.10791941996725418,35.66740305734212,0.018866639919911526,0
9144,-28.108241524714323,-7.826610945414487,0.023345826815177384,36.046133915699876,-0.2588501695775409,0
9145,-63.31680623970611,-8.711543667790522,4.469772611824647,38.305289869568185,-0.12169846978121324,0
9146,-43.5817963781889,-9.654386626900747,3.5561465051635324,31.562361613095433,-0.5537845295005825,0
9147,-57.23779388868555,-9.146349365627428,4.679899785299343,31.086899156592732,-0.41986540019009194,0
9148,-66.49778203173456,-12.52261286775756,5.304134058834932,38.01291796511953,-0.4734373712246694,0
9149,-55.819118644875786,-9.085570604775457,4.585854927323595,35.363515709725526,-0.4806653495881045,0
9150,-58.32132715379991,-9.074874551507074,5.224988682710967,36.05160772378957,-0.3171724037919168,0
9151,-73.47311835210222,-10.8202648908144,6.470940130137557,23.41340995095232,-0.4081252574767217,1
9152,-64.05122754496553,-9.861164695275406,4.528344608388108,40.59893302702815,-0.20850394566133257,0
9153,-77.45191986239604,-5.50392787998497,5.00486131438238,40.60545242770174,0.3898031648154865,0
9154,-98.97901872895147,-8.513468129095706,1.4115177582892577,38.11271917275366,0.7929108040192329,1
9155,-105.51975364225052,-3.8289598127015427,3.730872616925344,42.85800852154293,0.4440856858282704,0
9156,-92.22909182969201,-11.140921315333612,0.1855176091971673,42.41073696668071,0.5999299670415084,0
9157,-88.2490680776888,-8.372937922318526,1.7492671417904053,36.52649859974919,0.5380502874016553,0
9158,-72.00998450282654,-10.074031882695861,0.1333301323908918,39.5026863377938,0.5895207492085679,0
9159,-75.38703418556844,-9.031671866210374,-1.340123387531106,36.13814508027111,0.5736036569194751,0
9160,-108.29230118317616,-7.886061924468055,-2.2810901202638636,49.04724917158339,0.5967431750437505,0
9161,-96.78149613336859,-5.2002839323869985,-3.2845625834250054,47.16424594980145,0.5870527120359019,0
9162,-77.65291945324749,-4.883929295256975,-4.581961046511444,38.73413540712254,-0.03219625950364913,0
9163,-65.13525094671331,-6.349299595490955,-4.54677701895566,46.40635731017807,0.5623456724492584,0
9164,-62.27351657817344,-9.006981191452493,-2.5391968487462546,45.19587481382123,-0.12317374075252216,0
9165,-76.07830820953342,-1.145283366381141,-3.6621462884526927,40.84656134284751,-0.2572488459880143,0
9166,-92.88166581843146,-4.2112360429898406,-5.854736175899976,45.35366390414827,-0.4762351059645018,0
9167,-80.10295420583202,-5.4022270789863525,-4.536639885663761,49.461763023715896,-0.5489909486452755,0
9168,-46.39382890702193,-2.141802837584992,-4.337409047327302,50.28918051584034,-0.3756903599758532,0
9169,-36.206227035646585,-1.7980639608123163,-4.027997378556352,57.65100947554873,-0.358752186067956,0
9170,-55.79841677390481,-2.362080897597585,-4.185886463305509,46.8456490545508,-0.31692844032665235,0
9171,-23.36956125508917,-0.9251486761887273,-1.9077153857541198,45.54982184862352,-0.42632173805298346,0
9172,-1.830183073600347,-3.0346982379082066,-0.5842150667110632,49.89533618562443,-0.7510164607620587,0
9173,-27.52849381665029,1.2945704986486297,-1.2838376906935896,46.49685729179278,-0.4264833981712804,0
9174,27.591695002277795,-1.7190429871716182,2.503887750950999,44.79521887076458,0.08470257977337887,0
9175,7.881967867356007,-0.43718830316829127,3.046774084268678,43.379808717720806,0.2913141284096403,0
9176,50.371495616137295,2.568879970386037,2.9885730938566355,31.14022823055112,0.2622699891479574,0
9177,24.08484473172899,4.173342069970378,2.027033184843456,52.20317323949233,0.2987741508777019,0
9178,23.408794854992554,5.426708436974853,4.348590672067929,40.57016670108437,0.5487711071754148,0
9179,43.526928591644136,4.850854214959637,4.7602275140947565,44.57232405393966,0.4762645317755215,0
9180,59.00861205307632,2.5683650897994923,5.343938579064298,50.625777151792526,0.36638440906042147,0
9181,60.75527418748615,0.6036554400614715,6.581193279585252,47.72832838016394,0.06123316712123078,1
9182,71.13346382680689,6.955832485868557,4.775736040763754,60.23491806903678,0.10386736926059917,0
9183,88.30750883410985,7.336750884636356,6.763108707642884,42.07500671494514,0.32313733438845027,0
9184,83.56372997691284,3.689558188232631,4.697375088077937,60.9277389960255,-0.20414691617639807,0
9185,90.15503250504526,7.301459003865721,3.4049327046594,56.7300905076622,-0.026090646840299603,0
9186,60.86870466405404,5.206650914346433,5.351974453010566,54.44575313115303,-0.014554854017082897,0
9187,105.51340475213695,9.270811384528232,2.921979777556946,57.14997638814735,-0.5569934376680885,0
9188,97.54560954168286,5.620112028395766,0.6934396800997202,52.00963909927228,-0.559035163672958,0
9189,132.19329688523607,10.972106523786305,0.24270178867659498,41.48348375438678,-0.30196477770352154,0
9190,80.85485428875728,8.934474282738918,-0.2022884505255086,52.56717754796797,-0.23758577750810883,0
9191,62.14333995366682,11.286350366975995,-1.9509998331247482,42.562716083937005,-0.5545805419853189,0
9192,108.35143179753014,7.073469482202966,-2.557082417711533,47.27746977796514,-0.6533371607440679,0
9193,99.64231671186299,9.100928081109641,-4.291764080014164,49.46209176739976,0.04784869904564987,0
9194,68.33848493884676,6.621392471871532,-5.804805435171747,45.21047041318016,0.057734633506501556,0
9195,52.823201113501014,10.495615949902218,-4.494006123057986,54.389380451581026,0.17045235357567817,0
9196,108.24366280906631,10.83139258175667,-4.757807719974071,48.46388231069312,0.414739539061898,0
9197,99.08117228986713,14.030450853569832,-4.472864799985591,51.43291103899036,0.11520406652564702,0
9198,13.645665735924226,10.380489915374564,-5.478989348665364,49.1732498709676,0.5196069908084606,0
9199,46.19275686207371,11.021069907884609,-5.950710036085447,49.665469809927444,0.43402925934605335,0
9200,80.0503640619792,8.763764713504997,-5.09904395005063,44.39488274239721,0.6174821662387806,0
9201,28.18730169130957,10.89646966624492,-2.436851111247905,42.7341260548759,0.6181977473551933,0
9202,18.461566651643828,9.137684791640563,-3.3786272175623497,47.591162960180405,0.5742131869540724,0
9203,12.901380688147679,10.188206501219742,-2.265508412540132,43.26576460059035,0.3852809373836693,0
9204,-13.764027411953888,10.33964805392564,-1.1745582146030513,54.78120629035765,0.17864914760988154,0
9205,-35.43072502720059,9.295167392619534,-0.48576705752391536,40.629219393246814,0.03680912278811049,0
9206,9.739954844378412,10.109833505820667,0.43062945979235323,58.87536948961426,-0.09341779042819094,0
9207,-58.032495036091326,9.192564487983955,1.1982439324811203,48.3605711802411,-0.4234819485249408,0
9208,-25.879532229841242,9.118051383243628,4.333052129629627,46.838428121765695,-0.47789528726089026,0
9209,-22.436582954089275,11.940513102242727,4.35861893927979,43.413214308264514,-0.3924340074050859,0
9210,-78.1345632196039,10.023218386386713,5.525810815333296,49.003457469859185,-0.3696678024925152,0
9211,-76.04657846733295,10.227555010157099,6.15625162188719,44.28349707687657,-0.6121824241032636,1
9212,-41.17366723418569,6.456015699554164,2.5983041686813535,46.37514158041129,-0.6364761178483389,0
9213,-62.00162980272952,10.03132298998817,5.335642228998792,48.631836410913365,-0.6577553584820577,0
9214,-91.5014022017671,10.036078110410543,4.250989808595087,47.30144939338966,-0.4476829876373988,0
9215,-60.81603438413295,7.946945389469395,5.606116301135367,49.6688081491055,-0.15859186665806352,0
9216,-65.5877231643678,12.660218936758382,3.2209991782481815,45.65592038834506,0.009259223215518017,0
9217,-88.29836998337579,3.637021027888,2.2235131600240234,37.690403341525396,0.18247151714610602,0
9218,-114.70760077465316,9.488991389462665,1.028139513418634,31.51084373356857,0.11713916282826592,0
9219,-107.03210429932665,9.030851771492095,1.2458733597879081,42.41124433523455,0.08274651248513071,0
9220,-94.10732081298599,8.354383924571971,1.4881206971622802,41.913134856597075,0.5179064975075315,0
9221,-103.68135886185435,7.271445112466525,-0.16888088045772837,49.82889777158006,0.5213244018769794,0
9222,-80.20646297960442,7.650886041158305,-2.608974568084911,39.017396059586446,0.5792347516775465,0
9223,-127.6682009515852,7.900015642177122,-0.17887962643729072,40.85057299631542,0.5363711899051895,0
9224,-124.07518421205548,4.310620850825294,-2.51426140011509,42.229915121185385,0.3368797265245248,0
9225,-86.74857120046639,5.9451156092254935,-3.0925205230249193,40.2616582069165,0.143303338051156,0
9226,-95.47005437030553,4.551055000802324,-3.1367504883157706,41.249843726234765,0.1467804452990708,0
9227,-92.59763281310593,2.288824543752165,-6.4375611935859824,32.259773835510856,0.110139195856199,0
9228,-109.03538963892859,5.45818538066742,-5.893091002474501,30.775144472814468,-0.4406567002462429,0
9229,-66.16480429072477,2.432551151310016,-4.144353827252816,33.54606543934326,-0.25464471622052853,0
9230,-59.82728651225942,0.0940798950298376,-5.565778658023456,23.35645201227904,-0.6003999113869138,0
9231,-37.331835640209796,1.5323782831194546,-4.628160495521999,33.29311012078806,-0.4561446481125925,0
9232,-40.14892926284806,0.5270790288331535,-3.8554481346952993,29.44392076478228,-0.26577136545260754,0
9233,-34.88984556028118,3.6908009784482054,-4.329068053034307,33.590634751719804,-0.47129230349208723,0
9234,0.9136457515866709,1.4451116197215026,-2.5647748687269765,29.87916459447677,-0.5066436279089498,0
9235,-39.03824086232727,3.405526988213335,-0.35388465345770026,25.339803544870378,-0.2794924230966227,0
9236,7.904144183798827,-1.1919163774450414,0.44720245657294616,36.17154461015154,-0.23291922025602513,0
9237,-26.253116009417454,1.3896175003225912,1.8281521402347858,29.21830199398115,-0.10803229958521271,0
9238,0.32441862189875437,4.821501876443704,2.6938919890586095,32.29692495938559,0.4877037326179441,0
9239,2.589568325654959,-0.6425568154410404,2.9916322696752906,28.065934656142332,0.4704328137608872,0
9240,51.96441294828237,-0.12481597267078515,3.7110930456445366,28.62321062555218,0.3051061556238579,0
9241,44.137255818209596,-0.9499509947243241,4.30147558293996,18.64260802012327,0.29708749605343376,0
9242,53.84121783018592,-5.664168355155844,3.923441171651156,30.972277141663593,0.3117088749736764,0
9243,40.10178314923745,-2.1243659068844085,3.841473521080389,28.0995084761689,0.307471149027085,0
9244,63.74588720208721,-3.150832377304618,4.308542731805908,22.726757199319017,0.5982507300614467,0
9245,61.27694867122194,-4.741576899758305,4.599572522129441,23.36669957123471,0.22915642837496872,0
9246,90.25702777664702,-6.437938989215366,4.0008694530321725,26.03667841889789,0.538515971302687,0
9247,67.98258624365202,-3.718011634412753,4.615972944889629,18.252198933778292,-0.04475794894613478,0
9248,118.73946509515449,-7.474135182403616,3.7819561218246536,11.277304105748051,-0.29765413649871114,0
9249,62.0504694686684,-1.6715656422943663,3.1245783730580667,16.499215705323117,-0.12638196363401058,0
9250,81.89535778275321,-6.105203783924958,2.289621581042715,18.093006465487502,-0.7475106240623932,0
9251,133.05399966666636,-9.159010589285357,2.179565637237908,16.22745127929686,-0.44040368598527374,0
9252,91.29717862243479,-8.102466097694391,-0.01820806448315091,22.02951661968867,-0.7424327446512288,0
9253,73.19317792731954,-7.975136765404708,0.005581514095061024,9.688033013381283,-0.9136651431562939,0
9254,102.36890140101852,-2.9199660222144814,-1.439377319524122,9.361156105758347,-0.4353795628210643,0
9255,85.9972858294444,-9.820390699964621,-1.701525839076073,7.2720301864826205,-0.14271631287191813,0
9256,75.35113038894343,-8.570016970106918,-1.9788568494638965,13.735596869351568,-0.13704587442630517,0
9257,65.7946057399916,-9.678769206612682,-3.635903437828507,2.9867147258874267,-0.015179724221940843,0
9258,137.84659099349642,-7.848622218244945,-4.559909906752392,13.356410966777053,-0.40474818406657254,0
9259,71.39107371041922,-10.112819498871492,-4.831569346588635,3.990096932325045,0.2226768494114961,0
9260,31.090172862120802,-11.546411577186404,-5.467743472642658,3.802436609938148,0.3406338154363352,0
9261,91.95968822223419,-9.83496705916934,-5.370812128811157,15.529436501381138,0.5769042207383187,0
9262,66.17054639393835,-10.195639214699364,-3.6403518828188637,11.848899402578581,0.2835718382802572,0
9263,29.944393064254257,-10.9098267808644,-5.0004744961939505,5.287483581070011,0.6594409819034266,0
9264,17.48357324227971,-10.907136960786184,-1.7554320810690378,-2.8602340314895818,0.34586223567632585,0
9265,40.12648583627475,-7.539734193111054,-2.7209690556649675,12.769130799993498,0.302110667038085,0
9266,11.963390029168673,-10.60344810939004,1.1962187266651727,0.7163937786296791,0.3494576161336167,0
9267,-31.54194988885573,-12.262160167725774,-1.3891754089398471,1.9362102692419243,-0.13390046908478936,0
9268,32.72853773576958,-10.923094374900597,0.5516778371599708,4.2579987657057385,0.11965223634744523,0
9269,-21.65980134858572,-9.870156784090709,0.9351691344964206,-11.116000915292418,-0.46125443783271003,0
9270,7.097403867941175,-12.606391158460525,1.4281544383899882,-5.5010457518938285,-0.18742687063698124,0
9271,-6.85142020479077,-6.612090291417951,4.1307052353365385,-3.639646690088012,-0.46524475645436364,0
9272,-61.72246764013944,-8.034426604058512,2.684749225019207,-3.6427686633381695,-0.5112409279658782,0
9273,-29.9039614852472,-6.790360543477917,3.686520011063852,-11.809777174616505,-1.1129306834421944,0
9274,-71.95683546163431,-8.723448512298274,5.347282449102917,-4.653313773438093,-0.5928157243102903,0
9275,-104.0334329505153,-13.528334085700934,5.714487212922546,-7.1070452590263145,-0.4490692683289027,0
9276,-82.29638271608663,-6.080158691034098,3.588085307131762,0.07300596960379835,0.0066975346841355865,0
9277,-72.21923817922139,-10.664977482948634,5.373556222227417,-4.246658004572104,-0.1791452103587307,0
9278,-94.99323798887065,-10.266888943579428,4.54165075156407,-11.575221438580199,-0.1561280725479514,0
9279,-96.58931786077494,-8.132788103254208,2.9399765307453847,-12.186029048946256,0.289904966456474,0
9280,-71.38314613166085,-5.4107924357363615,2.359973082848563,-7.105454751321235,0.15984560702699413,0
9281,-94.98894393421428,-5.762077722183104,0.28102302297049864,-11.727203135360107,0.5817224273415266,0
9282,-115.87876709390072,-5.737822078686614,3.105267918839564,-20.96311965315735,0.508428730082059,0
9283,-85.87686854604567,-7.8368987251050495,1.4212648030844917,-4.594983651444281,0.31637912671400503,0
9284,-95.87029544942965,-7.513290616894235,-1.8814594600430623,-20.963741146361684,0.6796630287743509,0
9285,-149.16482810681168,-5.793877556809307,-0.7679519070845081,-4.563604273127341,0.5641396972200444,0
9286,-88.08809426897997,-6.357384868884648,-3.052961306900193,-15.755948533377722,0.5352613075344946,0
9287,-85.77525252264647,-3.914845732624089,-2.3773803359664294,-22.00304269514077,0.2000728224942828,0
9288,-89.23073978970997,-3.615253840497209,-4.470267089870578,-31.583582686881215,0.21597305219392954,0
9289,-66.92490153456393,-3.6616281738450427,-4.86111170983686,-16.779280835158634,0.330542480700665,0
9290,-92.4856525744377,-9.452946772260333,-5.1303575738992855,-29.321075058841394,-0.1637930720383306,0
9291,-65.79693346322026,-3.6907606053849653,-5.650582668157302,-20.680840766985444,-0.4046266102283498,0
9292,-96.6305999119685,-3.700293430312029,-3.5461087551495765,-13.68795484843368,-0.1139087889985268,0
9293,-49.2617178585129,-2.673678150958132,-3.8018492414392897,-29.923975353481588,-0.3493229376487963,0
9294,-9.880887601581513,-4.037999561251127,-4.158034632749896,-21.415072723975992,-0.5897639806979973,0
9295,-59.88875144725987,-4.692220976188205,-2.6408709230291154,-30.023074810461495,-0.12492943486277286,0
9296,-45.83762683167362,-0.624565507573203,-4.543837228754111,-21.148670319660503,-0.6427679844613846,0
9297,-35.185692263273516,-1.7677621166152706,-3.2802684819156065,-27.323920461382166,-0.19046446221691646,0
9298,-8.519539088793133,0.5925468418226328,-0.6304999528492913,-28.57590586323407,0.06525488367917359,0
9299,-22.40324685688171,-1.3989557575357667,0.6212918730514806,-23.260310473585662,0.19721415634314282,0
9300,17.27082407517814,3.274549209999151,1.160527470930626,-26.974734672013028,-0.048690046050766655,0
9301,35.68268823797548,2.9436059560816275,-0.041337613833116515,-34.91704683978186,0.01990134284701761,0
9302,39.1455436952973,2.0315256295921773,1.6658505781841262,-22.73808227903232,0.42668348081320673,0
9303,2.5186520927849188,1.5040957975865412,3.9228408795510576,-40.12016051110155,0.6004865278712401,0
9304,66.84012110143654,4.123465915726816,6.5710021292715215,-31.81694533727079,0.28165062318527223,1
9305,74.26494660743879,3.6856739655839594,5.835494006169745,-38.050879264732956,0.550887442297188,0
9306,80.14694280264285,3.8524269507038533,6.483848744214153,-42.10023017301167,0.14850433377063266,0
9307,78.39176956310988,5.9272332450589325,5.339624529010225,-41.04869732868464,0.5623371985632046,0
9308,82.02116178983769,7.151216830401003,5.226414549390877,-36.32352487813762,0.1147990394708328,0
9309,104.17208722484415,2.23922112539106,3.559357274115648,-35.01379800755408,0.05467655443666243,0
9310,127.06694558219436,3.0773166143506585,5.060481820649027,-32.13817273909018,0.11095720591986663,0
9311,73.72301443191589,4.038662197403115,3.3874957919731186,-30.708076781248042,-0.05152376986134141,0
9312,117.6064141880474,3.0014382292616113,3.367461305987561,-37.34001622993171,-0.23645312232354831,0
9313,96.62000792136462,6.272881559051062,1.8128337175496971,-41.56912013262681,-0.22123492585478466,0
9314,97.06870821460686,7.97471009200471,1.0976356320262677,-34.76702823927799,-0.4030566972918726,0
9315,69.25358336993844,7.090806498062677,-0.2654727644888688,-43.62829891845173,-0.20978246646312682,0
9316,93.61142786185519,6.406735318603203,-0.9422956876165747,-49.109919369464365,-0.8112688470230001,0
9317,77.69269089118623,10.050546076337977,-1.1094981318061847,-36.99709219888981,-0.40894399893166966,0
9318,85.71610893706995,8.381905313266111,-4.234356436616003,-35.61621723481471,-0.30989687647868125,0
9319,69.4355366991444,9.069672623902244,-5.201271698719398,-46.87156771956772,-0.1998721956576572,0
9320,77.91393223891886,10.954135580712942,-3.874866876504334,-33.46802221338919,0.09075535563642037,0
9321,73.39453131483509,8.639531712603784,-3.28108274664147,-40.84919671013174,0.18219630415780463,0
9322,77.26198698940878,13.224582943719726,-3.261600451838029,-42.06946348810948,0.44003671612284545,0
9323,36.08940016879693,8.403908353247122,-6.213929206892424,-47.27982382606007,0.14940222110872012,0
9324,31.84826895961703,13.467574329740213,-5.228650368366853,-40.049191483569544,0.9212272961606847,1
9325,59.76407166308692,7.6706728545658835,-5.9488608494411155,-53.178714300904396,0.41985947204972474,0
9326,27.819357947539764,10.779532973855849,-4.485935618324487,-47.65874211142722,0.5461844217836662,0
9327,56.06373354389544,8.559562447136884,-2.1212653449035397,-50.010188978543106,0.39469808015842295,0
9328,29.538106266021508,12.159216195386563,-2.4364621060678107,-53.255082333455,0.36033117767002054,0
9329,27.377410334424148,9.014280878758829,-1.8802811839496285,-42.74284354549002,0.11456817732850424,0
9330,33.51317454572694,10.578228936243134,0.01589756777479623,-45.68062819356346,0.1203528840381734,0
9331,-10.890676426843626,8.696157013033304,-0.325924299624328,-43.67244890857586,0.04577962182932106,0
9332,-26.135057149276633,11.847457906560818,3.041719489312217,-49.37791461055604,-0.6937442210216768,0
9333,-7.013802952488703,8.612344267004309,2.3778826940529743,-43.33233101144838,-0.40320253044170384,0
9334,-23.815840126963963,13.216711258091705,2.7961518259177813,-48.12403174703283,-0.5047571774959786,0
9335,-46.97119651882758,7.759302560805124,4.48465163267494,-51.10308070634252,-0.022636511274891524,0
9336,-24.182024081785574,6.9370829806334084,5.3815518057161285,-52.14990508244803,-0.326756036448385,0
9337,-64.52298416407541,11.384419183308356,6.40560502037361,-59.06351077412563,-0.1661247447376889,1
9338,-67.28726093293427,8.127305606689152,4.775280247012272,-43.50100716882621,-0.2802412908300424,0
9339,-74.50405504804831,9.102124487028124,6.048178897132685,-44.22248109830201,-0.26611663409106323,1
9340,-99.85749945886842,8.255336283015222,4.842383047321543,-34.974515565857224,-0.0752376560221907,0
9341,-85.04004720649478,6.035576621599715,3.7198249319315946,-51.39896781165906,0.2242713776469215,0
9342,-63.21748869108232,8.246132920410961,2.971755467819987,-53.15445684646204,0.49747467835894166,0
9343,-85.90349560457919,10.648283205491111,1.919502060233911,-58.4023569634841,0.3424644157029036,0
9344,-96.8845241986082,9.822764688485398,1.4224522540517308,-45.150083739897326,0.2668760013086411,0
9345,-102.46982351458826,7.958578317499212,2.3412359420295923,-46.33553859433399,0.6508170883315305,0
9346,-93.35430438730556,9.37929791002648,0.9447640027654252,-42.240533276886275,0.3280897264420757,0
9347,-84.71459581964366,4.6776095090945855,-2.0001226519956314,-54.577405970305,0.5650768145025818,0
9348,-86.2671665608797,5.770635298128549,-3.4720119267711493,-46.387134038917715,0.5680306548061413,0
9349,-102.84755593200558,6.82200059924019,-3.7358291088357127,-52.53394381251781,0.3163548663678615,0
9350,-86.51164122825583,5.363334989759551,-4.193595008367435,-43.13997019986987,0.03301828666990239,0
9351,-79.2761947735784,4.710234425454042,-4.377227979939853,-47.092343045266226,-0.02002998238473931,0
9352,-103.99859631528597,2.3693030721912027,-3.3957861960484896,-57.44684758706098,-0.14183752411164324,0
9353,-74.631944299877,0.16269321810764215,-5.428916380560227,-50.19945472097256,-0.4316885760134317,0
9354,-114.58517561184105,5.505083116475795,-3.3186513426737756,-59.13931589778585,-0.420867398911444,0
9355,-54.35796993372822,3.8900963237171835,-6.598002589652548,-55.050669971253086,-0.7260220124555911,0
9356,-42.81177606954435,4.733445483913877,-4.989029338054784,-54.564072313271915,-0.37047117548285335,0
9357,-32.5179879705034,1.5734502972665676,-3.3924442906307886,-52.05099622805485,-0.4314423621718916,0
9358,-46.34582719261553,0.534721335417021,-2.701820454988675,-49.93638413336937,-0.4098898530424695,0
9359,-22.855804477554926,1.480828289964269,-3.114283955977365,-47.557257435790206,-0.4637670104757258,0
9360,9.140610223545657,2.6799183390244954,-0.8955880404407042,-47.54531068091931,-0.3260225482064692,0
9361,18.828424336008496,0.00997300528369216,-0.128275489182876,-47.95595803150388,-0.30580741677077045,0
9362,-0.044533569090371095,1.57662425005777,-0.6282234003814404,-45.87421741813401,0.10911763788270226,0
9363,13.305817360641877,-2.539318332380347,1.3610344435664405,-53.46558961493425,-0.11610475989494934,0
9364,42.61304535654611,-1.3480363086271594,2.7002290313399793,-46.512308668543895,0.3057087803514556,0
9365,0.05040154800287766,-1.6612477303141122,2.256991982672416,-39.34874228545229,0.2698975532354738,0
9366,32.97613244275247,0.43968480228838347,5.31844396096916,-46.9742789346452,0.8203498298153049,1
9367,75.12621391464292,-2.084884243606809,3.400866156082736,-43.277670864116175,0.6046106295490864,0
9368,76.41222841942378,0.5112210884184529,4.823545531731352,-43.330381221233544,0.48493450606165045,0
9369,72.21829782178607,-6.149647674166175,3.6863448675272847,-40.59649791703319,0.20626271488377393,0
9370,41.993388717665034,-3.659150495316964,5.099364303479615,-43.02351832443962,0.059022908081658165,0
9371,77.66834706741287,-4.0151070258567785,3.7896378917601696,-39.765976340362606,0.30551400313686494,0
9372,72.63874852603195,-3.5776990292462374,4.229667223884525,-40.9723387142748,0.4223072486940949,0
9373,95.98467207329027,-6.876545413065224,2.4239345758592803,-39.72096075485915,-0.005054146308053162,0
9374,77.21090339772202,-2.2997511472991046,4.1371940491292465,-40.278135394210814,-0.1934221403271149,0
9375,75.9841119557785,-6.047365571737467,2.8874583754150587,-46.98711320908902,-0.3117568527189777,0
9376,57.33783515152814,-8.63689803838488,2.711476463929687,-47.254600360524904,-0.41909022456801637,0
9377,124.22226553318114,-6.868129009386955,0.30440194746562305,-42.59796831725585,-0.4497375328880494,0
9378,91.94476228919284,-7.81863145295435,0.7881942413978311,-32.48834859353189,-0.6343417252275171,0
9379,102.2385197085395,-1.9640904759976854,-1.2904536183354507,-40.503438579849075,-0.6545049008417744,0
9380,97.2161427025812,-5.7501034346791755,-2.1476336735386727,-37.48014052147006,-0.3593545633413074,0
9381,73.1057285575292,-8.05047690716176,-0.9876846700527713,-48.23162348811383,0.03012415239407973,0
9382,65.52285395801552,-8.653071719112736,-4.303694317004032,-36.77817877757531,0.023478166549039586,0
9383,65.94130873142858,-6.785494647878203,-3.1565874674836962,-36.6540463422214,-0.23019639687562776,0
9384,66.0679422511138,-6.926539579798376,-4.294611605421993,-49.77204643669183,0.1123936697242509,0
9385,81.54249350463682,-14.961713254625192,-5.546115348422122,-34.25831045570163,0.44157529354869407,0
9386,51.2335873585918,-8.044134847804465,-6.291509182988434,-43.26067684092601,0.7050735295438617,1
9387,94.34440529893256,-9.442375366741098,-5.812141006108337,-37.91153693141784,0.829998207746191,0
9388,71.63061445286309,-12.265042571186182,-3.2610929411574237,-28.57773463037313,0.4574993170864995,0
9389,58.41733544698706,-8.002671255808405,-2.094994074804104,-32.01472106189844,0.6477590296353054,0
9390,30.597367645553106,-5.366665451070955,-3.022913722513663,-34.282992796150616,0.47290028072606016,0
9391,53.68693102339846,-8.816749058456837,-2.131272436038379,-33.9370661135213,0.30144405850781303,0
9392,9.218156083426184,-7.7759628607648885,-0.5687981202022837,-32.57009280127043,0.21113653314465503,0
9393,2.9943232470936074,-6.3901235009801,-0.28841594445917795,-28.876936730712966,0.06912348786717963,0
9394,-2.975840212931116,-11.655437228813124,1.7359361978531984,-34.87397350335501,0.13992103416952206,0
9395,-2.270052535106556,-13.681624983102601,1.9004478163049867,-22.426501670101736,-0.5168197338592766,0
9396,-13.336604812845627,-8.599408116757093,2.6528174866947865,-32.95301813805401,-0.26203613772040024,0
9397,-45.084994562103105,-10.330243778921515,2.626158075653848,-35.006212423663804,-0.13575080190237976,0
9398,-55.39455751402255,-12.48066564365888,3.0556265488891103,-20.56033609723244,-0.20561737314356698,0
9399,-40.6418439482842,-9.761630915710874,1.3578253166186345,-26.835679274275815,-0.38257402288723286,0
9400,-47.30643753250929,-7.999160375111996,6.08697475137752,-23.423885497307406,-0.6078334884832771,1
9401,-77.03385938900395,-9.57753181734989,4.8487273850405845,-19.61862900581115,-0.22035149862818781,0
9402,-107.775173797614,-10.655382975915876,4.53826536391041,-25.59541306217181,0.0035579146209712698,0
9403,-86.28262909561013,-9.308181472049691,2.7333947833016268,-20.410144794747822,-0.22682836068701998,0
9404,-74.95000713968436,-8.657411615498326,3.604648449732934,-16.94400581423998,0.09641040421462067,0
9405,-55.72292515896318,-12.213172885281343,2.863508658497738,-11.05003969531882,0.1302996049703174,0
9406,-119.28361268993692,-8.354626771391349,2.085932173040049,-20.894935760926938,0.17971498580994913,0
9407,-106.39661942677084,-10.45245782449189,2.3442069187777217,-19.720468861972336,0.3436147344294519,0
9408,-107.21616985548775,-6.121019592408381,1.1840978385986822,-13.648229264227323,0.5001664225333341,0
9409,-72.88144339626947,-10.217857459325003,-1.2913007185892758,-14.474441315818458,0.31624255517831923,0
9410,-100.26668928733989,-4.709352975387266,-2.222490443588626,-15.248921953287024,0.264243540417914,0
9411,-116.28985042173088,-7.175199263176507,-3.182109603291665,-5.640804959889855,0.24058371281214064,0
9412,-84.56425792804617,-7.049063416333699,-0.954640085026961,-21.051511415047898,0.3845406434097485,0
9413,-100.46919425577124,-4.965541011748496,-2.0449402162204233,-18.77806695533261,-0.1022383090397243,0
9414,-112.57943489900799,-6.863974067547851,-5.021423062443529,-19.049096456080044,-0.39756255004801677,0
9415,-100.78223811271245,-4.139041549291861,-6.610969781797293,-3.707356274454053,0.17114904737716133,0
9416,-42.252438520521984,-5.713639600642411,-4.7868246922026545,-6.15932262261378,-0.4459489780539664,0
9417,-62.486906938661306,-4.905158727556945,-4.952481977709804,-14.600354738056962,-0.4003258043308693,0
9418,-60.55257767576892,-2.5137717663074226,-4.567747083394332,-7.372387817035424,-0.26299161773559415,0
9419,-59.61578551704748,-5.126122505586098,-3.833796012303245,-5.903487570302893,-0.7810574011999092,0
9420,-40.139341863986495,-4.8949956559091685,-3.6315741994629835,-15.816790475968956,-0.7831755271350516,0
9421,-31.28256756307849,-1.3813154815555642,-4.545038518011849,-2.8329813032218896,-0.5794429351491677,0
9422,-21.580312122523956,-1.4383182070277551,-2.3431913109777334,-8.664262120164867,-0.17784594810436402,0
9423,-15.38918065236643,-0.5504244428911134,-0.8869041009903762,1.755756634114109,-0.25855621306232546,0
9424,9.604204026616529,0.2663961729408338,-1.4988273582423686,-6.512635609344601,-0.11725283186504186,0
9425,2.6822967832256954,0.22576844234454466,0.5219227275760701,1.3178376034361932,-0.02580335073904893,0
9426,-7.368777848174247,1.8268247323777613,0.6571283411286025,7.694768733617096,0.2916541631339068,0
9427,9.789531605368573,1.3036079274177679,4.145786323236401,7.094108292833495,0.5955326290888159,0
9428,-7.9145901914287045,-2.4105478378387697,1.676798576700823,5.755634130915986,1.0082877096797493,1
9429,81.51352621099505,-1.4003939342859923,4.8938386865784285,3.810345773729673,0.4474286271661614,0
9430,67.1342454647983,6.437351562159959,2.652323154364625,-2.2879703391252155,0.8051851954053308,1
9431,41.681337443594984,3.061222593822796,6.529084980228985,4.01051388434489,0.6781353325954477,1
9432,60.467102132904415,5.433536718198327,3.8185689446223767,6.066922164522114,0.4672444514945482,0
9433,60.52723210324559,3.3047893650107794,5.176131020487659,6.695922533267091,-0.12955751301085494,0
9434,110.54443100171336,4.333322337216459,3.1848133506078034,1.5022303743153689,0.10754993820029081,0
9435,56.928397698979126,3.9846575030645117,3.099653231923381,12.323154830891637,-0.03019732914450083,0
9436,92.3953677736365,10.253049840487302,4.805616328350542,5.223482008905107,-0.039802332726219,0
9437,91.8148875246598,6.244188171532191,4.238472107748243,19.83123327654439,-0.29010812800122254,0
9438,113.46274327608728,5.070154394851958,2.6241243233399665,13.808582559009759,-0.47992016158356504,0
9439,96.8178601339713,3.2236111801323397,2.2052295805803706,18.92735062998115,-0.045135929096497385,0
9440,64.7177846107357,10.844664566109653,1.530038224874302,19.78095182121023,-0.2330612154289189,0
9441,94.84553535722176,6.923908581616513,-1.1973475919967256,26.328597962470322,-0.8986303187465128,0
9442,79.41273063200157,9.074068875220656,-2.8900038754026047,17.792923052220004,-0.5055186322413746,0
9443,98.44791263812833,9.613790424654292,-2.4231743833073587,15.87103686645376,-0.2382173980576299,0
9444,122.57245280347922,7.27256963068981,-3.8090427338913635,16.898113948124838,0.019229504316504303,0
9445,55.194890580621134,9.819079754694028,-3.5367472948292233,27.155749335957417,-0.19143758812702044,0
9446,69.17433980652527,7.520660134544772,-3.9143753241361807,13.989385441435502,-0.0014092253832214546,0
9447,68.46925612968656,6.981028692267692,-5.503187924979876,17.107030071400487,0.2060070540217714,0
9448,65.44024530764008,11.501355473386207,-4.284342319321881,23.581103432789327,0.4480963195194735,0
9449,80.69501257401383,9.04366571241889,-4.302352420302221,22.52169086654351,0.10909317672816277,0
9450,54.58286694493443,10.561293286406695,-4.003613504394554,29.004119971923167,0.07642075744795362,0
9451,57.95101188191637,10.486527045197896,-4.716715921727078,18.342985005877473,0.7508701845757756,1
9452,28.204762477336406,11.056809736404983,-2.9392106571874503,25.562260418321397,0.277749013948001,0
9453,35.99711323337829,6.7596854360285725,-2.461069729428825,25.81211255621413,0.8336011432452411,1
9454,37.31925722038767,8.76931497330906,-1.4839806197092722,22.22543371591503,0.13311904315844555,0
9455,-2.735459859682864,9.333237888966812,0.49521381016294796,32.80840217923365,0.13828714315094684,0
9456,17.56591397340022,8.336572754287817,0.13393547210984844,28.77326247298734,0.10278665394664915,0
9457,-7.004943970861707,10.849892074659078,0.19566283128284812,29.367200728138847,-0.5461331071740292,0
9458,2.9461114540390447,12.333038320076687,0.6566361692525167,26.707431728262097,0.31502425329952827,0
9459,-31.72270407633833,12.59210231810212,3.789044175375559,29.762664364375492,-0.4519323018114718,0
9460,-29.523913338960124,9.141055143718825,3.806343027584751,27.272253221974033,-0.6224012480171597,0
9461,-47.04425284897899,10.296584517976383,5.769482520632165,37.45467025693851,-0.7291214264432466,0
9462,-56.777759086607446,10.472851347231872,2.5569009670465506,39.04211158390674,-0.4203536603805659,0
9463,-57.74821273348306,10.669039150986444,5.801265457939042,43.00698173321526,-0.3873781006154724,0
9464,-59.635235368131475,7.49165803259569,4.738633522795088,37.49174129465858,-0.5851199852013975,0
9465,-102.1041188309736,12.687374927213773,4.5560972649700435,34.32605362551572,-0.5139952709047226,0
9466,-54.41109844275693,10.674930146520039,3.8589268345141186,34.36359428028395,0.1118347659826381,0
9467,-125.41783588454803,10.480813722262145,5.053088392918982,39.833231543426656,-0.08110480278052673,0
9468,-106.1801109317994,10.714626084182862,4.131248629968074,39.040938528355646,-0.14938302947841292,0
9469,-97.70447557047068,9.08740385206251,1.5992854065913809,37.80699531351274,0.2926167047265863,0
9470,-89.94980747638522,5.655887464941792,2.0212422198356386,37.99358775179725,0.34045537793273706,0
9471,-68.07015777263317,7.104678921226989,1.6030828112539992,45.77015626278448,0.8718173175560728,1
9472,-137.16101314818093,3.7341749513424394,0.07986740238963659,38.349225813100446,0.39534630968833984,0
9473,-109.5515221893339,7.502497078064527,0.018498229007726685,47.81989769472309,0.4114658434107302,0
9474,-140.34361725677826,5.953317654282459,-2.327150931637472,42.55882049948904,0.4480684672487829,0
9475,-94.60656121309476,5.8143670297582375,-5.158027135161234,40.35369821501017,0.1849657617207598,0
9476,-86.28578557872363,7.892345423960586,-3.4677488372046343,38.79484216146108,0.2555718269875066,0
9477,-55.46756850411583,4.145578451934774,-4.078945521532255,42.459562922678366,-0.1827045378088598,0
9478,-79.56270649496304,4.117897295410634,-4.383674021682206,46.24272081122875,-0.1757496757331733,0
9479,-54.9677463728259,4.2171143369217825,-3.836001374489026,42.317043778650536,-0.18365754154363434,0
9480,-57.28650394821422,0.033776632190431144,-6.9465026468602105,48.91232219359695,-0.15095257020773795,0
9481,-70.09414818280578,2.712944736777379,-5.084485027990943,42.96652244232363,-0.5753687147029785,0
9482,-81.38095740586321,-2.2033178491071954,-5.427427065471623,44.90002598297361,-0.6164843594689932,0
9483,-38.98268050690344,1.1135095405869873,-5.191976244726369,39.49490018035491,-0.1829574862076978,0
9484,-65.16129411948276,3.5055012681884943,-3.376594106073716,49.11180893821091,-0.5520348807466479,0
9485,0.10125868171320107,2.1957399019084756,-1.7910905075436128,45.34607369533372,-0.36403300049522924,0
9486,-19.269939932154017,-0.38560255080699934,-1.281198808235069,54.92515995040541,0.11035624408071154,0
9487,17.80918867002096,0.3864561148032717,-1.2958255659884,50.88490105471584,-0.07747121538675249,0
9488,-5.703417085446999,-2.345059838078708,0.2443186532847198,48.09444968274291,0.008843274699438228,0
9489,19.23414226308665,-0.6992202921270032,2.3022403864531276,54.08986262026182,0.1679032017342714,0
9490,27.86190279183394,4.66839027515608,2.983315853598808,50.26237350976558,0.18049379294049797,0
9491,32.355290363849896,2.0046155397409997,2.5835580806046288,53.53168252590038,0.5154383930422376,0
9492,33.85194485023485,-2.0722630569556526,3.2299376996142724,44.41268157607314,0.2991856117316192,0
9493,59.17852062190413,-2.3422965688781483,2.6886708408251474,51.24515135232019,0.6551668786247973,0
9494,41.11753371707732,-5.100138034097355,4.35784496535129,51.64790932057407,0.47336747262226697,0
9495,43.16757999295089,-5.215157244142141,3.242715864426815,41.58603458300581,0.4462656994479983,0
9496,99.25531027366742,-3.348754940746373,7.038345702592455,56.99858388260413,0.6383010725514389,0
9497,95.24125007904372,-5.574272585223816,3.910739991722914,43.79972640358135,-0.1303809077479662,0
9498,87.50853372260339,-3.1562432709153976,5.479421412436847,43.22266710532504,0.01715157030255815,0
9499,124.12517145175548,-2.2528173346629456,5.6188935002597376,35.57025618178681,-0.00838000644224704,0
9500,89.19116903915048,-5.141115699511852,3.2958100408718605,52.259243633164004,-0.3953584519961334,0
9501,123.78002225680856,-6.002538560569744,2.135641438027761,41.73096157724805,-0.19369690840376838,0
9502,102.64446919970348,-9.951716124845012,-0.019791037086458463,47.39803820828486,-0.5703714018301351,0
9503,79.45449810171391,-5.462608327153511,-0.18703690172585202,54.18833211785437,-0.4394050058013067,0
9504,136.72818004470173,-9.595452414972577,0.923857025296607,50.95561033994344,-0.5142632475637425,0
9505,118.40261360343773,-8.476142594818052,-1.2994128747894185,46.85321762768748,-0.40531077896315465,0
9506,94.00393384188973,-6.033890746494036,-2.527067954108539,41.97467650060444,-0.33188591842255283,0
9507,107.8402971677533,-6.186565931895647,-2.0461672312676837,49.32640918772411,-0.23110916342447793,0
9508,81.16312930715976,-9.451526133288683,-3.33098972870138,54.05730436850671,-0.17737658610052862,0
9509,100.86887611396045,-9.587479125161483,-4.683588305818109,53.18165301198138,-0.06620543660013696,0
9510,30.670864726997195,-10.397503225573779,-4.647069553171536,58.488047359778115,0.2733900964804853,0
9511,51.51867950399603,-11.601297916272333,-5.765115220941103,46.14370171905279,0.34541565693350956,0
9512,84.20362323655023,-10.65889715450383,-5.492599002825151,42.662913783566985,0.2912230131245558,0
9513,51.683393783286576,-12.775813617179944,-4.875759489432102,50.61522623652576,0.5547088987428157,0
9514,52.319133743614834,-8.319806894752235,-3.6637356323522745,49.92034104082976,0.4064950725347627,0
9515,12.24307629187998,-9.009053540054568,-4.852029311838543,48.61715574757771,0.7784927175827916,1
9516,66.75516962232962,-8.764720724123261,-2.768178981388202,44.66822674306413,0.8918878871005832,1
9517,43.92973269214758,-11.857556638680197,-2.360636422658672,34.87272482997067,0.5633088244785862,0
9518,6.225721765237863,-12.376992218089894,-1.9194898811345857,42.82670235284327,0.4181091763441241,0
9519,-7.836513650785814,-9.892963169286375,-0.4102318128662434,50.346116058452516,0.1666944941120733,0
9520,10.864896178071506,-9.859932443467002,-1.3532969440594873,48.662573107002856,-0.18603343656749627,0
9521,20.03481429383476,-10.245857941635364,1.1657688834267907,51.73216003379529,-0.6589382598714588,0
9522,-10.230810705923282,-10.46859242505704,1.70244371753363,48.27607278128674,-0.5942529117581619,0
9523,4.731432435989298,-6.381663017065315,3.2888834681600656,49.85595320966598,-0.5999544734544141,0
9524,-66.16352880486784,-8.84025030362519,1.9136018244521442,49.606761131300146,-0.25691208143562183,0
9525,-72.63935262804247,-5.615803595869783,4.841699235610388,45.47439827740794,-0.4365601403903176,0
9526,-88.00350462064013,-6.860202455856868,5.832231654821676,45.080289389930584,-0.5654457255300065,0
9527,-62.72082371280947,-5.809072345788798,4.881257018068826,29.951280136389652,-0.7096058794185616,0
9528,-74.66035589045387,-11.158987185543372,5.373813745763088,40.74767091376739,0.2464551778375796,0
9529,-87.04676648764128,-7.595646664060498,4.044408059987553,40.480965083586874,0.03228243189964508,0
9530,-72.8185109784286,-9.395496219224913,2.5029555008906734,42.50392884574775,0.25675978478249345,0
9531,-68.46375557406567,-11.587389789397069,3.3979431786274334,37.879003480717714,0.11065910947205738,0
9532,-126.79989238557987,-4.976613914135921,3.2799076229424498,46.684256178211754,0.3133475346292625,0
9533,-110.44033695863705,-8.244091790571279,0.3747834812175679,37.037826727037405,0.36510889612150643,0
9534,-83.32808832215724,-9.435858706294313,0.2658460814533083,46.3899026014622,0.5008039474994804,0
9535,-109.31931889810151,-7.805421555372858,-0.513286879917339,35.48797650930099,0.8675627215633263,1
9536,-115.1634390724426,-8.201943356148645,1.598604706531564,36.67474803455576,0.22349669489953466,0
9537,-77.0721745266431,-7.613572031941878,-1.966118904054117,35.67860364828118,0.38056845332777256,0
9538,-120.50291253143769,-6.27050166546943,-4.944462776755806,35.96488322109127,0.3507323093471652,0
9539,-97.06815524993226,-1.9522180849939779,-5.919988276301659,43.69225294338389,0.12004736401259454,0
9540,-79.87771932938854,-6.319504688452604,-3.614702841532215,35.501530897641985,0.19451874249441736,0
9541,-92.47725305816942,-1.2288861326777916,-2.2650045145589184,34.951711596877274,-0.499226056576777,0
9542,-59.07866282854679,-2.3989448745115944,-5.246476828644066,32.059460461650474,0.09069207915073141,0
9543,-79.1134415026664,-2.8430269319644044,-5.3238288806814245,33.763622359044035,-0.6685770859356348,0
9544,-31.88084343745018,-1.6691945555192051,-4.371085201462527,35.424953835526026,-0.6936691736001157,0
9545,-54.28545850770547,-2.6600759152113875,-5.227570894799098,32.53329185406931,-0.5889390979631639,0
9546,-29.54515502684045,0.36947741052073946,-6.424263019285121,32.11057956905391,-0.6153879665415585,0
9547,-18.820756295479026,-0.5783924151024809,-2.138990244510851,37.18198729426387,-0.34439100559454966,0
9548,-36.72558173390551,-4.547135065540358,-2.95895574812044,32.69703964741754,-0.272626904372786,0
9549,-55.43651254861398,-0.12770551204291858,-0.37165614812781045,24.788794240249793,-0.18685959036227756,0
9550,2.7998817537728042,1.3471307781900623,-1.2020795552227364,29.319101219908386,-0.34963270005368713,0
9551,7.026197391043308,-0.2988721531983598,0.678952588175037,26.243987820581108,0.05546840912599928,0
9552,26.636856971701434,1.0308901408894138,2.3880588862135808,30.719605910612845,0.2292744553185576,0
9553,20.77461887302552,0.0499649769531858,3.5185064481375514,27.796667139304844,0.5936239968361708,0
9554,26.228605368067516,-0.9854563130386225,3.4984724888212617,32.09010171006297,0.4778874189866368,0
9555,84.19052920657278,-0.8412682757943415,4.135866706285515,21.884345734193136,0.5662346665619757,0
9556,23.318053429703898,-0.33060757803727814,5.10189879022071,23.7582223461214,0.8901628945319802,1
9557,75.66099811649731,4.558803418885537,5.2972362690051,18.52563559684153,0.22914849297811418,0
9558,57.09749340321915,-1.2907140524836334,3.7000812059239934,22.7535367467326,0.3058592871117214,0
9559,68.79617631301271,2.8168022388923375,3.6783885365353766,14.386806660600136,0.04436662141751013,0
9560,75.33742168544573,3.0679960068005823,2.603261286259055,22.775467313881236,0.4566407013805598,0
9561,70.96240817471417,4.473028128616209,5.05281254522637,19.98061236301778,0.3220165448511823,0
9562,102.93760726490054,1.7499379794167589,3.2936774898139047,20.115596890937507,0.14562098802478946,0
9563,122.89365550581024,6.682376989742004,3.765622203040458,22.354373718774397,-0.1834369656449363,0
9564,107.09870157830824,3.725394290344866,2.4877284270217204,18.604375011698707,-0.32348288952264903,0
9565,101.40754264287888,8.91796841203712,0.1371008525773123,10.156145036260314,-0.5621647765472291,0
9566,80.25999563135736,5.774436778966081,0.029385414394088163,12.813723200882626,-0.345609680458708,0
9567,109.97515873075244,7.174011665346862,-1.3010982827367013,14.238996554909365,-0.74009121803577,0
9568,141.4199373610146,7.70164572476929,-2.4176454275838464,12.040368628930233,-0.6818770127979119,0
9569,88.35123295031275,8.492209178847823,-1.7831842618404465,11.686565185120694,-0.41204186972824963,0
9570,85.1587827275613,8.367379740164104,-0.9701982101311581,19.85402095297689,0.17549168176707347,0
9571,77.24398810327155,7.708024741382799,-3.0084339722193016,11.274240126228667,-0.16040482124869943,0
9572,73.58088170312827,9.495836598446694,-4.630853628982166,11.705156620588602,0.015960651107240015,0
9573,22.533573837277245,9.967507735440062,-3.6401062939474347,-1.2326707107877368,0.2903553888779993,0
9574,78.83692061107595,7.70783474938454,-3.287096045168571,11.555313840224755,0.5328927050365535,0
9575,46.41504449316142,10.270639881606913,-6.293419949785158,21.095923776952777,0.6923957446595574,0
9576,23.0779674320246,11.95760515265998,-3.381855513955516,12.572474506080628,0.267256063323843,0
9577,61.75179883208426,11.11828281902134,-3.3590343630559327,2.6490047469815092,0.4774468878292079,0
9578,15.985923104792274,11.679313608039791,-2.2980045383992884,15.259054709023236,0.5027590665547002,0
9579,21.41522735592168,10.241942224007284,-1.8912626056597643,2.9935198924360686,0.4429850291355274,0
9580,47.79813462779192,8.08459693900517,-2.0428836595748985,3.38989753355422,0.4375977302490334,0
9581,-19.61888979466871,8.371519157584503,1.1794758897040305,-0.4796296782029228,0.29124135920743427,0
9582,-32.07598207122791,10.639522441457256,0.48198590748363807,-1.6090006996277246,-0.016255584098428054,0
9583,-6.013108822184008,11.869218226312617,0.6981657993093617,-12.382783121148043,0.06244983621686806,0
9584,1.7291967968066295,15.514504846721287,2.583427441200305,1.7957191110791726,-0.1059312447482875,0
9585,-62.39627431537254,11.840463625836984,3.9119805811929176,-4.62532930491325,-0.22690385983298053,0
9586,-32.09569779454803,7.445400034597184,3.7792890438587694,-5.077972832678613,-0.5790939951870442,0
9587,-37.5673946779565,8.136717635222343,4.675717137166984,-3.7666572857895453,-0.3572234159943788,0
9588,-98.81702400043514,14.089115521950852,4.798267641213571,-8.199859521397977,-0.24091420578231137,0
9589,-49.53435839629727,8.940295898168497,4.28937575913333,-5.799006601643238,-0.5232000806458059,0
9590,-55.188340221850666,9.27767809864203,4.16985895463224,-2.0911629169073276,-0.2953649730714928,0
9591,-85.44564317173862,7.052438215456452,3.4320963821957653,-7.0674811940348805,0.11876027350980778,0
9592,-59.861038894291184,11.871673587627907,6.003409247666814,-10.840479647143887,0.02994322976773057,1
9593,-67.02851675655593,9.48847879685186,3.7336301968601835,-11.667886419463237,0.08231761800171693,0
9594,-91.64810328003242,6.66374018158288,-0.15662441984217867,-11.020439924766313,0.5325288755732555,0
9595,-105.75587919450638,5.929894714806774,2.8509845165107124,-17.152347025744735,0.2649713955202433,0
9596,-118.23357490887835,8.216765859631117,1.9159280637226928,-12.91528828335646,0.10663439133862129,0
9597,-100.59138561065909,7.356581057222228,-1.3022161668051444,-11.489141931000276,0.33698697653980514,0
9598,-88.51046596481166,8.58003324494996,-1.266293049527894,-15.425860916718019,0.7229612163717507,1
9599,-105.45648634124882,7.640107929467893,-2.291136135157667,-18.929205725791384,0.5585521767232579,0
9600,-141.00136899571552,5.63120644010439,-3.08165956169751,-19.182435481741937,0.38609845033064244,0
9601,-68.78576577177743,4.6711628914555305,-1.9578966079961637,-15.417351796981484,0.4694925782580679,0
9602,-86.52345796813292,5.0230868144186696,-4.024425910829659,-25.10288410802619,0.15244805313570783,0
9603,-93.18576433805933,3.8124598011289055,-4.853153257418719,-24.600255351040257,-0.0742183401230219,0
9604,-62.86023893107317,4.2119988175916525,-3.6774510414990558,-29.46023433313004,-0.008896182448794643,0
9605,-43.121399470775884,4.052661483666822,-4.487061336406056,-22.154925393910297,-0.38278041234287574,0
9606,-122.52763902405047,1.7612602272890048,-6.7073225102547305,-18.905740468392906,-0.31141363853078874,0
9607,-50.01503068710676,4.346933173344146,-5.368910589001647,-17.438743909293855,-0.6349206750734843,0
9608,-78.85766992232502,1.8654571286210255,-4.026808876274086,-17.224159880150193,-0.7108778585805066,0
9609,-31.46402996626277,0.43676854134909715,-4.705773336023549,-29.281209198880426,-0.6524471486054897,0
9610,-29.595133320088,0.9262468309656714,-1.0150675717962518,-25.429701861151358,-0.42103335676643966,0
9611,-9.82531518843185,1.6188296407674652,-2.0831032691294498,-29.53176500846506,-0.4447856601099751,0
9612,-22.685755669074837,0.8024061745711272,-2.0131711710991835,-20.11132244086588,-0.3103895054664293,0
9613,-40.19966104846622,0.9809919591278509,-1.396327229177024,-22.650310162015945,-0.07167029322361901,0
9614,-1.7489522648917832,1.4335321157421006,1.651454188731104,-29.13351730044367,0.09366727364669221,0
9615,25.3161109863527,1.7477121210856719,1.0445141811495047,-33.864996909019446,-0.06266280402347038,0
9616,47.236103109493655,-0.7880491423675299,2.9732801186556137,-48.790469554751944,-0.13961382558102925,0
9617,12.971670540961266,-3.9912825771232097,2.239427488175478,-39.487671195415004,0.5295950281496553,0
9618,66.06576543814558,-2.8795255128665547,4.123549191299777,-42.33762558672054,0.5220146408117787,0
9619,41.228505133894174,-4.832914741283693,3.9182757273980724,-41.0505843063449,0.22054965688565786,0
9620,69.55493447467852,0.09351533427146297,4.558017384800497,-25.154915712243604,0.5380977089562371,0
9621,59.60550337611932,0.20694287459095095,4.2020936214274895,-41.740274012969735,0.4537054948523046,0
9622,80.24678825497332,-2.92548488781778,5.949693908243449,-41.27158950762597,0.18957910293400476,0
9623,100.47552605114345,-2.9568749225865893,4.162449826301512,-41.256916512277144,0.5027676973462701,0
9624,63.3065981596452,-4.607909498989987,4.053864259256512,-24.33433229345499,0.2157037365824152,0
9625,78.57993113245364,-4.800915503556495,3.478712865164349,-38.29714684024336,-0.26357907728238317,0
9626,99.28745757994191,-9.137337533360315,4.420180632665451,-33.65650068589609,-0.3890600905295579,0
9627,146.07495006399228,-6.484842611455366,2.8203319322910767,-38.37773078015383,-0.705805867221834,0
9628,82.25493759691263,-8.477993645405464,1.7658729968251676,-49.78823738737047,-0.2335365092650448,0
9629,140.80250628502236,-6.514898364068264,-1.596403327985392,-32.798533477349096,-0.45062827486021734,0
9630,139.57022613194906,-7.541064705704663,-1.667879833472937,-39.0356014222754,-0.3122278723440609,0
9631,96.02347967556882,-3.853883918703197,-0.775514658420271,-42.212588550573024,-0.837883441687886,0
9632,89.51571391196082,-6.220590509643577,-4.009406318599558,-33.34968375554115,-0.15311876736114977,0
9633,78.19252995586199,-7.771009545383929,-3.5156430230005697,-44.4125036211487,-0.2805166931328071,0
9634,86.30528116941966,-9.13925476767384,-5.282592195209957,-43.91420127720141,0.08426334979819478,0
9635,54.29447798832676,-5.497165401951207,-5.631780400093402,-45.412729302917334,0.22054900818002454,0
9636,74.84001916844363,-9.130832125580813,-3.249576440446429,-38.78337521610739,0.2506874934749003,0
9637,99.47532603330419,-8.606616840875843,-4.278022422357792,-40.555667581486276,0.23110006579736297,0
9638,49.7941424304998,-9.36133740190532,-3.8818575021741797,-43.67378921331787,0.5329884653051983,0
9639,49.059838913661466,-10.40640659655593,-3.7550088087337503,-50.74979638868852,0.32819830821703877,0
9640,11.171702374665543,-9.653358266382762,-4.170845558892822,-47.74800597508175,0.7034089087397046,1
9641,43.54437186600352,-13.754265477141159,-4.055235349215917,-51.54478056720048,0.3028133151960659,0
9642,31.86105117067514,-13.00513493299598,-2.963712687324583,-40.85152822419017,0.3655989828094022,0
9643,18.08825921519411,-9.265082257460648,-1.8493088663552284,-54.877351501491425,0.09354726362998003,0
9644,2.55246351520368,-6.857659501008917,1.089022266575043,-39.363405286482184,0.1344284523491803,0
9645,-8.960194011981532,-9.302352272639625,-1.0260025855385049,-41.209609884622466,-0.25286778605566956,0
9646,-3.030046629017397,-11.419276010654535,0.7419372166757162,-52.53407325469541,-0.35338620467872744,0
9647,-23.476827352405202,-12.819048479899285,1.316228688505312,-50.29822871731095,0.13941800845691282,0
9648,-26.20468772778143,-8.294260942471276,4.130537789244334,-52.03305233878388,-0.2500360249938771,0
9649,-37.48332817389998,-10.903027105167522,5.649878113502458,-46.555436531764876,-0.4069639264794439,0
9650,-28.175816375433214,-8.363070801146964,4.675713353197406,-41.86058759766903,-0.3970515110809113,0
9651,-45.45983603873882,-8.726597328523786,5.154684368832221,-43.1913868810621,-0.4131155288490787,0
9652,-62.90833131272259,-8.382751998237064,5.061818565823335,-51.46114342301993,-0.4240280483440671,0
9653,-43.49587826471973,-9.08183098801458,5.416647685149846,-43.179745371260395,-0.1506225166417548,0
9654,-71.81967114073967,-8.168559431475853,5.56249116808473,-43.732179338807526,-0.33610663112312766,0
9655,-59.684928692151985,-8.939235835817763,4.834208115548155,-50.65313200141828,0.2949032211189163,0
9656,-78.34734385158424,-9.71367264739066,4.350877849594906,-49.85404487159276,0.14853106504734728,0
9657,-131.12248298943877,-10.091686993149295,3.9173649840970666,-42.17605004616204,0.4223550213556837,0
9658,-71.04325596079525,-12.635928291429558,0.5283199623897348,-44.65072587251341,0.6908354580394116,0
9659,-96.32168593423869,-7.909690963415396,1.3812976509256831,-43.856553807330464,0.5549442542185821,0
9660,-100.9601385404748,-4.171411866872466,0.7022005313004982,-37.07150010266305,0.3343530269922905,0
9661,-94.19153050066187,-5.39468277627188,-0.18498435972575789,-47.26003381276017,0.7357609774924193,1
9662,-105.61826158667193,-6.026965915495687,-1.746177574093879,-48.34599564022818,0.7825560338318237,1
9663,-92.09175843416995,-7.5617327477057135,-2.3258966910750245,-43.14259322723143,-0.03412101722593153,0
9664,-105.41807590789752,-3.6951517809407037,-4.018776657817215,-39.93116501914357,0.2149466477764216,0
9665,-64.10830237768462,-5.510334717021987,-5.754421504292222,-52.84528082877421,0.15272655864931817,0
9666,-86.98351168633708,-1.6905567820175538,-3.5184930152644993,-50.695730721209316,-0.10769056257429327,0
9667,-86.63501633174599,-6.359210709685596,-5.978589280832896,-54.657544244323645,-0.44848427107131583,0
9668,-90.96427043542735,-5.442595712016539,-5.154135429580713,-47.70936908024145,-0.5025202923019627,0
9669,-59.84859912062937,-5.172962429141187,-5.693192762740836,-44.81548515527147,-0.7932356316784777,0
9670,-53.588635887778814,-5.969730921376884,-3.11033121824167,-53.82511976520417,-0.29206825602545544,0
9671,-41.09611842175597,-4.399143020478614,-4.342994438560303,-43.21107926962668,-0.22490481486846942,0
9672,-60.455242212859176,-1.8318692810467638,-3.9698491131475215,-50.926463591270355,-0.19958751581947692,0
9673,-62.58065263600613,-2.9708573077889726,-2.161681270668477,-51.094091672429975,-0.4072052859910787,0
9674,-8.38671107710366,-8.763494041311137,0.11276700192549027,-42.511388102446254,-0.2408398511611664,0
9675,18.661602917661313,1.5961413985080055,-0.6907015095090512,-51.00845983543201,0.05120086560044165,0
9676,-21.580783513406708,-3.4208737432250107,-0.48278471831641845,-54.60277464165587,-0.06238052585438607,0
9677,40.72316619254224,1.625620885317951,1.5864550848373853,-43.55048843884796,-0.05726754639994486,0
9678,24.51134430576431,1.008326417048495,0.2769324409916336,-47.59187032635794,0.15499376685588082,0
9679,28.402473308825936,5.677011542234222,2.7820530016280247,-40.58887681173907,0.41675384282500916,0
9680,30.018166208878093,3.9289446304664724,5.50653294269339,-42.04139871219563,0.31733256373489704,0
9681,19.32481339390778,1.413747668054956,4.307238938447221,-54.55654303355949,0.5920398090693104,0
9682,75.34601766822995,1.5007007956219267,4.72875831865124,-38.82775286671238,0.21925038677665298,0
9683,48.10014232248663,6.384893786243069,4.928882406917266,-35.4788874088326,0.39083665248275423,0
9684,55.40136546805183,0.8938598986695165,4.6043585163654095,-39.3638413609806,0.430326062102954,0
9685,97.51187107091732,4.683913630455754,5.206586763931478,-38.69896637398823,0.25437286377380613,0
9686,45.913435443547144,4.485711353987331,5.364597964732993,-44.825411760856895,-0.0608543771025441,0
9687,58.165872834082016,4.495431256930186,3.771771858661271,-45.47187674969556,0.08378157077295349,0
9688,92.45422895967569,6.309890467276101,0.963509871065988,-41.51029034610851,-0.1544800609788998,0
9689,101.93429127053074,6.388957085104739,3.132838303047662,-37.44007243295044,-0.7500384364801591,0
9690,108.05509878838122,7.316592251831149,3.9069723863870296,-37.01620130509971,-0.33675887013042777,0
9691,93.63345443823343,7.055694330207508,0.4334927592291525,-43.112457311822105,-0.5696290951637909,0
9692,150.5899722148118,7.97211726696534,-1.6577837013756,-43.036645422382236,-0.6042092005844448,0
9693,94.73888932453782,7.664658104851474,-0.49814185660192467,-47.19278721582951,-0.6346344950734091,0
9694,93.00303890774005,6.48155628174509,-0.3737914380196048,-35.89269413303415,-0.5968249433651776,0
9695,79.02567562253019,8.111397951074583,-2.4458960188977903,-40.44582351010776,-0.2470797987949146,0
9696,93.84132940291406,6.957353417207628,-1.9896008113650316,-39.35636625198071,-0.045606603724193034,0
9697,99.14733096258861,7.087143484236967,-3.5115861424697146,-28.550851541810793,0.023236127108018492,0
9698,105.53682309128357,8.215751607349441,-4.017720606583984,-33.5224924859473,0.33056671819918365,0
9699,45.48275842169609,8.867144710175367,-5.473535419034293,-34.20954788023918,0.39246513354113716,0
9700,63.39966124416473,9.371620827933898,-4.703529457727647,-30.968330011046184,-0.01437071949171903,0
9701,69.62213798811007,11.305858971974098,-4.852915768672498,-27.29747432021685,0.2799836945734398,0
9702,64.19133913208034,8.624426434377575,-4.529393472602812,-41.75541629318511,0.7358533982388547,1
9703,43.819219319375456,10.139263358826684,-4.183704137692848,-35.750156055935385,0.23467471339452844,0
9704,45.33826476277217,10.081461016807035,-3.0117365199944954,-33.32352087631584,-0.1117131448299204,0
9705,8.767436187839365,8.70338671044535,-3.7121430213508764,-36.28252484726927,0.7094401136278636,1
9706,46.31249204647309,10.118566112606448,-0.6862174434405868,-31.932335445503902,0.2796776870778141,0
9707,25.06319722388433,12.002046106853811,-1.3981009659709098,-37.56507239922995,-0.05873477759408979,0
9708,-31.6837317569726,10.370148144510894,0.22769820994886697,-24.389748540991842,-0.2412383204884057,0
9709,-36.23523626098945,10.425848370174384,1.787799303081194,-30.76781487501649,-0.08872024155669897,0
9710,-45.47240056632266,8.512642144001475,1.45114043004829,-26.343885269734415,-0.24287516071659526,0
9711,-20.530221137728766,13.786831723002951,1.2383053699188318,-26.249560396441815,-0.3666725922353161,0
9712,-68.99921865542154,8.453598838922513,3.5203123341456317,-22.865840636681046,-0.5249019171656328,0
9713,-58.70750690130088,6.29157151636206,3.015237492837897,-37.09395883271291,-0.754791737779809,0
9714,-51.254852890540704,11.20027070340579,5.524360547023114,-21.66485019225443,-0.47284603363925903,0
9715,-69.33119344357858,9.079337590065943,3.8324194379178285,-24.40871909049056,-0.1780066128601057,0
9716,-69.8095461680643,8.508689652706934,6.446178953839516,-20.10681954848173,-0.3898783167801227,1
9717,-102.53352416001509,7.806685172661972,4.732550533415551,-27.137427757744284,-0.02658236600117808,0
9718,-74.73905780317139,12.4020015730478,4.385934850211594,-18.26231812036164,-0.07991751816152179,0
9719,-103.45341873326531,9.106890551042833,1.7620522665825586,-12.920523922132432,0.30897231079338694,0
9720,-101.32347783207446,9.215360204999541,3.154260179271782,-17.538881695998523,0.08716394659801635,0
9721,-92.7708323985928,8.138951359002233,2.0759564052090735,-21.14115206369654,0.39502722092888287,0
9722,-97.18384291049381,8.032151457883586,-0.08217229226191347,-19.982818085637746,0.5576788696541384,0
9723,-99.49412004121433,9.9489073424754,0.31645087171442465,-12.787521964012171,0.36372772984992374,0
9724,-114.71566557394266,6.291679268472709,-1.1656114719958726,-11.86780697256635,0.559216315051347,0
9725,-104.42732536243598,3.5042640359096637,-1.9507419568222395,-11.97473246974042,0.4251842035666218,0
9726,-96.1423299837942,7.76295696611414,-2.6052107747620448,-12.980978589663302,0.32815593870334825,0
9727,-120.47631239083299,6.613895432428265,-3.8947917915876475,-10.809347448455668,0.07722677996545793,0
9728,-98.08490143362096,5.416048080574353,-3.83264832666832,-11.174757125470528,0.2690297340128537,0
9729,-76.05267652411776,5.708193671777327,-4.658806769015151,-11.776341350008714,-0.2688946544850192,0
9730,-103.48967359092575,3.5798832464423924,-4.410347921098279,-5.10232740429727,-0.16621141362760922,0
9731,-48.16521576761355,3.9066401723970365,-5.527981645393977,-6.35334778449273,-0.5144562555686227,0
9732,-38.548116287380864,3.1360766940956406,-5.981110870378482,-0.46228224830827624,-0.44951575150813955,0
9733,-80.8480546419971,1.7422259602095307,-5.34595068599079,-0.3389563206977053,-0.3604041486066656,0
9734,-20.238327667299615,4.821961830327391,-2.7304505963462318,-3.5418039892818896,-0.5557632891352396,0
9735,-41.23451689583137,-0.8685949690011836,-2.586797424988718,-0.9562552974662673,-1.0777643451266379,0
9736,-20.581449464672595,6.185103864086878,-1.5578025856970985,-7.721473388630409,-0.6546804171342333,0
9737,-29.184340994223632,2.721823586791759,-0.6064072570878185,-2.324688880572991,-0.7060997914417215,0
9738,9.102350114348292,-3.087509497373468,-1.3980654680074265,0.7761429046110385,-0.12515688694906824,0
9739,8.74961497066446,-0.47971954326862315,0.35858415796904686,-7.850906421220165,0.008413060375910558,0
9740,-5.675321630952888,-0.8682287215465667,1.130628328377955,3.2098041490012363,0.0866040781618523,0
9741,-2.8222766575953813,-0.24578607169487743,2.664293832263258,-2.733946096624977,0.16475086532226524,0
9742,0.9450874692974978,-3.504164948758378,2.5856297748768746,-1.1870605954822495,0.44167316250314426,0
9743,43.278084347903594,-1.953394071641481,3.723205765522855,1.4108768494723711,0.17988487249574325,0
9744,59.941926429734444,-2.74667734449116,4.313210796005599,4.901593814488594,0.6905363125689308,0
9745,70.00054013214314,-4.460409271175918,5.214836560689072,-0.5922147125417663,0.49972225175415036,0
9746,62.540995446567194,-5.21194963003796,5.593246769160173,11.322527282017251,0.23781569863583138,0
9747,49.03161349243098,-2.0854641829629204,5.089312245937098,8.91496731198282,0.24704486048632013,0
9748,65.0798577152696,-7.7710612251312075,4.9785832126423015,18.63812643079053,0.17887300105454843,0
9749,107.53157978090223,-3.8660184811339215,4.745904383729651,11.495383546067226,-0.21493126250535463,0
9750,79.71114676931252,-3.658584018098556,5.651773328021896,13.826759289218156,0.04601909752865027,0
9751,96.2978893366712,-6.109418311505676,1.6007641022598917,7.676775245118227,-0.03657027258201068,0
9752,75.00882866603314,-5.9720751583433955,1.5538352526669816,7.0056300331374075,-0.32717438073973204,0
9753,105.3813865584095,-4.139161154015793,2.2893429544338746,16.97388130521145,-0.2522170123408996,0
9754,90.63824627792144,-8.249022480098727,0.9131848013677168,9.36951901477525,0.03933857121222939,0
9755,120.8713155965063,-8.398697884870607,-0.09176334646011858,18.997150229526007,-0.8728488026702292,0
9756,114.55480117269664,-8.524449222453649,-0.6707973865806385,25.26614417166055,-0.44888513851056827,0
9757,87.32610279602123,-5.5220897136820035,-2.054726466743951,22.40129106504672,-0.648961297724996,0
9758,91.89192370736673,-5.567784707580765,-3.667981631370634,21.456537794804596,0.044708728203787906,0
9759,79.64439655222128,-11.223407274669016,-3.195935780707277,20.876205868644448,-0.08138064551203021,0
9760,57.613662611526806,-6.677325239601812,-4.367423015397605,18.525524901759997,-0.12179940313585857,0
9761,63.32977632264818,-7.28845005874242,-5.22450453616892,20.78094552369434,0.11261851162307152,0
9762,78.11515402173394,-6.033225969780451,-4.28474289231531,19.42649315528782,0.5641090303741552,0
9763,73.58728962841855,-8.561502166930172,-4.3239041408534735,16.567599583027764,0.4929484487074591,0
9764,62.31408776674179,-9.58821667652985,-4.561670911076012,24.203483991696945,0.5879645936351235,0
9765,44.97656171110723,-7.353496973875318,-2.6703961658991573,30.4379089755931,0.7973070397407277,1
9766,60.830960724029104,-8.366251871655496,-2.4968501121410016,19.316628432995557,0.6734401285334821,0
9767,34.17752753051612,-5.369986670389172,-2.1055432502986813,33.60495659797224,0.6471358239002725,0
9768,37.380034067532016,-8.013447528919821,0.2991237807623057,33.5396043939228,0.2991097746527524,0
9769,-21.985232420617507,-9.670024999998963,-1.483158766184392,30.268905038084892,-0.25333297015578354,0
9770,-74.91721241188496,-12.346649841204465,-0.8176594396601369,31.12805216055565,0.07358654835074861,0
9771,-0.7882029384577631,-11.156604666832038,1.5054076220211536,28.97886718065566,-0.22931093115195755,0
9772,-44.889446898808394,-12.838027779886147,1.3645979682202825,30.91549231302981,-0.07938259884235113,0
9773,-30.40953344180585,-10.3426793030324,2.5368737783766857,29.170510292026293,-0.710664174313173,0
9774,-41.70741870883388,-7.982081225807222,2.346078261899873,32.41706145668387,-0.27860025805414523,0
9775,-13.066086675196974,-9.738639351126519,4.612873595675908,33.71553216476487,-0.45450269262293125,0
9776,-45.515020838938185,-7.56060422356399,3.0497076873977527,43.16694553079396,-0.4254471063994668,0
9777,-58.363920826467506,-8.777659745917068,4.758550868313286,37.319626080814366,-0.3321255713752535,0
9778,-52.49113055864565,-10.084117148908902,4.980354414300855,34.16155468787304,-0.3805196396935707,0
9779,-68.7191213992429,-8.904617616097108,4.501229172862735,35.41697780934341,-0.32689132908117036,0
9780,-91.3404756134185,-7.914914960250961,2.9247778247682072,33.033796988777844,0.10448634877777097,0
9781,-66.03409507153032,-8.337758804236325,2.475429788382772,34.53188024959983,0.14485065638271116,0
9782,-114.06138664112828,-8.050398375492344,2.8829189271271076,42.48653275537079,0.3103726454758826,0
9783,-88.88631219666063,-9.60455321283529,3.4124916949839808,36.10707450301376,0.28706715962691254,0
9784,-128.83480546353564,-8.626929761045359,2.2921612204841355,36.11765573445469,0.4293285520106989,0
9785,-95.3586673913874,-2.9191814699134655,1.0367332809752765,36.85551633728157,0.4722309163784251,0
9786,-96.1383395917698,-4.635709528029185,-0.8234740756511476,36.769001205125996,0.15108439858753314,0
9787,-66.03047279023072,-9.679135836653831,-0.5922440364962825,46.63147357157661,0.2040719470893228,0
9788,-129.42572316496472,-11.087378362771158,-3.689685437962331,42.27331763033994,0.39313777940089883,0
9789,-107.73021707403537,-5.80716171727344,-5.1691110496757595,40.69585981791717,-0.05755148485587225,0
9790,-75.88872588886636,-3.763811121003246,-3.787005245533872,42.78462941735169,0.16766454736285918,0
9791,-81.34327567491202,-6.167976932887199,-4.720071748568852,44.23840732434907,-0.13434535540666967,0
9792,-79.27100345288949,-2.6492945873486935,-3.6245307247692353,39.91196052144262,-0.11985015839739255,0
9793,-95.9992215831592,-4.1260926131879305,-4.758509354069927,37.17946465182453,-0.21046697262285616,0
9794,-81.92415287898059,-4.113702708718054,-3.348543864993574,51.28132045244074,-0.7340866943035513,0
9795,-37.737750323527756,-1.8080612251367285,-5.430974802270436,49.97245482289767,-0.383027015438631,0
9796,-55.57367504314643,-3.9084555917447963,-4.0848077784959855,47.34686598678165,-0.5835281370869216,0
9797,-38.39623739118288,-2.9354187994790846,-4.330423064940389,50.461157076511135,-0.9596640642141723,0
9798,-39.10848612357299,-0.5330699962617165,-2.0404092677844803,55.825996547663365,-0.5445364543733922,0
9799,-50.999977495308336,-1.4429122236544603,-2.833733011675335,43.94764564822786,-0.2932754154559393,0
9800,1.0775486178421687,2.9341659503537483,-0.8779922116366938,41.37633249115126,-0.33421501252029023,0
9801,2.3814350660722576,1.0032059888637241,-1.8436691026356096,50.617134524606726,-0.2076713803836577,0
9802,48.4217395226586,1.3730854912477424,-0.18437392597696928,40.289547018465434,0.06538355158789923,0
9803,-8.033480210279714,0.5160626294254363,1.1344813492948524,48.10861675169105,0.0846217126496815,0
9804,38.576071224124775,2.8626580024675135,3.421049608299652,46.70250615220348,0.2567788358818758,0
9805,5.519137079074145,0.963227539031164,0.813534452679531,51.82073468502616,0.14694598681681037,0
9806,44.20511568427877,2.6644727525695844,3.411138311507922,46.27717443087511,0.373786226379897,0
9807,69.48624423728116,0.7531571220837074,3.9611111914225194,54.905175194661666,0.8768152859413854,1
9808,16.91219329692329,5.144188955065085,2.661898946012925,45.37012478652404,0.5135753728740337,0
9809,62.07196646939607,4.11841685059264,4.49719396727933,52.81212046686939,0.46692134042625516,0
9810,62.060986687225885,7.965293692431297,3.445131283263032,46.1099108627666,0.1828654162316507,0
9811,65.7079598418867,9.237925855728562,2.480935573657593,52.32333801571348,0.10294962795866056,0
9812,93.0764765723437,6.421898511136822,4.183263590128001,44.62709096448912,-0.009570289938974595,0
9813,112.55804433779737,5.461805150949052,3.6061775617648433,49.67912557517851,0.06197882515313062,0
9814,91.3501702372529,3.8492108114061976,2.958542072691995,56.48960842098516,-0.011997070044569513,0
9815,101.05751318353498,7.95287438974146,2.6298136120575557,50.51368115489352,-0.45905312665903214,0
9816,101.19732956665216,6.950623621030881,0.5762565439201106,55.89357094755497,-0.45639444784078487,0
9817,99.92230694558972,7.976482146119493,2.2671750753865165,49.866351922461746,-0.5418950721876727,0
9818,78.07643611692308,10.713097779789008,-0.5552985892719807,47.47201887757879,-0.34138646187606675,0
9819,121.01143198634014,5.939656934665338,-0.21308708579069946,50.83672026952212,-0.35499768141782295,0
9820,102.738096409579,6.055908375380763,-4.097148725380105,53.02834363693656,-0.3814791643620688,0
9821,101.75593273314719,7.727920860765708,-4.073142960172621,40.34823960165569,-0.04386334079135021,0
9822,73.81442310179946,10.118933401210452,-3.2445490385881866,52.40699323365406,-0.002518026463121839,0
9823,75.94782360358073,9.8408370330733,-4.6929675159745,44.99610355631205,-0.11123263825900628,0
9824,75.94655037339719,7.172473770878986,-5.897060621693445,43.63292446506661,0.18992742931015025,0
9825,42.329712902525145,10.68729987859904,-6.827676204813466,52.12800128907129,0.2814547326714365,0
9826,32.06497887599676,6.959181014966265,-4.222110173397198,55.967863779329434,0.2193625265080378,0
9827,45.96645708622236,7.850136738412394,-4.072426404528327,50.17790177033849,0.434810284669527,0
9828,60.00825020732816,9.434909797718305,-4.061090666778625,42.11971809761534,0.7277590267227704,1
9829,27.576340754904397,8.67500675791662,-4.209096950208538,45.325278266047384,0.6943349956984448,0
9830,10.938185937392454,11.653183466113564,-4.087026990350898,46.34860032051441,0.5909516552102745,0
9831,5.382896126701372,10.513138174537499,-2.169103224012542,49.16290094465007,0.4606072888428282,0
9832,2.715494517089809,13.513574507342554,-2.489261915418381,47.54622472644754,0.21562703510928327,0
9833,-5.227227430973892,9.505201433312282,-0.936547604746647,50.08581909911546,-0.0925359206588526,0
9834,35.16950560786452,9.747294151139148,2.072640756831405,52.29453711563548,-0.008283306253547507,0
9835,3.041955287739853,12.379615917986635,-0.07543945389143225,48.6844814953007,-0.5882598854044618,0
9836,-7.284154679649188,9.719269399977485,3.34615082168721,51.09846403185542,-0.508195401945991,0
9837,-13.859644333662882,12.806634186885491,4.949656054307502,44.888168375664755,-0.23430010044880845,0
9838,-66.28728134049527,10.79325135169639,4.920798640346382,62.326407520759076,-0.594436743474119,0
9839,-79.37504574395244,4.874719300987236,4.988195603338277,48.204615337830255,-0.3644806361592856,0
9840,-85.13322880955988,11.780184637605464,4.4288655559742685,48.432607794338786,-0.5175546036700246,0
9841,-43.74433640724782,11.071691303039222,4.353959944833971,53.35641661173403,-0.2476308312662249,0
9842,-88.11317311424916,10.946985977669248,2.6597985685290992,44.546727886020676,-0.5464552491407076,0
9843,-108.16028873410363,4.997841005283767,4.657353891493828,40.39847188117855,0.15644937993502797,0
9844,-96.88627774103065,7.24724993561425,3.74632587616859,49.66091341052572,-0.17182900468230086,0
9845,-97.28972478867968,7.127823677031581,2.8133607820720923,49.43993683445751,-0.07632072357516201,0
9846,-90.47620367988013,6.334235336934361,2.7141547823235372,42.85018722664244,0.5668308697981803,0
9847,-93.19465748509913,11.191530843473972,1.9104405584431163,50.33239458929035,0.4209548536341206,0
9848,-116.16517931793366,7.356092611305711,0.2526722859434464,40.55281590358209,0.42091618638009604,0
9849,-86.28114438735311,6.960003681480248,1.506057961343257,45.04926059343119,0.8132714765469398,1
9850,-112.17173739530854,7.773060316020315,-0.36740578627560483,47.367954129750714,0.6188946962899703,0
9851,-100.91393722607523,7.426896023749623,-1.1489416137347424,39.668467934934235,0.31349133274448726,0
9852,-81.47640338049086,-0.7779611975391099,-3.0141980882709096,40.831673912047464,0.27119377264631933,0
9853,-104.5204614880654,4.187914192998966,-3.1492864949594503,43.03320086379765,0.3809067665322342,0
9854,-98.62713394430907,2.2301584363885776,-5.15992028065477,35.41248196837507,-0.17337647236885173,0
9855,-70.09114224619927,5.418817396950976,-4.031649769987934,32.49803226672028,0.1595166716442725,0
9856,-92.94500198379755,3.59134689273113,-5.148712768512285,42.544457201315765,-0.3548209254663889,0
9857,-76.59474212655918,3.7404127030979746,-6.015581503719068,36.7097832889812,-0.5536471749793548,0
9858,-50.20420624601754,-0.9161682329827374,-4.86657345462746,31.930342468286927,-0.24128066347158594,0
9859,-12.044669454265936,2.1443000157713117,-4.792962337423253,34.197427222651655,-0.3500852083247039,0
9860,-32.29507405445901,4.510489597475306,-1.655503492948688,35.524567752393565,-0.8462719661449927,0
9861,-25.783353018183057,4.6096533034566605,-2.8622299414577625,24.377280166973883,-0.4624098076873252,0
9862,-15.101032786726323,2.7345304665400727,-0.9054922220595392,35.03272285049722,-0.5727788158151542,0
9863,-37.40482971656457,-1.871319002937591,-0.44243061493108704,32.71139020226498,-0.07134592931547193,0
9864,-3.6937717919116917,2.8192245339126325,-0.5617059938799605,38.14878815432436,0.2542703486571729,0
9865,3.394288372244438,1.248483886035097,-0.045075030295694984,27.970520809910163,0.16726106339525557,0
9866,20.376770705269056,-0.9333415463363192,-0.3593443274215413,35.1316234067487,0.051818998101665986,0
9867,26.09136807746434,-5.246731916786661,1.4371253664262287,27.192069338164465,0.5075753614444981,0
9868,40.93391358020958,0.21582582900923897,3.805993613965563,27.269462540451073,0.41590981624317364,0
9869,36.35616767755747,-3.366173987495765,3.5509699442507245,27.126014311246887,0.4695658560646293,0
9870,52.57778111187732,-1.9745334735942808,4.785169877298518,35.324902503617835,0.4023427881820037,0
9871,35.155494841822424,-3.008435408693149,2.7595367702884768,17.788617574953058,0.4908075099537406,0
9872,61.02376077450902,-0.5389297555281711,5.432834454618796,25.579287035445155,0.38417226862884196,0
9873,102.27476006832903,-4.327912874557414,6.066799087085746,22.423667649367026,-0.18956048309394313,0
9874,87.12647805382663,-4.558674436989277,2.9874062892725473,21.16954927097371,0.16334476476138068,0
9875,85.81728225244073,-1.8111660703423027,4.737683193895564,23.31846888109747,-0.01658813003062833,0
9876,128.78192162539273,-6.712372528645437,5.1385452516987495,25.01644935516146,-0.06791408593988645,0
9877,67.35867198327611,-4.181326518217133,4.752693461283818,21.21983902768143,-0.6745748528836619,0
9878,75.15721003930561,-6.606725941899695,1.7242088175196737,23.80551227192049,-0.2823717354420897,0
9879,133.39884671018973,-8.59858019286456,2.073927625851553,15.435441415512539,-0.4562241403009486,0
9880,100.8715142870313,-6.9586957612788165,1.7384889059504465,15.501569020505237,-0.39882757145861913,0
9881,94.90962162418629,-5.92773005426202,-0.2875245769710128,9.787759565092948,-0.8151172921798189,0
9882,74.58940087545295,-4.935569105146958,-0.37396892548523764,23.748512341865734,-0.6839660008750437,0
9883,105.35470403083738,-5.006345826459453,-2.5989077654426014,11.936756701191907,-0.7207117843170647,0
9884,104.1540627041183,-8.838121766425907,-2.9705510056258313,10.415431863047333,-0.19426163787532374,0
9885,67.30719300256021,-10.495334714602556,-4.654146858089992,13.961246619192593,-0.15038296026218573,0
9886,81.43255567301797,-9.409259029196079,-4.704045721568845,15.485386032513247,0.039256412994041257,0
9887,71.72705898423499,-11.363862831384665,-4.431663956702291,5.507658438319682,-0.06708929361091578,0
9888,76.97250646484633,-9.642096502455491,-5.69396666225605,13.915990738797397,0.0938961398590829,0
9889,42.16561554340784,-10.074163934582756,-5.153672452689455,5.477340085498843,-0.06889587037962802,0
9890,81.64225786812582,-8.095890029983405,-3.905404166735311,13.155445365042526,0.21723349357263605,0
9891,66.40691124910563,-14.098905666981004,-2.1638823101433338,2.303900113891265,0.3689127594292716,0
9892,31.833547545685803,-11.266203524823407,-5.647944179797461,7.689775983078762,0.34726034625061963,0
9893,25.384662703798796,-11.337484201164312,-0.860533799609529,3.2285777238928963,0.3797054093699246,0
9894,17.303689303991856,-7.574942076876445,-2.2224803688432995,-3.6155773005188094,0.4367307397783936,0
9895,-5.4150978218911145,-12.21476651589369,-0.04496386119295859,-6.063033549459345,0.01237805098604447,0
9896,-8.700000366075969,-9.546681727959697,1.1442339240872503,-3.6979054955845703,0.10028662726042195,0
9897,-15.220989070036119,-10.244177179042595,2.541315058546279,3.979706617622855,0.010309853943213765,0
9898,12.555690030341758,-7.864794600208463,1.2035908179072647,-11.698397252224208,-0.050222897380307496,0
9899,-10.458554236538596,-8.697303211721556,2.5840108624607727,-1.3116418166358543,-0.29212926718888454,0
9900,-20.093404914429122,-9.559849496685985,3.5214183446279064,-2.744476970644256,-0.4504397121891674,0
9901,-40.3960235815916,-10.800539991644463,3.84078832983147,-13.386374122528952,-0.7145696762043312,0
9902,-78.67156559746468,-13.26053756230613,5.972821006161302,-9.953348174602171,-0.43299018550092516,0
9903,-65.12255605214085,-8.902442903531194,4.847527502590864,-10.954385753142628,-0.5081334685638235,0
9904,-52.208281564696705,-8.152909634790694,3.3797842088078722,-7.685809047612895,-0.06429444983147076,0
9905,-103.39307625129017,-12.157869549165543,4.240027002663812,-1.6032128173100153,-0.19771966542173097,0
9906,-71.32482627776398,-11.247252100774027,2.975076989719628,-4.542133584805691,-0.10505638902310091,0
9907,-42.59195398941265,-8.024988186308626,3.8240416618451505,-12.696570308686917,0.3595603580251649,0
9908,-71.90635405655179,-7.579829443393522,4.062277934771104,-16.015842492365188,0.12251458931939863,0
9909,-68.03000180739588,-9.947231137453151,1.9374616307358885,-20.629603842692582,0.34140369125230163,0
9910,-94.14940352761555,-8.801978953151604,1.2877829804345449,-15.694621811831878,0.8364209734890512,1
9911,-80.37879248816742,-10.995609574135262,0.447520798707824,-19.25383975644248,0.541472843426116,0
9912,-114.3192052311845,-4.2185836941573,-0.13429653628629257,-15.893064068061292,0.7233249163573324,1
9913,-83.2707855086925,-9.205910774081833,-0.7453164344584677,-16.649740624364476,0.7646152774840883,1
9914,-84.33516555986748,-5.138181669933257,-1.3902159620803995,-19.975862220424734,0.27760966614166604,0
9915,-88.88615355065198,-5.893606827411676,-0.7904203342021252,-20.803587140522595,0.4592050384046435,0
9916,-64.67962243055084,-2.8309269978584863,-3.649475404439138,-22.924362123785272,0.07558429213493922,0
9917,-97.181621745826,-6.567528756600859,-3.6137958389155833,-22.93502538606053,0.40210941502109,0
9918,-84.68989004182109,-4.420966527993225,-6.340358814791324,-14.102142255018938,0.1353586100919262,0
9919,-72.7735005595411,-7.489420831094112,-5.345719006814682,-19.59325750071581,-0.1384948915111511,0
9920,-88.26275721775842,-7.508486464281008,-5.252686750490847,-20.41725241070225,-0.18637091335498598,0
9921,-55.44355368446941,-1.9685547096897513,-5.816691205057522,-18.896766032121874,-0.607235615137385,0
9922,-86.07313334346746,-6.253161234218275,-4.961139518065555,-20.211762087426848,-0.1556193081123422,0
9923,-21.951252313037124,-2.6547259270523487,-3.981985336953719,-18.568516215941962,-0.6664308179789374,0
9924,-32.724867457883015,0.31461331795584924,-3.674053713065222,-23.60293412788325,-0.34720059640514395,0
9925,-34.506448893644034,0.2799744688395507,0.2639077205568605,-26.36137131561479,-0.4761655869158981,0
9926,-30.96635385102713,-2.0449510284219046,-0.900981503586629,-31.17206438005146,-0.036283156547901596,0
9927,-9.018083122036636,-3.393382057155703,1.5687776064387762,-33.15879531410696,0.28427920978062715,0
9928,19.43429974439192,1.302559033931576,2.058650008558466,-25.434961684123294,0.17498077930043543,0
9929,26.562849333803307,3.467319195704248,0.902432071190565,-31.197797417117567,0.28953272727609286,0
9930,11.280324369889708,-0.04439081438222603,2.4934562020041042,-38.22593922029512,0.32540303463363257,0
9931,17.999604108012374,0.16753979239867411,2.8373798305433695,-42.66314869170142,0.45873213193323215,0
9932,57.23877286278755,1.2140072599332983,3.7962379439174714,-22.218418082480678,0.4228227703750524,0
9933,38.39361121673521,3.8910159347498086,3.5096878957469513,-38.631625084006046,0.8242033289968587,1
9934,62.25054996141757,5.681952988172645,4.393799587478511,-37.865044013281235,0.619448081578223,0
9935,71.129227556359,1.2147627998548374,5.351297605549783,-29.011594191845667,0.31314292753213424,0
9936,81.81118814652149,1.1572384339693649,5.282338123068899,-41.89893002844462,0.28249598076855514,0
9937,98.8960950062841,9.283237984613095,4.962747447050997,-33.88873796028338,0.7172319098842947,0
9938,61.81554255399753,4.6865373370696055,4.222049997271052,-28.111017094564865,0.04014677912619151,0
9939,53.325707043430526,5.972305744446965,4.544149430816069,-27.311975234421787,0.1292445025040637,0
9940,83.7593138990684,4.494332258573259,2.6812003492764873,-40.763441568436086,-0.40930675482239465,0
9941,133.74790336472904,7.2550999219113335,3.467493593679463,-39.21604811632318,-0.3056632603985394,0
9942,139.79353358193958,8.576593745396911,-0.7167196513191842,-41.75178470025399,-0.5959051929017235,0
9943,136.61363778898752,7.6207233187613,0.7975410480460478,-40.45771107565292,-0.6066164403370038,0
9944,95.77144324224824,10.849956938361165,-0.3666572072708503,-34.45854938913975,-0.3247313315402215,0
9945,62.63426375380282,7.043444648511384,-2.4912659394558823,-48.51203779960803,-0.6033359610871615,0
9946,49.07933120100009,7.48062360029913,-3.0611754003047515,-38.82465401606302,-0.5654683791637336,0
9947,80.36429594573627,8.758644165181645,-3.0225209625173615,-43.57406351521843,-0.06364356195190751,0
9948,84.4628537095156,9.494462411624868,-3.213716061985746,-36.26916924102195,-0.15402784405326658,0
9949,109.3325948300815,9.267734415247963,-6.356817719146731,-37.032430330466575,0.036945639307729636,0
9950,94.73944973084136,6.468285597112075,-4.273131038249221,-46.125599298982785,-0.12624394458619084,0
9951,75.22150709170421,9.864833660624445,-5.457648408526743,-45.106623639057524,0.10025246422235662,0
9952,45.46042975857528,8.67104913951347,-3.7739934548601255,-40.533860746893666,0.48674854280872465,0
9953,35.993607394945414,8.413491676612033,-6.442525487399968,-40.50802710817812,0.4448611193123702,0
9954,51.6919936214415,9.772525582442597,-1.6784012908760833,-58.19586699322302,0.6784642971191387,0
9955,51.48499466073855,7.892368018370293,-4.36589125530768,-41.77612357343082,0.27737508886683027,0
9956,35.941008544126106,7.627949243660902,-1.2671144975699409,-38.36343326864811,0.3439462742960869,0
9957,-2.3099673938307568,4.726370795209691,-1.8760607697375138,-45.671124858786555,0.2726044433410104,0
9958,21.490286087461904,13.48547210992528,-1.66330890267657,-42.53283949305188,0.08511004571558206,0
9959,7.00539584941977,11.111176538378222,0.4163790421482877,-41.20557803076183,0.09681623292740514,0
9960,-32.90079298836418,9.749908027826244,2.1702672242939824,-46.787988068185754,-0.38643539236122815,0
9961,-37.03374669085353,8.607758775529184,0.5328199995036389,-44.102242771597375,-0.19829436744657877,0
9962,-17.223974776162816,4.1240593287504055,3.648353377914336,-48.36813582364803,-0.17754034738271648,0
9963,-45.02093120655705,8.328299617594807,3.6783475556459435,-48.93120857639234,-0.6384265514956515,0
9964,-17.481748879946196,11.101865224250961,4.864202034888369,-52.19740696573305,-0.4197047907777778,0
9965,-47.68378725358599,11.415086041728612,4.723849749029733,-48.2243643750543,-0.40979270777407983,0
9966,-75.30409139929885,10.652104426291142,4.378834562643771,-39.835334079687684,-0.3019501939243104,0
9967,-72.98550607439917,9.497673432545753,3.878040237968375,-53.942527250652134,-0.32035747854083974,0
9968,-77.99644501370985,11.579059452372075,5.505286751536218,-46.48635118054108,0.09069784622265303,0
9969,-99.52265711665221,8.082234750067984,5.148729609953014,-48.08677588393344,0.3740285582396306,0
9970,-108.04851201334765,10.655841338608461,4.613884270548034,-42.41837193595242,0.2262098926936863,0
9971,-79.71362794793274,7.441243691371818,3.691824446081794,-41.55908739917953,0.3041581511062265,0
9972,-79.84400431756896,6.152549287980314,3.391408627722962,-54.5560358807501,0.3627528835845172,0
9973,-86.71519657594024,5.588046314014816,2.9377180679674044,-52.84684684167695,0.1837531090119508,0
9974,-69.53873451195454,5.136125078679466,-1.3208920306827068,-52.5948324722936,0.2075609923240282,0
9975,-110.73721235128158,8.230740613593968,-2.784541659867795,-52.41903158201457,0.2647913540085558,0
9976,-65.47479830304385,5.057322137382954,0.29458392588899995,-51.97141201380728,0.5070039033768752,0
9977,-115.04832424632781,4.090610687327672,-3.6882841581375954,-48.20499091950741,0.33304010180434745,0
9978,-114.38381068767622,7.182605449928139,-4.263778182192027,-54.13841686517546,0.5615467111471963,0
9979,-125.48895777021889,5.995157584447597,-4.16876817013879,-53.35665601035205,-0.38325536961451123,0
9980,-94.46322147350509,6.8351373006945355,-6.084015043198095,-53.6569462238864,-0.02293504732079993,0
9981,-90.02453650802204,5.493616562764602,-5.183907914895936,-47.12228740515253,-0.090488806173317,0
9982,-63.035283871793645,2.5094898682967726,-5.931250922469884,-49.76583327152004,-0.12789038477037643,0
9983,-61.54522280112748,3.705176158872145,-5.198648519819567,-50.49530239622178,-0.3815613081254561,0
9984,-82.48784413510488,3.331615026754754,-4.469677269914697,-53.320282305817564,-0.4034215348320099,0
9985,-58.1024412042649,0.7637076796708926,-4.687919407345505,-56.93359917257988,-0.4647751523470849,0
9986,-48.79463600724609,-0.09305270754925843,-4.160094306171403,-40.53854049571515,-0.39097015425471443,0
9987,-67.58921031536546,0.26363687541576586,-2.779576652571202,-49.903250055344735,-0.4189355430946158,0
9988,-42.07224121058073,5.203065806099007,-1.1437076520595115,-34.651168680169306,0.10907582023962481,0
9989,-28.028974558607374,-0.19359026087535602,0.3517665297059742,-44.064412422738705,-0.06960875995425575,0
9990,26.026425122712514,2.598048929421794,-0.4830531298358969,-38.48767297910041,-0.00017618062564894038,0
9991,11.176004427529783,-1.3049189726892951,2.5576025908471993,-42.353015573815824,-0.03821320157758021,0
9992,30.51002187285091,0.9110851884152315,2.5774376158439054,-46.19545846029158,0.1802455136452773,0
9993,-2.9589290907352748,0.4415623933299273,1.3689368999927178,-49.62511972716569,0.6678044745681858,0
9994,60.375291802169784,0.04833947323588661,2.136260187730481,-51.15117009102948,-0.04681248758202594,0
9995,71.62565866092231,-1.5699663466998781,3.481257336614545,-40.28034783497724,0.5057312886449901,0
9996,14.293677045595338,-0.07380453020466504,6.002424525316364,-44.14671425110202,0.48941499062617605,1
9997,48.269047155106165,-2.547676534965215,4.374022659157078,-41.96447272127216,0.5502813611341114,0
9998,79.78226414394703,-0.34491256059980113,3.1062361698727816,-40.53093563877772,0.41895153404735286,0
9999,89.54820530834294,-7.469971205623764,4.693633676434154,-42.36341543667164,0.552029203969459,0
